100
1 789 49 54
2 83 17 66
3 996 26 39
4 977 23 75
5 448 33 18
6 578 9 97
7 195 40 33
8 1091 46 78
9 301 20 13
10 152 58 88
11 677 31 72
12 207 23 56
13 648 40 82
14 419 36 62
15 907 56 67
16 534 4 71
17 29 6 93
18 817 46 86
19 1281 1 79
20 1011 53 43
21 500 47 42
22 129 13 73
23 455 16 19
24 1113 29 12
25 165 21 66
26 1003 7 39
27 1129 19 91
28 256 36 43
29 1107 14 78
30 1121 38 37
31 912 6 77
32 789 21 74
33 496 19 24
34 388 53 24
35 68 40 85
36 533 31 9
37 184 44 97
38 267 57 20
39 80 54 11
40 1433 60 70
41 1400 26 91
42 1075 18 67
43 483 55 28
44 1392 38 54
45 1188 18 58
46 1009 43 83
47 1435 59 46
48 169 21 79
49 237 32 76
50 1291 22 25
51 498 2 94
52 556 8 91
53 452 24 22
54 682 28 8
55 207 51 19
56 1429 15 6
57 1176 41 69
58 1234 44 10
59 55 8 82
60 387 39 74
61 246 26 12
62 759 54 15
63 75 39 3
64 399 12 92
65 254 31 27
66 126 60 87
67 47 35 55
68 1271 7 34
69 144 15 10
70 1325 20 45
71 894 12 8
72 1032 30 6
73 1222 7 90
74 802 13 34
75 735 58 94
76 964 54 73
77 347 45 87
78 417 50 8
79 1385 11 21
80 702 34 33
81 241 39 57
82 1364 12 2
83 966 44 53
84 1166 56 66
85 638 42 46
86 796 54 85
87 514 10 72
88 1415 1 59
89 162 22 95
90 94 35 36
91 277 16 98
92 987 23 79
93 590 44 46
94 1209 58 82
95 1272 9 92
96 636 25 96
97 849 54 84
98 166 1 77
99 394 45 43
100 328 16 29