149
1 980 11 82.989
2 1141 40 31.128
3 848 19 63.739
4 604 51 20.406
5 1056 26 78.128
6 17 31 32.573
7 539 4 14.273
8 1342 51 35.854
9 1159 51 82.765
10 1054 11 24.475
11 1185 26 52.561
12 346 24 6.446
13 1376 43 38.627
14 673 36 96.962
15 348 45 3.347
16 1359 39 19.626
17 820 2 43.292
18 1 11 68.751
19 151 24 51.62
20 82 39 7.13
21 1200 37 32.052
22 988 33 78.884
23 466 20 36.727
24 972 44 37.393
25 894 38 43.521
26 949 47 24.535
27 244 23 88.454
28 949 26 95.183
29 913 58 27.569
30 502 6 68.81
31 80 4 94.697
32 712 50 80.971
33 1312 54 37.927
34 446 36 14.042
35 743 20 15.815
36 669 49 3.8
37 1102 50 89.066
38 634 20 39.826
39 577 9 64.834
40 709 56 47.539
41 257 42 72.485
42 1348 29 94.86
43 23 49 78.257
44 921 38 87.822
45 751 50 93.867
46 1033 5 23.343
47 666 5 84.515
48 749 13 54.212
49 519 51 24.136
50 559 49 65.974
51 330 41 9.55
52 346 40 84.352
53 1197 16 58.205
54 115 2 91.612
55 1425 50 7.066
56 1073 55 10.885
57 735 24 1.911
58 174 56 20.581
59 372 30 87.89
60 1189 49 23.418
61 287 10 84.901
62 495 52 32.68
63 1320 56 51.608
64 1112 11 83.205
65 504 18 3.944
66 935 14 99.037
67 270 56 9.229
68 92 53 64.465
69 1271 44 29.413
70 225 45 81.3
71 753 38 9.156
72 842 20 18.926
73 1216 25 47.881
74 331 23 64.762
75 124 1 2.799
76 561 6 74.656
77 234 52 5.142
78 515 24 29.229
79 83 26 5.569
80 70 47 49.403
81 142 34 26.87
82 815 2 89.352
83 1186 59 58.226
84 451 16 80.532
85 473 1 87.045
86 1180 16 57.434
87 582 1 25.573
88 644 40 85.434
89 779 5 52.908
90 39 29 6.214
91 873 56 84.377
92 728 38 20.256
93 836 44 1.202
94 791 25 59.317
95 682 58 84.776
96 392 8 73.738
97 461 39 41.075
98 691 35 8.336
99 247 33 56.985
100 1072 26 31.346
101 595 7 39.609
102 978 22 69.969
103 42 5 15.343
104 485 48 70.568
105 155 10 26.943
106 1036 22 47.134
107 1171 7 63.802
108 1018 33 61.531
109 598 53 88.511
110 1393 21 21.472
111 1030 42 72.602
112 846 28 20.212
113 584 41 69.665
114 904 37 51.418
115 104 9 61.785
116 1224 23 12.695
117 192 13 89.706
118 253 4 25.563
119 1099 36 7.889
120 451 16 14.041
121 906 19 89.962
122 976 3 18.502
123 1171 12 25.397
124 961 54 21.447
125 948 4 56.451
126 1000 26 19.174
127 1011 40 65.442
128 1193 11 5.655
129 861 37 56.849
130 1380 59 28.202
131 740 55 41.584
132 644 59 11.222
133 619 58 82.303
134 1423 29 96.781
135 164 41 39.524
136 729 30 39.44
137 464 32 9.302
138 1056 14 5.916
139 1075 2 4.507
140 916 42 1.893
141 991 20 9.292
142 641 31 40.061
143 1310 19 94.325
144 19 24 43.279
145 1060 34 52.633
146 788 17 77.96
147 992 41 71.45
148 290 37 32.852
149 860 26 8.626
