114
1 98 42 26.055 
2 1255 9 16.382 
3 207 59 32.373 
4 157 10 58.664 
5 941 13 84.076 
6 104 10 90.66 
7 145 52 29.841 
8 770 7 6.689 
9 573 53 67.907 
10 86 22 3.248 
11 926 56 49.728 
12 1294 18 97.518 
13 59 49 68.662 
14 628 48 96.061 
15 1061 30 4.388 
16 279 8 84.74 
17 537 50 66.647 
18 503 51 88.119 
19 899 18 98.42 
20 150 45 49.471 
21 751 42 61.147 
22 268 9 84.744 
23 428 9 89.663 
24 186 54 45.092 
25 417 10 77.114 
26 552 22 41.66 
27 1176 42 43.023 
28 213 18 50.29 
29 673 49 50.369 
30 207 42 69.014 
31 627 35 65.738 
32 543 47 61.487 
33 1145 20 58.658 
34 988 16 40.558 
35 97 55 94.008 
36 1026 38 34.424 
37 679 54 77.475 
38 12 16 34.43 
39 406 4 39.083 
40 118 33 89.435 
41 1286 42 99.295 
42 1064 59 76.466 
43 897 59 28.898 
44 636 53 44.479 
45 959 47 24.595 
46 393 31 13.125 
47 686 32 16.068 
48 1212 42 26.657 
49 652 49 63.638 
50 230 13 94.149 
51 296 14 95.082 
52 795 23 38.759 
53 603 43 45.731 
54 691 8 81.872 
55 1210 41 41.505 
56 1199 39 78.219 
57 374 45 94.385 
58 735 52 39.512 
59 264 23 53.426 
60 630 37 92.282 
61 378 17 69.453 
62 388 11 86.051 
63 1035 53 66.786 
64 405 2 63.87 
65 189 25 47.101 
66 1104 60 13.688 
67 668 24 61.38 
68 632 4 52.162 
69 151 13 83.093 
70 1148 7 93.764 
71 1106 27 93.891 
72 914 29 45.583 
73 1188 41 47.255 
74 55 45 89.568 
75 499 23 89.805 
76 1039 9 45.193 
77 770 51 8.396 
78 910 16 50.15 
79 255 2 99.374 
80 163 46 71.374 
81 1047 12 41.844 
82 898 57 20.105 
83 321 58 0.285 
84 505 26 74.922 
85 618 21 27.336 
86 143 22 43.506 
87 559 42 9.628 
88 1222 41 59.562 
89 389 47 54.613 
90 341 57 75.255 
91 15 21 65.061 
92 1143 45 55.627 
93 291 23 56.143 
94 977 31 12.637 
95 731 11 50.368 
96 1187 24 1.193 
97 1190 8 47.514 
98 567 42 12.087 
99 1303 40 40.022 
100 1364 52 23.19 
101 1064 23 92.345 
102 248 33 35.146 
103 477 14 90.929 
104 317 6 90.585 
105 239 4 47.244 
106 1007 39 83.989 
107 166 15 77.869 
108 153 36 30.739 
109 530 20 35.872 
110 976 57 42.631 
111 137 32 79.681 
112 1322 31 66.24 
113 51 34 94.251 
114 110 37 84.276 
