149
1 514 20 71.001
2 218 10 13.743
3 723 49 90.000
4 660 41 27.026
5 28 7 34.540
6 988 15 46.984
7 452 12 99.204
8 133 6 70.483
9 179 1 82.484
10 410 11 69.905
11 967 38 58.203
12 248 35 32.941
13 1111 49 43.524
14 1028 13 94.088
15 1204 8 20.209
16 458 2 89.095
17 1030 12 89.522
18 1168 32 55.898
19 211 4 4.812
20 43 11 53.124
21 418 38 74.588
22 235 56 47.165
23 555 15 2.983
24 884 31 15.955
25 1057 45 94.638
26 438 22 49.618
27 204 49 3.129
28 1354 30 70.547
29 16 39 22.405
30 940 13 6.580
31 1159 5 80.883
32 1430 53 96.828
33 865 19 89.709
34 386 52 89.308
35 635 10 57.531
36 525 59 59.621
37 1178 20 21.381
38 362 44 79.969
39 804 13 59.801
40 626 17 45.306
41 1322 49 73.318
42 396 35 98.368
43 1010 42 7.205
44 1366 54 25.916
45 890 46 90.967
46 452 32 45.388
47 1238 41 12.209
48 167 10 92.992
49 1028 8 83.894
50 128 34 22.492
51 1367 36 3.191
52 219 5 47.766
53 167 14 7.129
54 211 22 13.712
55 1397 30 70.515
56 554 32 69.100
57 28 52 50.623
58 1110 35 84.220
59 36 32 91.967
60 968 7 6.081
61 1253 19 64.422
62 156 58 57.861
63 74 48 15.416
64 1289 19 58.322
65 697 48 89.050
66 2 7 84.986
67 9 21 63.746
68 1023 37 13.711
69 1378 59 18.125
70 30 10 1.434
71 323 25 79.948
72 843 16 10.762
73 1420 37 93.358
74 145 14 9.730
75 1257 57 48.714
76 559 4 80.670
77 1201 19 20.888
78 1432 57 84.322
79 1037 38 14.956
80 603 38 2.794
81 653 39 2.249
82 721 4 14.157
83 1350 52 69.396
84 1243 21 76.569
85 324 11 93.346
86 47 33 47.886
87 406 45 86.665
88 100 8 72.641
89 487 54 40.401
90 921 42 99.730
91 1162 50 82.365
92 1351 8 76.571
93 166 33 93.152
94 50 18 7.276
95 277 51 2.069
96 1402 34 79.535
97 665 28 62.441
98 766 51 6.456
99 1290 13 67.487
100 321 35 2.194
101 273 36 71.880
102 71 50 3.462
103 851 27 82.836
104 609 30 60.261
105 273 19 51.397
106 708 24 78.564
107 1106 46 47.908
108 206 56 93.309
109 410 40 34.260
110 1304 46 52.572
111 1388 25 33.431
112 909 48 81.929
113 185 52 48.567
114 1089 45 83.136
115 1164 34 48.993
116 510 15 72.643
117 1017 39 39.182
118 825 2 35.092
119 1372 2 74.169
120 1357 8 14.789
121 1185 52 16.785
122 1420 39 86.779
123 28 48 29.412
124 510 11 89.117
125 684 38 6.940
126 1249 34 92.524
127 1265 10 34.883
128 876 55 73.932
129 202 43 63.999
130 1293 44 20.417
131 1349 55 42.574
132 498 27 51.362
133 1214 36 22.156
134 540 52 24.079
135 902 1 29.931
136 1178 20 3.694
137 448 55 79.153
138 719 14 87.267
139 1372 3 11.627
140 947 37 87.716
141 953 32 46.846
142 990 38 0.972
143 1129 46 60.232
144 1285 11 3.590
145 1202 26 57.302
146 975 20 94.105
147 798 3 26.209
148 381 8 94.060
149 620 22 83.069