150
1 699 20 16
2 734 14 36
3 1181 26 39
4 1067 2 31
5 1392 20 71
6 105 59 52
7 1276 50 90
8 572 27 67
9 1378 25 55
10 464 7 81
11 287 37 68
12 291 37 71
13 348 52 52
14 321 4 43
15 1202 30 49
16 232 32 76
17 700 58 10
18 756 31 24
19 586 26 53
20 907 15 40
21 398 34 2
22 1334 34 59
23 1328 38 16
24 694 58 93
25 1017 14 78
26 825 2 6
27 125 27 30
28 864 35 10
29 493 27 41
30 1362 38 89
31 240 15 67
32 777 12 36
33 434 4 65
34 1099 16 18
35 346 41 15
36 709 10 2
37 990 24 89
38 1082 54 5
39 282 59 32
40 500 12 61
41 184 16 51
42 306 8 48
43 843 38 58
44 947 6 39
45 250 56 82
46 707 48 30
47 771 24 89
48 632 35 22
49 441 36 19
50 1111 44 67
51 1373 55 46
52 1154 54 32
53 792 19 57
54 590 37 84
55 406 25 5
56 669 11 20
57 670 47 60
58 442 5 20
59 1207 27 20
60 58 27 9
61 1155 40 14
62 1399 35 37
63 528 23 14
64 437 18 54
65 848 10 84
66 758 56 10
67 60 22 9
68 309 20 54
69 1308 29 85
70 460 56 21
71 720 17 12
72 137 5 85
73 680 37 63
74 821 19 50
75 751 43 89
76 947 15 56
77 1016 1 68
78 372 39 61
79 895 13 91
80 1065 36 81
81 826 18 20
82 395 4 62
83 1380 17 53
84 567 4 86
85 978 13 45
86 642 20 14
87 1344 20 38
88 838 40 87
89 596 16 65
90 1030 9 37
91 937 48 47
92 905 19 30
93 994 22 17
94 1032 34 78
95 85 26 10
96 310 10 19
97 348 3 29
98 943 7 89
99 1387 45 63
100 804 38 17
101 1366 47 52
102 980 15 69
103 936 4 47
104 1288 35 50
105 1041 57 41
106 543 28 70
107 541 25 82
108 764 33 76
109 710 32 57
110 560 51 77
111 1189 9 2
112 622 13 74
113 799 60 21
114 297 28 17
115 1193 1 79
116 317 51 59
117 815 42 97
118 285 49 63
119 188 24 14
120 766 43 64
121 142 41 32
122 1084 13 60
123 527 25 79
124 1139 30 85
125 1090 47 17
126 1385 1 97
127 680 18 93
128 1385 43 5
129 454 27 74
130 587 2 4
131 1175 47 4
132 1179 44 76
133 1106 55 87
134 38 42 23
135 174 40 65
136 562 22 1
137 120 15 8
138 489 42 68
139 515 44 27
140 307 16 20
141 467 42 2
142 1003 45 34
143 633 57 6
144 1330 40 39
145 1065 53 66
146 973 42 98
147 1388 53 94
148 732 18 15
149 1030 57 67
150 1095 60 43