150
1 316 29 87.06
2 1390 49 30.24
3 1099 55 15.57
4 613 2 59.06
5 1104 43 79.6
6 397 9 35.32
7 61 47 16.32
8 953 13 44.26
9 670 55 94.23
10 261 2 45.58
11 1074 43 3.68
12 897 37 18.55
13 528 34 80.92
14 507 47 38.49
15 1237 25 11.76
16 1119 16 65.3
17 577 2 23.53
18 859 9 43.82
19 1341 37 94.06
20 192 48 49.89
21 157 25 94.37
22 634 53 24.0
23 699 5 88.29
24 935 24 70.68
25 1393 47 5.44
26 1025 47 18.53
27 86 35 75.9
28 448 34 51.03
29 843 29 49.31
30 918 46 3.93
31 105 39 46.54
32 1189 33 3.95
33 144 27 60.87
34 565 6 5.21
35 585 19 60.88
36 1230 45 66.18
37 1401 11 53.41
38 1220 38 14.78
39 896 48 21.29
40 672 57 39.1
41 476 35 56.74
42 195 37 32.56
43 79 8 99.45
44 157 17 79.93
45 125 50 20.07
46 1021 59 93.93
47 1213 19 61.42
48 513 36 12.36
49 377 59 6.96
50 712 51 80.57
51 792 27 17.98
52 1431 47 32.12
53 918 15 60.86
54 235 26 49.03
55 1142 51 55.35
56 307 17 85.07
57 177 55 96.94
58 1346 23 57.29
59 813 49 61.92
60 84 23 3.26
61 643 33 33.47
62 662 1 29.4
63 209 50 81.63
64 1043 23 82.79
65 572 11 91.52
66 141 54 66.66
67 927 12 93.18
68 1361 15 1.59
69 127 33 47.07
70 166 23 81.01
71 749 11 27.29
72 1440 16 21.55
73 1164 30 25.14
74 76 57 28.13
75 483 16 49.94
76 262 1 32.64
77 1093 40 9.86
78 1022 45 24.77
79 136 6 73.71
80 988 47 9.32
81 825 28 20.35
82 602 37 89.27
83 1275 30 31.36
84 884 51 37.95
85 661 35 62.15
86 783 52 47.67
87 114 38 48.88
88 103 24 78.02
89 277 2 61.43
90 733 28 10.95
91 856 58 88.18
92 706 14 28.23
93 1194 43 69.96
94 1073 27 19.39
95 674 38 49.2
96 286 35 32.28
97 358 4 59.96
98 320 15 82.59
99 361 8 99.65
100 104 55 45.2
101 844 38 48.77
102 680 42 41.36
103 474 41 34.75
104 182 54 27.8
105 456 8 13.1
106 964 5 64.47
107 935 4 78.85
108 1208 22 10.79
109 790 18 39.09
110 1257 14 71.78
111 772 22 44.76
112 243 37 76.43
113 958 31 76.85
114 1329 51 13.25
115 1297 25 53.36
116 1178 41 33.59
117 99 23 69.55
118 839 32 68.14
119 471 51 32.44
120 531 14 99.18
121 859 12 73.59
122 1287 9 12.09
123 357 8 69.2
124 267 43 5.27
125 372 16 49.96
126 257 60 54.65
127 341 21 48.21
128 562 59 63.77
129 1286 36 77.99
130 260 40 61.18
131 609 10 31.86
132 1350 56 84.86
133 1277 22 8.8
134 122 7 76.67
135 98 54 75.59
136 1387 55 48.07
137 1297 41 18.61
138 554 48 83.55
139 146 21 0.93
140 710 8 28.04
141 1010 37 77.05
142 422 46 48.69
143 105 59 94.44
144 539 16 99.19
145 474 14 80.0
146 1076 15 34.2
147 1076 10 91.85
148 201 24 66.44
149 547 52 10.3
150 403 22 76.7