112
1 196 26 88.976
2 546 49 36.827
3 344 19 53.34
4 639 14 18.837
5 176 33 7.596
6 1423 55 25.97
7 233 8 24.23
8 172 45 21.132
9 462 12 58.819
10 1100 23 48.175
11 375 16 38.259
12 382 12 36.678
13 471 41 80.486
14 858 47 35.999
15 1022 26 58.345
16 1044 7 38.708
17 331 15 80.223
18 933 36 73.807
19 55 20 72.499
20 115 8 97.663
21 1110 34 76.821
22 98 37 74.283
23 888 5 57.079
24 444 40 41.867
25 1265 34 4.039
26 449 58 42.643
27 390 45 16.841
28 129 40 45.499
29 833 19 23.722
30 305 47 58.515
31 1245 16 12.036
32 153 30 1.899
33 557 40 88.803
34 282 35 77.375
35 885 54 52.33
36 417 32 81.406
37 14 27 18.063
38 1000 48 95.912
39 1115 3 56.172
40 299 16 20.235
41 875 40 35.912
42 1049 1 25.773
43 1363 9 97.465
44 734 1 7.666
45 764 48 16.846
46 32 24 60.441
47 490 9 2.403
48 548 57 40.801
49 1132 12 28.484
50 342 54 56.399
51 90 35 45.074
52 942 29 66.727
53 1435 36 23.079
54 680 24 58.717
55 844 44 92.399
56 566 42 72.833
57 13 17 33.937
58 1288 44 76.334
59 272 37 13.026
60 1313 50 51.313
61 718 14 73.356
62 1175 28 44.626
63 308 13 78.239
64 699 9 62.27
65 633 42 93.686
66 1074 31 60.361
67 231 50 89.718
68 860 57 36.136
69 647 27 28.737
70 104 22 33.479
71 1012 17 87.125
72 52 49 32.746
73 634 30 9.073
74 963 20 92.043
75 58 47 85.018
76 167 28 62.09
77 187 6 40.143
78 1088 25 52.776
79 1221 9 94.987
80 1167 53 65.362
81 1318 38 38.28
82 760 41 87.491
83 1189 31 20.69
84 249 12 14.319
85 1226 4 52.236
86 806 28 81.953
87 1080 34 48.369
88 329 56 1.785
89 109 33 1.172
90 883 39 43.353
91 189 8 61.503
92 963 52 72.113
93 30 3 56.621
94 272 12 77.255
95 76 2 11.617
96 1116 32 28.968
97 1230 21 17.712
98 1049 52 47.985
99 1223 17 2.55
100 1191 58 42.435
101 3 8 38.765
102 696 1 18.062
103 1116 2 12.641
104 796 35 3.526
105 441 52 90.996
106 157 17 78.737
107 788 53 86.35
108 31 49 79.536
109 1396 41 75.697
110 897 59 82.659
111 319 48 4.925
112 554 3 57.022
