139
1 595 34 73.345
2 1297 44 28.674
3 32 24 1.688
4 643 48 71.752
5 1417 30 90.197
6 48 40 0.816
7 553 46 87.82
8 1434 28 32.383
9 441 23 20.325
10 954 29 63.437
11 604 60 2.295
12 205 58 67.749
13 863 57 34.072
14 1393 44 97.771
15 254 42 24.278
16 687 33 30.171
17 1234 56 88.17
18 105 51 99.512
19 714 26 31.222
20 562 50 3.066
21 138 44 57.845
22 658 30 99.605
23 1088 46 92.578
24 416 55 80.197
25 623 54 78.718
26 954 49 65.693
27 415 50 34.492
28 685 45 97.564
29 563 30 98.774
30 402 23 67.467
31 628 36 13.183
32 1169 32 3.695
33 317 56 41.485
34 485 44 82.989
35 1325 24 23.319
36 273 60 13.108
37 958 49 30.43
38 828 47 33.355
39 291 50 17.106
40 525 35 0.866
41 707 40 29.315
42 402 46 20.475
43 955 59 85.707
44 1112 54 70.07
45 245 24 63.857
46 661 45 80.288
47 1410 35 79.395
48 233 36 29.585
49 873 45 50.63
50 697 36 32.262
51 462 54 45.669
52 575 35 11.697
53 979 48 37.462
54 226 57 32.26
55 631 37 21.403
56 1403 46 76.469
57 371 32 22.742
58 815 29 33.935
59 683 59 52.444
60 249 48 35.232
61 498 21 66.976
62 942 42 91.214
63 101 46 35.528
64 566 45 43.093
65 1101 49 97.956
66 434 30 93.6
67 936 21 25.145
68 948 24 1.032
69 279 32 75.186
70 691 31 47.799
71 1219 51 56.172
72 186 37 41.85
73 688 36 22.938
74 1192 53 74.192
75 66 32 47.455
76 947 44 24.113
77 681 36 36.231
78 94 60 28.477
79 627 47 73.355
80 984 53 43.047
81 448 28 26.749
82 505 36 15.428
83 1079 22 17.742
84 67 38 75.708
85 900 34 25.347
86 1058 45 27.25
87 122 41 95.154
88 906 40 3.379
89 791 22 70.007
90 278 52 60.925
91 927 23 45.237
92 774 55 94.18
93 472 38 47.032
94 524 45 31.148
95 954 42 36.31
96 455 33 68.064
97 742 58 49.279
98 712 20 79.69
99 89 24 43.481
100 940 43 54.996
101 979 35 52.796
102 153 60 10.09
103 918 60 3.567
104 1037 31 30.86
105 73 55 67.044
106 516 31 65.369
107 1327 37 77.208
108 227 31 10.361
109 545 27 48.716
110 729 25 49.013
111 387 27 59.288
112 533 21 63.98
113 554 51 48.547
114 301 50 5.316
115 573 35 2.831
116 871 50 19.259
117 99 40 21.552
118 777 51 51.512
119 777 42 73.177
120 442 36 31.672
121 674 30 88.267
122 907 52 27.361
123 56 43 79.516
124 758 33 40.739
125 564 48 61.741
126 279 20 73.892
127 731 24 49.394
128 1367 53 89.568
129 317 51 38.148
130 787 50 28.299
131 642 58 36.128
132 277 53 98.468
133 941 20 81.57
134 867 60 22.447
135 57 39 23.259
136 832 31 56.094
137 1315 41 29.248
138 427 54 29.685
139 631 47 42.648
