150
1 473 33 56
2 499 5 18
3 705 27 18
4 1101 36 11
5 1432 53 62
6 1148 36 12
7 128 23 30
8 1385 17 36
9 1117 28 20
10 419 17 21
11 1011 56 15
12 994 16 55
13 851 1 26
14 346 33 93
15 1151 60 74
16 904 43 3
17 420 53 79
18 1069 50 70
19 819 4 63
20 1353 27 13
21 163 49 61
22 870 22 13
23 1124 50 48
24 391 2 13
25 1361 38 80
26 531 46 44
27 1325 1 80
28 545 24 31
29 676 9 79
30 904 39 25
31 434 30 11
32 1140 22 82
33 1079 25 38
34 305 47 34
35 1368 22 59
36 968 44 78
37 990 20 27
38 979 60 49
39 717 50 58
40 1200 19 70
41 158 14 77
42 38 53 41
43 1234 46 13
44 1029 22 19
45 241 41 73
46 267 31 63
47 23 56 24
48 1355 5 11
49 171 49 25
50 1212 59 7
51 1399 33 85
52 750 48 7
53 1139 33 26
54 441 57 56
55 100 51 34
56 617 42 65
57 480 48 28
58 1045 42 2
59 36 19 41
60 269 5 6
61 406 5 54
62 606 33 7
63 1016 25 17
64 508 45 81
65 456 44 43
66 999 25 54
67 10 15 33
68 449 34 38
69 1230 2 47
70 1203 22 45
71 1108 50 55
72 910 21 2
73 1048 11 71
74 815 52 88
75 306 60 66
76 1019 1 66
77 719 35 15
78 214 39 91
79 832 1 67
80 705 33 75
81 13 22 74
82 893 18 78
83 1283 49 19
84 77 26 6
85 902 56 31
86 795 17 87
87 1297 51 23
88 822 8 90
89 191 1 90
90 1353 18 98
91 1228 39 92
92 143 59 63
93 662 54 76
94 1430 44 30
95 582 27 58
96 913 50 45
97 918 25 12
98 340 49 2
99 271 30 5
100 925 4 29
101 750 24 35
102 348 40 68
103 1225 8 24
104 64 5 99
105 118 18 13
106 1219 20 96
107 274 18 82
108 1251 31 16
109 988 56 29
110 733 32 96
111 268 58 3
112 541 14 5
113 578 56 47
114 1333 33 95
115 576 8 66
116 1398 34 90
117 496 59 58
118 1117 6 2
119 990 3 86
120 625 53 38
121 1397 58 68
122 321 42 86
123 1027 8 96
124 949 43 66
125 566 49 49
126 44 47 79
127 1098 14 65
128 438 16 83
129 623 33 42
130 156 46 7
131 1411 11 27
132 1033 10 6
133 1246 12 96
134 393 10 36
135 970 36 62
136 1252 28 64
137 816 5 29
138 800 10 8
139 445 36 79
140 197 30 49
141 767 11 67
142 1142 25 73
143 452 4 23
144 403 46 2
145 210 15 86
146 1046 30 78
147 400 25 8
148 838 51 18
149 528 52 75
150 118 9 7
