150
1 364 47 33.23
2 150 55 50.36
3 66 50 76.17
4 192 52 36.95
5 70 46 8.41
6 184 53 12.5
7 50 57 16.79
8 12 54 27.59
9 74 52 0.47
10 381 49 8.72
11 265 54 38.14
12 325 59 35.81
13 432 49 69.84
14 368 49 9.5
15 44 45 45.21
16 63 53 92.46
17 99 51 65.41
18 219 56 17.6
19 166 55 69.44
20 6 53 16.7
21 238 45 22.29
22 296 45 26.26
23 281 51 27.78
24 253 46 65.05
25 169 50 15.98
26 324 50 20.46
27 120 45 73.85
28 285 56 64.29
29 104 50 30.26
30 422 46 44.87
31 279 58 12.32
32 67 56 41.31
33 266 49 40.77
34 431 49 77.87
35 133 55 3.52
36 22 56 4.68
37 381 51 96.58
38 359 57 70.61
39 270 57 7.69
40 228 53 36.71
41 207 51 56.22
42 32 52 3.45
43 281 51 8.12
44 24 48 57.73
45 243 55 8.98
46 179 52 12.41
47 225 54 13.24
48 149 52 0.37
49 253 50 57.26
50 366 50 50.07
51 359 59 41.47
52 200 45 71.03
53 280 47 76.63
54 351 51 61.24
55 173 56 22.78
56 334 46 10.44
57 349 58 58.3
58 39 51 74.41
59 11 47 33.89
60 169 58 13.88
61 90 59 3.55
62 405 49 12.72
63 413 52 4.97
64 148 58 68.11
65 373 59 50.59
66 275 58 63.32
67 159 46 46.63
68 70 45 13.36
69 94 50 17.75
70 318 54 53.79
71 433 59 57.69
72 374 52 65.96
73 193 55 1.04
74 321 57 72.47
75 101 48 9.16
76 384 49 19.16
77 388 58 91.13
78 389 59 83.6
79 141 45 33.28
80 32 49 93.56
81 410 55 85.95
82 369 53 34.52
83 251 55 41.61
84 263 50 78.12
85 101 54 79.39
86 135 48 78.33
87 193 59 90.41
88 128 52 82.92
89 105 45 42.48
90 236 45 3.28
91 352 47 37.77
92 169 53 31.57
93 352 53 78.49
94 197 56 2.91
95 412 52 20.49
96 27 48 57.11
97 425 49 26.89
98 143 57 19.88
99 122 58 98.8
100 273 54 6.54
101 365 50 1.45
102 15 54 31.73
103 418 51 70.98
104 320 58 17.17
105 71 54 39.22
106 222 57 56.55
107 407 56 6.89
108 424 57 41.31
109 148 45 43.47
110 90 45 76.34
111 234 54 59.42
112 123 53 3.4
113 220 51 8.61
114 406 56 95.46
115 380 50 14.69
116 373 49 62.25
117 335 54 83.82
118 312 57 56.51
119 357 54 75.0
120 427 50 63.28
121 64 45 94.26
122 96 54 65.58
123 271 52 6.32
124 395 57 92.39
125 130 52 91.52
126 219 56 21.03
127 359 54 19.91
128 423 50 59.65
129 249 59 39.58
130 350 58 75.32
131 355 52 96.27
132 7 48 62.51
133 185 49 9.06
134 63 56 95.02
135 218 57 12.45
136 250 54 70.85
137 336 56 33.01
138 58 46 85.15
139 263 45 19.79
140 87 58 68.91
141 274 49 56.88
142 45 56 25.68
143 266 59 87.57
144 120 58 24.64
145 109 56 35.67
146 352 57 58.84
147 160 58 99.01
148 3 45 82.01
149 141 46 30.12
150 364 45 69.85
