150   
1 45 19 93
2 705 44 7
3 425 54 68
4 365 18 26
5 640 35 12
6 630 33 12
7 290 50 83
8 10 10 64
9 120 14 39
10 205 32 68
11 595 54 26
12 610 54 22
13 605 44 20
14 445 44 54
15 430 46 57
16 475 58 63
17 680 42 11
18 460 57 66
19 175 44 99
20 5 14 99
21 330 40 61
22 360 29 42
23 130 13 32
24 145 25 61
25 85 29 96
26 25 15 85
27 495 20 19
28 115 25 74
29 390 16 22
30 570 12 7
31 620 53 20
32 450 28 34
33 395 33 45
34 735 37 2
35 75 16 56
36 220 16 32
37 350 23 34
38 690 20 4
39 465 58 67
40 325 54 83
41 225 11 22
42 695 25 5
43 135 13 32
44 560 43 26
45 50 18 80
46 400 55 75
47 645 27 9
48 55 22 94
49 260 24 44
50 250 33 63
51 675 26 7
52 265 51 91
53 275 58 98
54 270 25 44
55 230 39 78
56 375 52 74
57 715 58 9
58 95 28 87
59 215 28 57
60 575 24 14
61 480 44 47
62 255 40 76
63 80 28 94
64 585 53 27
65 470 31 34
66 520 49 37
67 245 35 67
68 625 48 18
69 20 16 93
70 405 33 44
71 295 45 74
72 720 34 5
73 635 28 10
74 310 53 85
75 525 54 39
76 140 13 32
77 580 30 16
78 355 49 71
79 670 52 15
80 485 51 54
81 60 10 42
82 70 10 39
83 410 46 61
84 125 23 62
85 110 18 54
86 100 32 98
87 195 22 49
88 155 35 84
89 650 36 12
90 530 53 38
91 600 42 20
92 565 20 12
93 190 42 94
94 510 41 35
95 730 34 2
96 515 51 41
97 685 43 11
98 235 25 49
99 285 35 59
100 150 31 75
101 740 46 2
102 185 33 74
103 590 55 27
104 335 33 50
105 725 49 4
106 745 58 2
107 340 34 51
108 280 45 76
109 615 59 24
110 200 42 91
111 320 51 79
112 385 17 24
113 555 13 8
114 505 41 38
115 420 42 53
116 550 29 18
117 655 21 7
118 305 23 37
119 210 34 70
120 300 22 36
121 435 30 37
122 65 22 89
123 415 57 72
124 240 40 78
125 455 60 72
126 500 28 26
127 535 26 18
128 30 10 52
129 710 57 9
130 180 41 92
131 490 58 57
132 540 15 10
133 545 24 15
134 440 30 37
135 90 30 94
136 700 41 8
137 750 60 2
138 15 10 60
139 160 31 74
140 660 49 16
141 665 37 11
142 105 20 61
143 35 13 67
144 315 45 71
145 170 39 90
146 40 12 61
147 165 31 74
148 345 49 73
149 370 35 50
150 380 48 68
