150
1 644 28 18.62
2 1355 6 82.71
3 401 10 19.72
4 1031 4 25.24
5 581 8 32.43
6 1409 18 95.86
7 194 30 25.08
8 1103 28 87.8
9 554 18 66.6
10 1085 4 38.45
11 149 26 41.55
12 185 6 65.55
13 545 34 71.69
14 1355 32 68.38
15 1310 8 41.99
16 995 8 52.07
17 752 8 31.9
18 644 34 69.29
19 1076 20 61.45
20 599 12 36.97
21 734 26 44.74
22 950 24 33.86
23 158 28 76.76
24 608 8 33.38
25 653 34 41.61
26 203 22 72.03
27 1103 12 67.06
28 554 12 79.15
29 734 28 55.94
30 320 24 51.19
31 446 16 95.14
32 644 20 33.44
33 122 8 77.49
34 1022 28 65.24
35 815 24 50.65
36 662 26 51.91
37 1427 36 18.66
38 410 30 94.03
39 752 36 74.72
40 590 26 11.18
41 671 4 53.88
42 599 20 48.32
43 122 36 6.39
44 212 6 27.17
45 1337 8 50.9
46 689 24 39.89
47 1112 20 28.78
48 959 6 68.55
49 383 14 28.2
50 968 34 27.68
51 221 24 42.52
52 1148 6 60.85
53 1139 36 36.02
54 95 22 4.83
55 644 36 30.84
56 896 20 45.36
57 590 24 65.79
58 824 8 73.6
59 1157 36 42.1
60 1157 8 13.51
61 1265 10 76.16
62 797 36 25.21
63 1355 34 33.56
64 1256 24 1.1
65 644 20 92.31
66 644 8 22.13
67 824 4 87.44
68 590 10 20.37
69 140 16 98.77
70 329 18 68.21
71 275 36 28.14
72 1346 20 28.34
73 572 36 84.41
74 221 26 5.99
75 329 12 37.85
76 221 30 90.84
77 1292 26 48.33
78 212 10 4.67
79 293 36 53.98
80 527 8 86.62
81 77 8 78.46
82 671 22 5.02
83 428 16 53.26
84 860 18 66.31
85 977 16 6.02
86 950 18 5.58
87 1166 16 44.31
88 761 32 67.9
89 131 6 97.19
90 617 28 33.58
91 905 12 70.5
92 590 34 91.23
93 671 16 57.95
94 410 22 85.14
95 266 28 8.12
96 491 34 0.78
97 266 26 4.01
98 95 32 89.99
99 374 24 50.49
100 1076 30 10.07
101 806 26 34.36
102 419 14 49.01
103 95 4 6.15
104 968 28 29.01
105 1337 14 13.05
106 1202 30 46.2
107 941 18 81.59
108 878 36 28.92
109 59 26 97.3
110 1391 14 19.14
111 203 24 39.32
112 401 6 94.81
113 1112 12 31.84
114 257 6 35.21
115 1166 4 58.68
116 725 8 44.78
117 1067 30 67.67
118 239 4 21.87
119 446 34 14.06
120 293 14 44.42
121 734 6 42.0
122 878 22 56.98
123 86 12 51.1
124 518 16 87.14
125 671 36 7.24
126 1211 32 35.06
127 986 14 11.71
128 545 12 78.49
129 464 8 0.86
130 1184 14 83.1
131 905 14 45.61
132 239 32 45.67
133 500 28 61.98
134 977 30 29.12
135 176 28 87.02
136 689 6 34.96
137 842 8 82.59
138 68 24 40.15
139 617 8 67.97
140 473 30 38.95
141 401 16 96.31
142 113 28 11.76
143 1076 30 37.93
144 941 12 28.08
145 1436 14 30.91
146 437 24 63.63
147 1355 22 93.76
148 788 24 87.21
149 878 12 69.6
150 302 28 48.75