147
1 1162 49 38
2 641 51 50
3 866 23 66
4 1386 9 93
5 580 1 57
6 1416 27 70
7 1357 49 44
8 859 39 53
9 14 24 75
10 444 53 22
11 110 11 76
12 973 47 12
13 198 13 24
14 1398 6 73
15 385 27 69
16 237 38 42
17 727 25 21
18 237 55 18
19 582 5 44
20 1215 10 67
21 975 29 2
22 934 21 26
23 433 17 79
24 464 12 65
25 1207 26 99
26 17 36 1
27 623 50 17
28 995 30 41
29 953 53 21
30 556 17 35
31 445 34 17
32 1341 42 89
33 757 38 51
34 1134 22 21
35 715 59 34
36 431 43 92
37 1304 41 40
38 479 32 88
39 1287 33 15
40 1319 13 8
41 9 42 18
42 1243 9 36
43 196 4 72
44 1326 20 24
45 1341 23 63
46 687 34 90
47 1190 26 22
48 913 30 10
49 129 8 87
50 349 35 49
51 320 48 30
52 370 36 91
53 1077 23 39
54 635 40 36
55 1069 55 43
56 1310 50 75
57 495 30 76
58 1119 17 73
59 386 45 15
60 478 44 32
61 188 35 40
62 1000 25 2
63 749 59 70
64 200 11 7
65 742 9 54
66 800 52 34
67 336 56 5
68 736 10 6
69 1095 34 70
70 508 17 88
71 719 41 70
72 1086 57 46
73 1009 1 90
74 984 29 62
75 669 34 9
76 463 20 5
77 377 7 61
78 858 14 85
79 251 37 47
80 281 30 65
81 204 24 14
82 332 16 36
83 349 45 75
84 512 39 84
85 491 44 32
86 775 36 41
87 577 18 15
88 186 23 52
89 1361 38 25
90 791 12 1
91 501 54 87
92 736 25 9
93 262 16 84
94 1366 18 49
95 884 9 56
96 741 29 44
97 225 25 75
98 140 16 76
99 698 37 16
100 1056 36 45
101 788 5 43
102 392 39 4
103 243 60 41
104 172 17 87
105 729 27 67
106 517 15 6
107 1402 25 85
108 828 42 50
109 422 23 32
110 986 5 7
111 274 1 79
112 271 30 30
113 886 48 38
114 358 8 53
115 773 37 72
116 301 33 59
117 793 32 44
118 1190 52 64
119 218 23 50
120 397 22 96
121 627 19 65
122 490 8 83
123 196 43 76
124 816 55 45
125 370 48 46
126 1206 13 4
127 404 14 67
128 642 3 36
129 133 22 3
130 883 18 12
131 658 19 6
132 1047 1 56
133 858 27 83
134 180 16 86
135 554 51 97
136 334 41 43
137 1370 11 56
138 1006 6 96
139 610 14 5
140 339 7 89
141 766 15 85
142 641 24 1
143 59 12 69
144 680 9 72
145 881 44 51
146 1162 11 36
147 750 4 76
