150
1 524 46 69.137
2 79 24 96.827
3 1126 39 34.965
4 397 21 68.719
5 1247 22 7.198
6 213 42 7.994
7 223 6 35.171
8 405 56 46.872
9 77 4 2.805
10 486 8 37.798
11 682 48 48.282
12 912 27 78.098
13 350 15 62.72
14 68 26 89.322
15 228 60 94.403
16 518 55 17.899
17 348 39 98.307
18 495 56 24.364
19 236 52 19.925
20 517 32 8.467
21 688 55 29.859
22 306 47 89.03
23 1098 6 69.133
24 121 19 90.238
25 484 60 90.023
26 312 8 66.857
27 967 8 93.073
28 1330 29 8.861
29 598 29 8.661
30 997 32 61.952
31 566 51 75.124
32 185 6 56.992
33 358 27 12.736
34 863 50 35.907
35 451 10 14.758
36 284 39 14.296
37 595 56 66.416
38 60 32 84.191
39 174 10 83.855
40 1393 37 93.712
41 118 40 6.222
42 262 23 53.845
43 213 27 48.35
44 1418 36 72.712
45 69 43 37.614
46 375 45 81.899
47 968 56 80.731
48 521 53 71.36
49 501 8 47.533
50 273 38 30.186
51 210 6 48.273
52 499 50 52.763
53 1340 48 35.167
54 96 53 26.359
55 687 51 62.548
56 409 25 59.649
57 86 10 15.733
58 275 17 75.122
59 146 31 57.375
60 1 50 60.547
61 217 26 51.219
62 475 52 59.574
63 454 25 52.717
64 443 14 44.389
65 713 45 31.025
66 315 56 30.793
67 678 2 89.402
68 459 28 13.984
69 422 7 50.98
70 163 19 9.352
71 174 39 49.362
72 96 38 84.181
73 10 33 86.154
74 603 15 92.158
75 1190 21 2.114
76 399 19 27.085
77 461 51 2.977
78 769 33 75.402
79 178 35 71.692
80 644 19 16.212
81 628 57 82.732
82 422 26 95.208
83 493 43 48.29
84 1238 30 87.701
85 52 42 79.288
86 521 20 71.0
87 625 15 12.788
88 270 22 98.678
89 133 26 82.785
90 395 2 92.612
91 1280 49 46.003
92 1009 33 89.657
93 543 19 13.451
94 81 10 13.079
95 96 7 24.467
96 592 39 57.414
97 1185 59 4.53
98 375 41 30.8
99 1222 45 13.252
100 658 58 70.254
101 592 37 68.92
102 165 59 56.219
103 527 23 88.286
104 991 5 70.654
105 613 39 73.653
106 57 56 23.127
107 547 18 33.367
108 8 9 77.793
109 211 32 69.601
110 135 44 21.785
111 247 3 93.587
112 688 18 8.53
113 686 53 5.172
114 478 31 64.515
115 757 39 6.611
116 1052 6 46.344
117 578 3 42.81
118 949 21 98.464
119 244 36 51.627
120 268 35 95.163
121 521 13 81.028
122 1015 13 95.085
123 350 18 46.373
124 863 38 52.469
125 298 27 58.439
126 710 45 92.395
127 607 52 5.391
128 288 19 88.126
129 80 4 11.103
130 1039 43 6.843
131 777 32 71.85
132 408 14 57.561
133 591 19 7.797
134 586 57 84.532
135 31 30 61.811
136 103 9 83.745
137 381 24 75.394
138 525 47 96.05
139 668 6 82.98
140 326 36 40.04
141 195 58 36.407
142 692 12 87.487
143 120 47 46.921
144 692 2 10.199
145 220 4 22.053
146 493 49 27.019
147 7 38 59.737
148 468 39 95.267
149 882 4 88.319
150 630 2 88.167