134
1 646 25 80
2 113 16 56
3 12 41 2
4 122 29 6
5 1339 8 5
6 60 40 80
7 856 40 9
8 807 57 27
9 890 19 77
10 307 56 33
11 1242 44 4
12 1229 47 74
13 376 6 44
14 69 19 82
15 119 3 77
16 158 16 30
17 210 27 29
18 91 13 63
19 1233 32 6
20 436 6 16
21 765 39 70
22 1136 57 44
23 129 30 57
24 1404 3 10
25 225 55 88
26 74 37 7
27 950 6 79
28 636 2 15
29 624 53 66
30 1394 30 7
31 1140 47 64
32 379 11 17
33 666 59 21
34 315 53 75
35 1018 21 85
36 977 35 52
37 252 19 57
38 1141 16 9
39 1 21 33
40 604 54 5
41 249 58 59
42 177 13 94
43 1235 31 86
44 1047 58 78
45 993 54 51
46 1066 21 78
47 1424 46 94
48 452 28 22
49 1379 46 28
50 988 15 14
51 1029 2 93
52 698 41 39
53 1131 17 93
54 1019 21 9
55 68 55 96
56 73 6 45
57 724 19 53
58 347 52 7
59 891 52 14
60 99 4 41
61 551 7 92
62 635 49 31
63 601 22 71
64 989 48 31
65 673 10 84
66 543 33 16
67 9 47 74
68 763 9 18
69 938 58 53
70 664 33 13
71 288 49 1
72 317 55 75
73 543 4 30
74 890 43 47
75 965 2 7
76 65 48 57
77 826 26 75
78 222 46 53
79 147 19 14
80 668 48 81
81 948 33 67
82 706 39 68
83 382 43 20
84 1365 6 14
85 1410 11 60
86 840 58 53
87 786 29 36
88 788 13 61
89 938 59 34
90 942 44 64
91 516 30 96
92 339 32 21
93 791 35 63
94 1161 4 98
95 614 47 49
96 79 55 3
97 1156 12 70
98 973 17 27
99 295 30 84
100 1244 50 98
101 164 46 79
102 96 15 25
103 1356 9 13
104 167 33 68
105 172 17 40
106 896 15 31
107 707 17 97
108 433 1 14
109 295 7 32
110 441 55 65
111 1411 21 90
112 1145 57 75
113 350 20 86
114 720 20 41
115 869 57 53
116 510 33 80
117 612 1 72
118 265 55 66
119 259 31 21
120 218 50 66
121 830 29 66
122 1169 9 19
123 136 15 38
124 1274 32 90
125 1169 53 72
126 690 18 29
127 1102 36 62
128 553 1 42
129 1327 54 92
130 841 51 97
131 339 38 53
132 1042 13 39
133 421 40 76
134 888 23 77
