111
1	215	25	70.02
2	236	28	24.64
3	1373	26	15.27
4	1416	14	67.75
5	169	35	90.54
6	145	19	58.43
7	105	22	38.95
8	931	6	98.40
9	71	21	47.34
10	694	35	98.23
11	560	34	8.32
12	456	34	25.31
13	881	45	4.71
14	342	46	91.30
15	234	9	85.81
16	452	21	46.28
17	746	32	5.69
18	306	5	3.50
19	1321	38	22.11
20	1130	33	21.12
21	633	23	20.79
22	246	19	72.54
23	72	46	88.70
24	870	35	62.04
25	490	32	18.78
26	475	14	30.10
27	621	1	29.46
28	337	23	11.99
29	19	59	40.40
30	1126	39	1.71
31	865	42	91.27
32	19	49	25.48
33	1428	12	51.81
34	4	7	36.93
35	148	10	97.10
36	716	26	79.41
37	1064	2	77.85
38	24	1	32.72
39	1061	47	34.64
40	1153	57	76.13
41	10	51	84.51
42	859	50	70.47
43	351	5	48.78
44	37	17	51.17
45	120	2	59.41
46	1438	20	14.04
47	880	43	82.77
48	705	9	42.65
49	548	23	60.22
50	1027	46	27.26
51	160	44	4.93
52	333	32	80.85
53	248	42	72.30
54	1352	15	9.04
55	165	47	4.08
56	1053	17	4.78
57	785	60	89.96
58	99	42	3.27
59	307	53	35.84
60	963	18	18.00
61	1385	16	32.51
62	435	55	38.87
63	534	3	58.97
64	791	4	63.92
65	175	48	71.70
66	671	11	94.44
67	332	43	6.13
68	1006	36	83.34
69	1198	15	79.88
70	241	49	48.35
71	945	35	20.68
72	1324	35	23.54
73	300	24	73.16
74	429	5	90.57
75	789	36	54.39
76	136	58	85.00
77	513	34	13.49
78	909	10	71.46
79	186	46	81.15
80	283	18	39.49
81	698	46	68.86
82	1310	10	5.29
83	969	11	32.95
84	899	16	6.10
85	209	10	89.90
86	684	9	51.11
87	249	60	87.51
88	400	23	31.57
89	138	59	62.22
90	1279	44	31.62
91	1223	58	35.62
92	1404	24	85.06
93	1255	8	25.41
94	1279	3	75.31
95	1053	34	99.62
96	1222	8	22.92
97	886	31	60.40
98	552	18	8.61
99	593	17	6.72
100	858	56	16.04
101	54	2	83.06
102	1097	13	97.87
103	1245	53	59.39
104	204	45	71.44
105	1127	44	79.90
106	450	25	39.73
107	22	58	14.43
108	106	53	23.22
109	529	24	54.33
110	1367	54	11.76
111	957	15	81.59
