150
1 530 11 10.83
2 1161 20 63.247
3 1306 41 89.653
4 481 16 46.482
5 490 54 33.522
6 747 7 9.973
7 952 32 11.103
8 1226 12 49.163
9 1111 59 10.674
10 178 5 20.326
11 578 50 18.125
12 139 27 65.54
13 1274 49 79.46
14 1265 55 90.571
15 861 52 28.65
16 719 49 11.305
17 563 7 35.687
18 1034 52 0.217
19 1296 27 97.3
20 512 60 22.612
21 545 6 11.12
22 626 12 66.139
23 29 3 65.797
24 1301 31 71.795
25 1226 22 93.907
26 271 46 59.13
27 1424 17 96.907
28 449 8 99.371
29 1405 33 10.486
30 73 40 25.878
31 193 22 58.177
32 237 18 92.185
33 668 2 24.777
34 995 33 80.645
35 1387 39 59.989
36 743 11 61.623
37 1288 16 48.918
38 83 33 40.728
39 540 54 12.325
40 1261 51 90.041
41 1004 25 23.817
42 22 16 26.816
43 367 45 48.178
44 1324 47 99.326
45 168 44 44.247
46 1120 45 12.514
47 951 21 68.949
48 261 3 65.687
49 38 5 97.601
50 474 23 57.823
51 312 1 95.958
52 213 45 78.746
53 1051 47 5.919
54 528 42 13.512
55 473 16 53.98
56 1219 42 56.641
57 737 31 25.634
58 306 35 73.611
59 579 47 22.587
60 1043 21 42.298
61 922 45 18.209
62 667 50 38.145
63 329 12 48.866
64 1018 48 16.883
65 1420 53 7.135
66 636 12 41.361
67 555 24 14.148
68 384 8 77.386
69 846 46 69.132
70 297 24 74.245
71 810 53 71.203
72 190 8 55.948
73 1257 36 86.163
74 719 48 22.528
75 764 2 93.314
76 907 43 69.301
77 1347 41 98.456
78 386 28 30.077
79 1056 14 84.189
80 283 3 13.614
81 280 48 96.12
82 239 42 42.4
83 788 37 5.324
84 197 16 31.468
85 969 22 89.51
86 1175 6 66.542
87 477 47 54.192
88 1097 11 91.318
89 291 53 1.933
90 364 27 73.076
91 1270 32 8.495
92 287 54 4.986
93 269 36 92.698
94 927 6 66.721
95 371 12 2.948
96 505 23 60.753
97 350 60 94.641
98 1250 45 89.724
99 6 2 79.397
100 1043 35 39.695
101 1403 55 76.654
102 662 39 92.553
103 1323 12 25.775
104 20 19 5.744
105 1238 25 99.176
106 1058 28 7.508
107 572 45 61.092
108 103 8 58.806
109 1148 45 38.255
110 505 21 49.257
111 1251 1 78.25
112 431 60 18.604
113 353 36 89.027
114 544 14 99.916
115 55 44 26.865
116 153 57 90.389
117 402 40 35.372
118 449 59 91.94
119 385 26 29.692
120 64 39 2.427
121 1016 54 80.629
122 315 50 9.738
123 462 54 51.175
124 1392 2 85.185
125 556 15 68.735
126 1039 11 3.646
127 271 23 38.697
128 206 52 18.55
129 191 48 40.39
130 206 48 66.191
131 1055 34 46.751
132 1129 47 32.195
133 587 52 74.287
134 843 17 43.271
135 52 13 36.537
136 977 12 75.008
137 36 29 59.322
138 1023 30 5.326
139 1275 1 71.583
140 1369 15 90.692
141 225 56 81.834
142 172 34 17.152
143 507 50 51.439
144 1002 39 50.676
145 287 32 68.365
146 81 35 6.299
147 432 8 81.03
148 836 8 17.472
149 120 57 83.733
150 924 21 27.676
