149
1 385 48 11.691
2 780 48 37.31
3 585 43 2.881
4 11 53 71.62
5 805 21 13.46
6 1273 59 25.47
7 921 4 92.808
8 259 57 93.573
9 644 12 13.121
10 524 22 47.458
11 955 29 55.38
12 621 40 47.424
13 611 46 9.848
14 467 48 55.774
15 440 32 21.909
16 941 32 72.348
17 1272 35 10.65
18 543 15 71.794
19 1213 49 63.37
20 716 55 45.512
21 246 23 16.497
22 510 59 65.026
23 842 12 24.401
24 1015 34 36.584
25 317 23 56.786
26 1272 6 39.108
27 1340 33 28.479
28 561 43 55.129
29 686 37 14.296
30 576 13 75.895
31 628 59 84.669
32 1161 29 59.359
33 1400 54 93.493
34 217 3 47.847
35 201 35 37.389
36 705 8 78.508
37 12 5 1.155
38 358 42 17.575
39 551 33 35.971
40 149 19 43.741
41 572 50 0.988
42 197 53 51.646
43 1220 44 90.285
44 1310 12 46.996
45 447 5 63.888
46 571 40 47.273
47 1165 45 44.414
48 84 51 96.878
49 806 59 87.676
50 1212 22 9.642
51 838 58 26.234
52 211 31 98.921
53 131 10 48.201
54 1167 39 84.682
55 406 53 83.808
56 758 42 61.993
57 873 46 31.035
58 750 50 57.045
59 65 17 0.348
60 789 7 39.302
61 459 2 17.523
62 111 46 84.716
63 320 18 68.33
64 892 57 2.622
65 813 14 91.178
66 84 7 23.179
67 778 4 86.373
68 88 17 13.748
69 1067 49 4.969
70 265 53 47.347
71 711 24 15.103
72 1063 21 72.369
73 7 12 97.588
74 956 60 28.833
75 1038 4 47.136
76 174 54 29.448
77 701 2 14.579
78 82 37 37.109
79 76 3 86.629
80 53 25 46.696
81 888 57 97.577
82 1213 13 64.478
83 310 60 4.383
84 1051 42 0.478
85 416 57 91.469
86 645 28 3.371
87 333 27 25.76
88 1145 58 93.934
89 24 32 52.275
90 594 31 37.209
91 898 6 97.091
92 1015 49 30.602
93 388 44 46.063
94 859 52 73.275
95 29 9 61.246
96 553 57 36.556
97 106 2 28.165
98 14 20 50.949
99 874 40 9.084
100 437 5 78.243
101 809 48 21.805
102 1319 19 93.802
103 1101 6 48.148
104 916 7 84.352
105 1375 45 33.188
106 713 25 89.601
107 1179 8 82.111
108 124 5 1.726
109 1055 5 88.831
110 270 47 17.134
111 629 33 25.913
112 1010 30 12.866
113 328 11 55.064
114 1189 16 80.9
115 1339 21 5.636
116 892 44 66.136
117 499 55 95.193
118 526 10 47.432
119 389 47 13.95
120 1050 9 84.646
121 600 54 40.455
122 729 16 21.093
123 947 6 13.476
124 7 41 63.853
125 71 59 17.14
126 1222 40 64.624
127 1424 7 61.232
128 1110 25 68.997
129 1025 28 19.525
130 1177 36 32.848
131 874 16 18.87
132 449 58 47.104
133 244 5 70.665
134 1313 8 38.93
135 279 60 78.662
136 1247 44 32.322
137 1282 16 92.511
138 312 4 46.992
139 195 16 26.068
140 906 17 46.486
141 624 49 67.665
142 1252 15 5.401
143 128 6 18.849
144 1247 13 6.616
145 1408 58 74.973
146 839 57 93.053
147 500 26 16.734
148 977 42 77.161
149 1212 19 76.375
