150
1 1370 9 87.116
2 1101 47 9.968
3 16 60 22.757
4 660 22 72.127
5 76 25 93.329
6 1181 29 45.617
7 392 7 16.69
8 1059 58 69.252
9 986 6 43.842
10 670 12 42.059
11 1386 18 61.033
12 1061 50 15.084
13 1291 7 41.587
14 385 44 9.592
15 644 56 97.98
16 754 14 13.185
17 878 42 51.562
18 591 18 60.36
19 1078 48 10.115
20 357 9 92.764
21 794 44 66.34
22 1202 42 17.524
23 412 6 20.939
24 167 16 49.813
25 722 6 27.206
26 899 42 57.72
27 1091 32 16.162
28 1418 51 61.859
29 649 36 26.489
30 317 5 45.515
31 1032 51 51.042
32 1150 13 39.566
33 396 3 37.413
34 208 60 83.246
35 87 16 61.971
36 1314 20 97.859
37 421 58 18.347
38 661 51 10.61
39 15 42 84.089
40 1431 57 69.581
41 686 14 57.759
42 474 9 37.149
43 639 28 30.59
44 380 3 17.598
45 339 23 44.157
46 1236 10 92.733
47 985 9 97.256
48 305 41 49.544
49 1279 3 80.554
50 694 9 44.063
51 197 19 28.714
52 272 16 98.741
53 325 15 96.664
54 271 29 19.142
55 1225 25 40.822
56 1157 59 47.173
57 672 1 36.627
58 515 15 1.918
59 465 3 24.712
60 1290 16 96.395
61 938 23 64.521
62 1210 49 14.776
63 749 43 24.114
64 1088 48 84.211
65 743 5 56.313
66 495 44 31.465
67 317 4 34.796
68 625 16 70.061
69 447 18 47.068
70 335 47 58.687
71 1013 41 73.764
72 979 9 62.987
73 1320 29 32.25
74 1213 29 91.898
75 399 15 44.753
76 805 44 36.845
77 1188 38 91.19
78 23 57 8.206
79 700 3 77.16
80 1103 39 22.051
81 1307 8 4.656
82 249 1 52.108
83 1413 50 29.057
84 282 2 62.368
85 1242 6 23.169
86 1206 17 39.523
87 184 23 92.037
88 574 3 78.762
89 940 52 67.786
90 1328 34 85.858
91 151 26 53.384
92 1286 59 80.272
93 243 40 23.22
94 1096 29 57.009
95 1098 54 22.919
96 648 25 7.73
97 1105 7 14.172
98 963 45 2.186
99 1222 6 76.626
100 680 60 88.083
101 1370 15 86.837
102 1382 6 11.577
103 107 19 22.861
104 825 60 89.756
105 122 22 19.818
106 1430 2 28.482
107 1125 38 83.953
108 901 49 83.139
109 701 11 33.34
110 981 48 35.042
111 885 11 13.926
112 49 32 78.988
113 872 60 63.467
114 720 33 61.238
115 1217 9 80.462
116 496 18 62.167
117 728 5 80.143
118 1227 22 96.259
119 489 33 89.67
120 704 54 26.315
121 139 24 39.018
122 792 48 52.261
123 1429 25 66.186
124 292 32 45.462
125 395 41 88.888
126 906 6 62.833
127 949 37 91.647
128 1062 42 43.213
129 1036 57 38.677
130 59 4 55.514
131 1343 29 76.189
132 341 13 92.772
133 1048 30 56.401
134 985 3 12.617
135 633 41 97.354
136 268 58 17.469
137 1089 29 47.915
138 450 15 45.364
139 758 46 74.639
140 10 35 43.746
141 1251 39 47.771
142 48 60 81.859
143 1253 27 33.027
144 1203 33 78.316
145 1007 19 59.897
146 381 13 26.332
147 1246 7 48.839
148 86 13 23.484
149 817 23 36.695
150 731 54 47.953