150
1 594 43 22.694
2 760 21 26.581
3 430 13 44.683
4 1269 59 76.315
5 355 57 14.046
6 395 51 17.485
7 309 15 17.928
8 100 43 71.972
9 132 28 4.723
10 441 36 38.759
11 718 24 20.598
12 126 44 44.792
13 1385 38 41.077
14 1083 34 85.994
15 395 13 66.077
16 447 32 43.479
17 31 56 10.87
18 1138 55 27.049
19 1095 9 30.088
20 1190 25 79.397
21 1216 15 71.568
22 1133 41 24.42
23 1339 12 26.035
24 83 1 18.415
25 1160 11 86.731
26 210 60 70.641
27 1176 51 27.53
28 276 9 31.421
29 768 48 55.068
30 662 4 92.073
31 1232 1 20.083
32 169 60 2.289
33 788 8 14.176
34 112 59 60.901
35 417 48 56.602
36 667 31 4.324
37 550 22 43.498
38 1240 29 98.661
39 827 1 10.835
40 928 4 72.251
41 248 39 42.414
42 1359 42 46.037
43 639 14 71.806
44 142 25 64.228
45 1265 42 96.789
46 1169 2 65.964
47 341 56 48.28
48 661 41 56.225
49 474 7 87.777
50 53 42 87.568
51 659 5 44.792
52 148 37 57.293
53 66 45 61.631
54 1304 30 86.877
55 696 30 43.721
56 515 45 7.027
57 140 3 59.769
58 1344 15 75.999
59 1369 51 36.74
60 536 15 66.973
61 959 34 19.974
62 1087 39 52.792
63 400 57 81.332
64 91 20 42.094
65 986 4 68.553
66 1315 52 83.918
67 1174 15 32.206
68 507 52 52.702
69 453 31 20.638
70 955 44 60.542
71 1298 13 76.778
72 191 31 13.099
73 1086 57 85.228
74 236 21 32.633
75 221 57 54.386
76 92 47 80.257
77 1312 57 23.086
78 199 24 68.749
79 287 11 76.874
80 974 38 54.99
81 436 42 69.647
82 976 41 54.829
83 532 5 21.38
84 274 33 25.816
85 298 20 27.052
86 474 3 55.038
87 567 22 99.372
88 938 8 87.504
89 1233 24 19.404
90 240 37 54.865
91 509 15 75.241
92 1141 25 86.044
93 1279 43 82.721
94 614 12 13.305
95 272 48 77.416
96 422 54 10.929
97 922 35 95.634
98 1353 19 62.187
99 1180 34 34.319
100 335 9 76.373
101 892 22 79.168
102 751 3 89.759
103 727 60 70.595
104 761 41 90.27
105 599 34 72.302
106 1097 39 33.835
107 1239 24 17.335
108 334 9 83.776
109 695 53 44.651
110 1181 16 27.925
111 459 7 89.893
112 928 59 64.183
113 1291 17 0.574
114 779 49 25.921
115 962 29 93.922
116 818 10 83.036
117 234 52 40.01
118 1222 3 47.74
119 1175 35 65.051
120 76 38 0.964
121 192 60 66.736
122 119 5 93.935
123 854 37 28.417
124 636 31 32.145
125 210 24 20.498
126 6 36 81.756
127 1106 30 20.114
128 1336 29 70.164
129 716 59 83.248
130 585 47 23.967
131 848 50 58.176
132 1286 18 95.177
133 1432 40 92.758
134 425 29 76.299
135 17 19 47.963
136 338 45 11.555
137 943 14 34.843
138 544 57 6.758
139 1185 21 52.924
140 1370 46 42.13
141 1190 47 33.479
142 505 57 68.631
143 513 1 78.509
144 301 18 58.87
145 1161 25 77.037
146 1107 9 32.342
147 416 49 84.345
148 614 60 29.718
149 820 26 15.291
150 1106 45 73.638
