150
1 800 18 80
2 900 46 3
3 1242 13 51
4 1337 44 26
5 1365 49 8
6 696 50 64
7 517 40 71
8 1218 55 83
9 1315 37 93
10 652 27 14
11 23 53 81
12 914 13 23
13 1102 51 2
14 839 53 42
15 18 25 26
16 545 43 13
17 390 46 11
18 976 49 39
19 715 14 50
20 1314 1 80
21 636 42 60
22 1124 33 26
23 1301 57 6
24 162 2 24
25 969 56 70
26 995 49 82
27 46 46 72
28 500 3 40
29 1374 45 38
30 22 31 80
31 1172 43 42
32 1394 8 40
33 257 32 97
34 527 2 10
35 1346 21 97
36 993 42 15
37 500 47 90
38 1261 20 22
39 1017 25 43
40 870 49 84
41 128 15 92
42 1210 1 18
43 1129 11 20
44 510 24 8
45 1178 33 62
46 127 25 4
47 681 32 95
48 935 56 23
49 912 8 50
50 667 3 50
51 133 25 27
52 878 34 49
53 1167 20 43
54 1160 47 7
55 1170 8 93
56 209 14 76
57 98 26 10
58 1218 20 80
59 48 46 44
60 1172 19 88
61 1064 23 23
62 179 50 14
63 1163 23 79
64 168 10 45
65 1162 18 14
66 739 36 54
67 1028 2 21
68 400 36 53
69 805 40 46
70 1058 21 92
71 338 24 50
72 208 7 52
73 879 60 44
74 588 15 81
75 64 17 12
76 518 9 91
77 410 22 43
78 578 60 39
79 294 20 26
80 200 54 61
81 1138 60 29
82 1396 24 17
83 563 20 68
84 1254 29 30
85 417 14 64
86 233 42 20
87 9 2 68
88 781 3 99
89 675 35 5
90 892 38 33
91 731 58 27
92 988 7 73
93 77 51 77
94 239 15 92
95 1416 13 60
96 1022 44 62
97 1251 46 90
98 54 39 4
99 1209 3 72
100 1183 57 41
101 1421 23 12
102 895 31 12
103 462 18 72
104 594 13 27
105 1004 6 71
106 477 51 26
107 488 28 51
108 682 24 94
109 945 14 59
110 119 17 41
111 1112 28 44
112 360 23 68
113 930 58 67
114 710 9 99
115 1287 13 23
116 1342 30 85
117 432 4 24
118 1432 10 24
119 24 56 87
120 1374 17 4
121 392 25 3
122 1196 40 76
123 1213 58 66
124 645 21 28
125 1211 44 94
126 622 17 97
127 93 48 81
128 1223 19 16
129 1155 53 92
130 1084 50 49
131 63 12 26
132 1048 40 95
133 1377 45 49
134 1340 55 26
135 577 38 99
136 105 27 68
137 531 33 21
138 758 24 79
139 462 11 56
140 462 60 96
141 713 15 22
142 41 40 74
143 770 42 15
144 182 51 21
145 1253 21 24
146 260 31 86
147 1185 60 47
148 1290 6 23
149 856 12 11
150 139 49 44
