135
1 674 13 56.962
2 647 5 61.822
3 230 17 49.855
4 876 1 3.65
5 1440 6 71.43
6 168 15 76.21
7 1332 4 70.786
8 147 14 37.111
9 1220 8 29.021
10 1184 8 78.136
11 1366 13 25.418
12 327 14 75.817
13 557 15 80.367
14 364 4 21.477
15 160 12 87.872
16 918 16 10.172
17 781 16 64.003
18 1261 8 86.116
19 1246 36 10.084
20 411 25 13.341
21 1234 17 50.097
22 1206 4 24.715
23 829 2 20.366
24 581 14 28.232
25 1437 13 80.865
26 480 19 30.542
27 1170 12 33.012
28 422 15 0.271
29 725 5 92.159
30 735 6 66.182
31 174 6 76.823
32 1010 5 18.032
33 317 15 21.611
34 1367 9 82.656
35 1384 15 2.307
36 73 18 66.425
37 498 12 20.934
38 1047 18 12.578
39 290 32 29.8
40 1047 3 58.738
41 947 14 19.473
42 416 6 76.255
43 577 2 25.452
44 1438 3 51.338
45 262 7 53.775
46 1185 9 98.489
47 107 13 88.14
48 446 39 9.531
49 1403 20 91.56
50 871 17 70.415
51 525 17 86.558
52 254 1 13.366
53 918 16 36.271
54 619 9 58.537
55 192 17 12.09
56 809 13 54.702
57 1030 4 98.509
58 1090 12 52.283
59 540 17 0.306
60 947 14 32.588
61 17 11 71.302
62 621 10 48.415
63 956 1 58.832
64 1299 20 42.929
65 979 9 82.735
66 614 16 22.242
67 1440 16 89.503
68 1267 4 8.608
69 684 4 88.087
70 721 31 4.365
71 249 19 27.429
72 686 8 49.901
73 290 18 73.886
74 599 9 64.613
75 328 12 76.436
76 387 19 3.442
77 1243 12 23.452
78 895 19 26.518
79 883 4 84.6
80 999 2 69.445
81 849 17 26.103
82 1227 19 15.569
83 110 10 84.177
84 175 38 17.615
85 994 4 79.34
86 101 8 45.831
87 339 8 94.057
88 1119 8 17.543
89 742 20 8.417
90 788 5 47.272
91 696 13 1.669
92 13 1 71.473
93 442 11 43.343
94 784 13 60.638
95 279 19 84.474
96 973 15 17.401
97 662 19 97.258
98 1009 18 34.563
99 1097 20 42.557
100 526 14 43.413
101 576 3 73.401
102 86 8 50.029
103 1149 7 89.76
104 72 8 98.479
105 454 4 9.762
106 415 20 51.819
107 841 18 64.513
108 1267 15 25.922
109 1086 15 87.312
110 1113 9 39.832
111 1037 10 60.529
112 1355 17 63.602
113 54 34 6.664
114 50 16 15.513
115 1053 29 17.326
116 673 16 76.645
117 1029 34 27.968
118 277 12 53.334
119 730 3 25.777
120 496 19 69.966
121 201 15 63.617
122 318 4 31.429
123 1173 17 81.583
124 977 9 43.613
125 1383 19 36.237
126 502 8 45.212
127 864 9 89.442
128 382 20 69.426
129 1290 12 39.914
130 66 17 15.619
131 758 14 88.4
132 1158 19 9.385
133 1316 9 99.03
134 1044 5 49.038
135 521 22 25.942
