141
1 1277 7 79
2 226 48 74
3 693 1 70
4 519 32 96
5 991 56 9
6 1314 56 44
7 800 5 18
8 1425 51 44
9 1070 36 86
10 739 33 58
11 988 35 53
12 455 7 83
13 845 18 35
14 71 53 61
15 1240 33 97
16 1382 30 61
17 970 12 21
18 861 28 91
19 487 14 83
20 952 49 47
21 196 39 99
22 1034 1 68
23 938 11 21
24 584 32 51
25 606 26 18
26 40 43 90
27 550 16 43
28 949 14 10
29 936 26 21
30 390 44 94
31 569 31 68
32 249 19 70
33 982 31 4
34 523 4 29
35 144 42 58
36 496 28 30
37 1150 1 89
38 1019 10 46
39 410 38 78
40 441 23 79
41 795 44 94
42 1321 57 72
43 615 26 78
44 603 57 19
45 1163 20 6
46 888 32 44
47 421 14 12
48 539 40 19
49 813 24 49
50 749 3 20
51 802 48 14
52 528 34 91
53 177 15 58
54 176 45 22
55 1296 23 63
56 959 49 58
57 592 60 79
58 1336 5 58
59 964 9 27
60 550 13 8
61 1411 16 65
62 277 25 80
63 649 56 60
64 841 36 80
65 128 10 75
66 537 6 99
67 766 54 88
68 717 36 29
69 694 33 50
70 368 58 78
71 857 16 39
72 1191 15 40
73 562 39 44
74 743 13 47
75 660 55 85
76 670 31 77
77 121 41 51
78 1201 51 29
79 354 5 68
80 577 1 5
81 193 36 81
82 583 3 68
83 1159 39 94
84 1198 44 63
85 1201 59 59
86 89 38 18
87 427 20 60
88 458 58 58
89 1123 47 60
90 79 51 69
91 885 41 93
92 42 39 51
93 856 16 78
94 1418 21 46
95 612 57 89
96 242 44 14
97 218 16 12
98 1179 26 94
99 754 58 96
100 1173 25 58
101 818 7 68
102 455 42 23
103 576 16 39
104 256 15 12
105 1103 6 72
106 1267 43 16
107 743 36 40
108 93 48 8
109 1082 49 88
110 9 10 63
111 988 4 3
112 170 58 70
113 173 56 54
114 937 52 49
115 844 60 57
116 648 34 98
117 1140 39 66
118 1089 30 46
119 1037 26 20
120 357 40 86
121 1305 12 10
122 1354 9 63
123 1116 30 47
124 571 3 58
125 594 12 84
126 1266 28 20
127 169 56 59
128 547 44 10
129 944 1 32
130 850 35 21
131 1147 49 21
132 1413 50 5
133 518 28 51
134 1135 42 93
135 1218 40 49
136 955 38 48
137 551 7 30
138 323 43 8
139 1417 36 69
140 131 24 50
141 823 50 76
