143
1 121 1 87.768
2 313 14 45.872
3 663 54 37.727
4 438 10 8.006
5 645 43 4.228
6 1343 55 29.047
7 1421 1 70.437
8 883 13 65.043
9 551 21 26.106
10 1065 47 85.346
11 1099 13 38.2
12 951 31 60.635
13 931 43 17.68
14 1394 36 58.234
15 246 11 40.417
16 687 23 28.747
17 684 51 78.929
18 864 60 65.086
19 587 22 95.001
20 744 8 62.588
21 513 5 27.986
22 62 21 98.064
23 1048 43 19.668
24 1250 33 12.245
25 184 5 47.364
26 1052 17 14.095
27 685 13 36.512
28 93 44 43.295
29 582 10 48.205
30 524 17 11.927
31 793 10 41.408
32 1095 56 69.209
33 829 10 7.922
34 994 1 93.877
35 88 26 86.808
36 1351 28 11.588
37 124 15 61.829
38 817 42 86.932
39 1074 47 83.876
40 17 35 25.625
41 846 13 98.583
42 774 20 83.742
43 583 35 32.761
44 366 41 14.087
45 145 17 41.515
46 106 30 95.412
47 46 47 24.568
48 367 21 99.753
49 1375 50 96.879
50 224 35 17.87
51 1252 1 98.45
52 22 38 15.499
53 977 35 61.639
54 448 36 11.246
55 713 41 87.021
56 361 20 16.701
57 552 35 76.984
58 1207 24 93.358
59 46 20 92.346
60 1181 35 37.096
61 1358 50 53.886
62 485 33 73.602
63 1170 2 46.759
64 1219 23 33.725
65 1410 8 65.162
66 1337 36 31.32
67 756 15 86.2
68 1273 56 81.725
69 793 7 69.467
70 339 20 50.124
71 1258 41 87.037
72 568 38 65.011
73 680 12 97.855
74 1023 52 77.704
75 1432 24 68.015
76 606 21 26.67
77 1415 51 71.799
78 19 59 48.337
79 324 42 17.637
80 31 13 23.13
81 88 57 99.917
82 1004 21 72.252
83 302 14 55.262
84 724 52 93.446
85 1262 48 28.754
86 434 11 59.303
87 1092 13 97.29
88 72 46 95.825
89 1297 19 88.032
90 1389 21 15.165
91 1435 13 36.378
92 1220 10 55.278
93 1285 28 71.321
94 1131 25 87.417
95 1025 59 60.36
96 414 24 92.43
97 979 31 30.771
98 377 4 66.076
99 535 35 17.611
100 1322 7 13.3
101 168 15 26.496
102 163 48 86.505
103 1251 46 26.139
104 1029 17 56.459
105 483 24 57.886
106 753 57 58.533
107 843 31 90.766
108 834 58 97.532
109 787 44 35.623
110 775 49 39.58
111 742 59 14.853
112 1340 45 11.372
113 292 52 21.702
114 128 7 93.63
115 756 48 29.167
116 1375 19 17.362
117 387 60 66.231
118 270 44 77.873
119 693 50 43.303
120 155 38 97.83
121 575 25 67.241
122 506 1 38.992
123 543 34 20.412
124 237 30 97.661
125 1432 51 63.188
126 380 16 50.409
127 144 39 71.133
128 916 27 15.985
129 765 39 93.241
130 1183 34 50.221
131 75 35 2.375
132 1269 29 35.046
133 1142 33 10.082
134 219 4 24.152
135 584 42 95.244
136 628 21 28.119
137 425 44 21.678
138 279 38 22.4
139 843 46 15.97
140 24 54 70.934
141 1056 25 63.889
142 771 41 27.674
143 318 39 79.925
