150
1 1068 56 41.889
2 124 57 75.526
3 127 22 57.251
4 980 1 4.137
5 680 39 96.969
6 69 13 88.072
7 948 59 29.386
8 671 15 29.268
9 1135 4 16.974
10 368 37 63.437
11 897 57 90.167
12 1129 52 8.164
13 718 4 24.936
14 1154 58 26.567
15 1204 57 25.817
16 1017 44 92.757
17 1105 9 44.068
18 562 24 11.523
19 1032 7 95.709
20 564 20 74.096
21 879 59 13.44
22 1293 41 37.952
23 504 24 83.788
24 1317 46 67.129
25 960 31 89.269
26 1126 57 96.983
27 1358 30 50.311
28 915 15 60.228
29 1127 2 51.965
30 3 21 39.106
31 369 14 7.643
32 432 57 28.65
33 788 18 34.725
34 248 42 7.076
35 289 55 96.186
36 240 9 47.302
37 1131 9 60.378
38 1066 50 41.536
39 1045 15 94.656
40 555 26 99.623
41 281 8 75.256
42 991 6 24.851
43 885 18 38.54
44 1362 28 97.663
45 56 2 37.15
46 679 43 80.137
47 528 57 0.415
48 427 53 12.16
49 1384 16 92.262
50 378 31 51.737
51 67 53 1.86
52 300 18 42.107
53 1253 8 94.049
54 1391 34 73.493
55 433 27 32.46
56 1263 1 86.36
57 3 6 20.829
58 537 21 78.377
59 126 2 34.393
60 1276 33 93.555
61 822 48 45.089
62 215 38 26.828
63 726 13 56.402
64 116 47 93.047
65 993 18 29.405
66 1397 30 99.991
67 1115 25 97.499
68 60 32 41.462
69 1429 6 87.551
70 891 26 97.686
71 992 25 11.742
72 1082 36 52.157
73 52 3 20.215
74 1311 17 41.318
75 179 41 80.204
76 592 55 18.786
77 559 46 10.525
78 433 38 45.526
79 701 46 62.074
80 1163 11 30.459
81 904 13 27.145
82 1230 5 3.103
83 745 7 18.691
84 249 58 43.797
85 222 5 21.783
86 423 44 81.03
87 846 39 9.928
88 553 9 43.654
89 1076 13 12.584
90 1394 56 84.651
91 732 4 59.605
92 444 30 49.148
93 357 48 38.045
94 765 59 88.877
95 249 51 9.351
96 863 57 67.855
97 57 56 60.315
98 749 15 74.487
99 810 6 79.151
100 499 14 26.507
101 855 13 86.413
102 582 57 89.499
103 487 1 58.21
104 1282 48 8.602
105 884 20 13.844
106 463 46 64.587
107 432 54 69.397
108 12 47 14.62
109 731 38 5.153
110 909 2 19.608
111 86 14 69.354
112 1301 56 73.434
113 97 19 7.377
114 401 38 28.432
115 1179 54 49.864
116 1154 3 80.77
117 1391 29 56.775
118 130 26 3.475
119 958 8 4.84
120 319 48 5.229
121 103 31 28.144
122 1221 41 45.177
123 522 32 83.829
124 269 12 13.745
125 1009 9 35.551
126 1038 44 35.222
127 47 4 24.08
128 359 22 86.45
129 872 18 19.987
130 153 32 72.444
131 1363 47 54.947
132 1316 10 10.376
133 821 9 46.358
134 445 56 28.828
135 574 46 71.056
136 723 54 40.407
137 711 48 49.701
138 1355 32 95.437
139 890 25 68.216
140 342 3 60.59
141 1125 34 93.253
142 962 9 56.623
143 1117 53 4.146
144 886 27 66.527
145 1421 7 43.181
146 164 31 50.099
147 1410 34 2.405
148 1336 4 44.435
149 395 3 90.483
150 406 3 15.054