103
1 34 60 11.036
2 971 23 88.021
3 994 57 52.073
4 392 11 78.889
5 752 6 95.581
6 947 20 40.398
7 1305 43 50.792
8 39 31 35.708
9 1185 33 65.536
10 197 6 97.475
11 209 18 85.677
12 221 1 5.206
13 750 28 51.416
14 892 25 27.177
15 307 11 43.226
16 231 39 83.894
17 1351 29 52.957
18 302 45 31.795
19 244 40 32.632
20 478 19 48.264
21 711 35 6.365
22 89 42 4.014
23 623 42 7.422
24 1380 28 46.236
25 1114 54 91.692
26 510 42 70.31
27 1193 26 71.342
28 569 10 43.482
29 1134 59 60.635
30 338 37 9.693
31 134 39 28.038
32 918 21 74.916
33 1021 60 75.511
34 975 57 38.777
35 647 39 83.254
36 272 34 36.661
37 885 25 48.511
38 163 1 71.442
39 634 56 32.557
40 1196 20 38.462
41 358 52 80.809
42 280 18 76.868
43 1150 14 54.787
44 779 49 32.843
45 35 20 42.733
46 1045 59 84.189
47 184 8 16.132
48 145 22 74.898
49 46 37 67.687
50 170 7 97.008
51 1431 43 71.318
52 267 38 15.042
53 1051 21 77.211
54 762 9 9.665
55 1418 49 80.002
56 213 25 75.683
57 305 30 56.988
58 19 7 16.145
59 419 28 44.61
60 1355 25 53.305
61 994 9 15.049
62 600 59 83.847
63 780 33 32.322
64 331 30 92.253
65 6 42 55.097
66 1365 43 55.428
67 369 14 25.735
68 1015 10 34.104
69 698 10 60.477
70 1359 51 66.352
71 66 28 73.385
72 211 41 59.715
73 868 47 15.151
74 36 37 89.927
75 1332 12 84.881
76 1315 15 99.77
77 37 41 59.512
78 917 12 93.015
79 98 5 6.917
80 849 33 14.273
81 1366 7 33.059
82 29 26 63.149
83 1066 23 62.592
84 1118 4 69.659
85 1 28 66.849
86 435 58 76.577
87 719 54 58.377
88 176 13 48.177
89 442 19 32.071
90 1093 22 29.561
91 256 37 54.396
92 1366 14 97.927
93 840 7 47.711
94 321 16 56.952
95 1439 44 23.95
96 1438 43 1.13
97 1039 39 80.064
98 805 31 44.301
99 281 37 40.813
100 30 60 28.37
101 1133 51 62.307
102 1032 39 83.078
103 825 56 21.584
