133
1 510 51 50.889
2 136 34 23.282
3 86 26 82.13
4 808 57 88.112
5 794 19 16.999
6 834 13 92.697
7 747 43 84.367
8 665 13 52.035
9 1292 9 53.819
10 1233 27 1.205
11 201 57 62.312
12 1108 59 97.163
13 248 41 35.195
14 364 42 82.266
15 144 34 5.154
16 795 39 77.461
17 1217 8 69.059
18 1019 49 75.511
19 301 13 32.431
20 1102 25 82.558
21 172 15 85.59
22 1067 53 89.319
23 1409 51 8.355
24 699 25 9.813
25 183 1 78.011
26 1046 24 36.517
27 819 2 67.794
28 245 40 75.861
29 672 23 37.407
30 977 10 17.146
31 944 10 75.205
32 1061 15 1.756
33 959 34 73.848
34 1150 48 28.878
35 173 33 82.128
36 630 53 78.109
37 1063 10 76.64
38 783 16 29.785
39 181 44 39.475
40 651 51 24.729
41 332 53 95.087
42 1307 14 16.702
43 156 41 6.743
44 868 27 2.774
45 1037 16 85.305
46 978 6 98.024
47 593 59 79.638
48 85 7 93.902
49 575 45 96.651
50 981 1 75.066
51 1013 31 24.051
52 6 25 79.059
53 469 27 83.577
54 1266 47 96.865
55 1164 44 67.909
56 69 20 97.42
57 141 46 54.111
58 1393 32 15.091
59 1328 19 11.346
60 1350 8 96.722
61 497 29 91.371
62 177 24 66.155
63 1214 54 11.546
64 281 1 2.475
65 68 59 19.446
66 1308 25 46.004
67 1169 58 18.547
68 694 55 46.438
69 1182 38 3.78
70 1284 21 51.474
71 841 56 69.843
72 730 58 26.002
73 479 21 12.267
74 1241 24 58.294
75 1184 53 43.673
76 166 6 14.294
77 788 38 33.038
78 357 37 7.495
79 881 28 41.055
80 1045 54 57.757
81 168 28 56.352
82 182 5 18.582
83 82 38 95.712
84 710 17 90.554
85 296 14 6.474
86 14 33 13.815
87 984 23 91.969
88 327 36 50.361
89 1400 55 54.255
90 98 42 86.284
91 1428 57 64.222
92 969 39 1.232
93 1107 12 70.372
94 107 12 93.238
95 1222 45 92.514
96 58 36 8.205
97 724 22 38.788
98 784 53 97.912
99 492 13 72.03
100 1029 59 26.321
101 1158 59 4.582
102 1065 58 84.94
103 629 1 8.53
104 720 14 37.252
105 698 27 91.436
106 1228 32 69.509
107 470 2 87.61
108 727 37 65.869
109 913 10 60.255
110 1130 27 79.536
111 206 55 78.868
112 773 36 16.96
113 316 47 94.864
114 903 31 3.483
115 965 59 23.149
116 67 57 6.461
117 352 3 65.044
118 1260 46 71.588
119 1255 51 14.471
120 1048 6 85.485
121 1149 58 80.684
122 749 6 72.877
123 1170 28 27.143
124 975 2 49.41
125 333 30 76.611
126 1089 40 48.582
127 1016 49 7.401
128 820 41 3.969
129 1069 46 29.347
130 865 29 89.562
131 61 5 44.284
132 1320 2 10.046
133 200 55 69.11
