121
1 584 14 64.656
2 1193 38 77.678
3 549 8 33.133
4 911 36 13.174
5 1312 21 7.185
6 1189 26 67.131
7 584 3 24.233
8 1007 25 53.086
9 847 5 88.085
10 314 55 20.678
11 1278 53 70.718
12 1267 26 24.045
13 395 49 52.644
14 330 44 31.177
15 1369 15 82.38
16 464 17 93.835
17 1164 39 87.137
18 739 42 1.259
19 976 59 36.361
20 397 19 3.336
21 884 4 1.727
22 676 49 80.61
23 1032 6 99.179
24 1066 31 13.325
25 101 8 85.846
26 617 20 14.84
27 652 32 93.923
28 1408 40 22.375
29 121 4 65.775
30 909 27 55.343
31 616 34 21.142
32 216 18 75.187
33 1183 10 38.72
34 688 54 43.097
35 816 33 9.7
36 49 35 33.602
37 154 53 34.518
38 207 6 19.472
39 731 26 5.155
40 415 43 49.026
41 1386 50 41.694
42 568 30 59.493
43 656 40 55.377
44 858 40 91.859
45 1318 32 58.097
46 260 59 76.87
47 534 43 68.414
48 853 39 73.97
49 554 54 84.464
50 529 36 24.891
51 200 17 17.411
52 381 40 84.05
53 706 60 51.434
54 772 44 70.652
55 842 28 44.919
56 139 8 95.269
57 301 59 19.178
58 1343 33 69.738
59 952 52 57.728
60 347 49 24.307
61 1003 2 45.014
62 434 11 61.423
63 1288 9 72.137
64 702 31 5.56
65 490 12 89.441
66 522 15 35.633
67 1000 3 44.177
68 1392 15 31.99
69 4 48 81.161
70 1066 12 76.693
71 947 56 75.823
72 714 38 63.961
73 638 12 18.751
74 1129 58 20.021
75 948 17 79.554
76 1369 15 31.289
77 823 6 85.302
78 889 47 80.901
79 1072 43 45.068
80 1022 55 39.608
81 651 2 44.615
82 510 46 84.432
83 590 45 89.173
84 422 13 52.816
85 292 50 65.793
86 641 12 42.141
87 770 55 98.891
88 237 47 36.973
89 306 26 37.075
90 386 38 15.018
91 70 15 19.292
92 1280 51 10.493
93 1007 52 11.972
94 842 57 85.211
95 698 42 2.202
96 397 3 20.271
97 939 10 33.398
98 595 56 19.26
99 313 56 67.05
100 47 10 94.249
101 987 6 5.164
102 757 59 36.368
103 198 30 25.103
104 247 29 89.854
105 982 57 39.762
106 642 55 29.144
107 242 25 98.767
108 1363 58 69.56
109 900 56 61.226
110 97 33 22.585
111 39 55 47.214
112 398 5 89.674
113 1201 42 71.169
114 863 18 80.726
115 1165 52 88.469
116 109 9 61.669
117 2 46 5.824
118 1000 57 33.437
119 76 18 49.384
120 1351 60 44.757
121 266 48 25.449
