150
1 1232 60 32.269
2 308 44 34.522
3 21 17 75.879
4 1289 19 21.484
5 909 12 96.463
6 1196 27 26.298
7 549 1 77.33
8 1020 22 76.875
9 356 52 83.867
10 756 28 22.052
11 284 2 1.205
12 1086 44 9.22
13 271 10 65.839
14 167 36 92.649
15 293 47 37.51
16 1344 39 63.422
17 936 24 46.62
18 159 44 84.723
19 194 33 0.226
20 680 38 21.565
21 433 35 88.866
22 1123 33 79.484
23 113 54 39.292
24 102 24 59.515
25 611 46 18.611
26 795 47 35.547
27 1235 49 75.837
28 421 35 52.222
29 755 35 12.927
30 1295 19 21.419
31 350 32 45.401
32 922 32 3.688
33 1039 56 99.323
34 733 53 49.267
35 98 4 99.521
36 703 59 45.599
37 372 12 46.152
38 932 21 20.831
39 360 46 47.231
40 977 5 63.375
41 1020 10 42.52
42 146 28 56.152
43 1387 16 70.74
44 171 50 31.714
45 1130 12 9.293
46 234 48 36.167
47 434 58 0.733
48 950 14 37.32
49 1414 59 2.355
50 1393 42 94.709
51 1101 47 11.946
52 1186 35 85.009
53 1355 9 74.878
54 373 47 80.266
55 1272 1 68.477
56 325 57 33.21
57 645 25 96.11
58 313 56 51.241
59 844 4 70.519
60 529 2 31.304
61 1086 10 93.128
62 1339 53 86.494
63 389 42 42.268
64 442 15 89.364
65 1406 44 88.1
66 114 1 22.415
67 434 33 40.775
68 872 26 19.537
69 1304 25 57.775
70 48 59 34.556
71 517 44 13.835
72 836 27 28.279
73 1355 44 30.926
74 1254 35 80.464
75 615 43 89.472
76 221 18 91.842
77 1232 23 23.451
78 705 17 10.878
79 721 19 71.649
80 340 14 98.754
81 865 57 31.001
82 285 10 20.387
83 143 25 41.309
84 1304 18 29.184
85 1364 16 67.016
86 831 39 33.917
87 898 9 90.697
88 317 36 29.634
89 688 51 63.639
90 976 37 96.858
91 610 27 15.58
92 4 59 50.445
93 668 49 42.623
94 788 7 3.022
95 902 12 7.152
96 950 39 3.65
97 189 7 90.006
98 526 46 40.836
99 1436 50 95.253
100 1100 40 70.323
101 531 19 82.892
102 1 24 30.015
103 1132 28 53.762
104 333 41 92.718
105 736 18 20.075
106 1211 51 78.978
107 296 40 31.887
108 1061 1 42.385
109 915 11 66.835
110 837 45 5.526
111 1170 58 60.211
112 791 19 78.524
113 796 42 23.52
114 1313 4 49.543
115 136 9 44.787
116 403 5 41.595
117 592 3 53.843
118 361 7 34.889
119 1054 19 75.894
120 953 47 88.852
121 525 51 3.509
122 193 52 48.561
123 169 7 8.358
124 1283 60 15.71
125 1191 6 23.706
126 759 26 91.262
127 762 44 98.369
128 310 46 29.774
129 466 26 98.908
130 971 54 30.436
131 1211 19 85.062
132 224 44 9.222
133 407 57 20.974
134 1367 38 65.519
135 482 6 81.519
136 38 53 80.254
137 404 57 59.77
138 1413 38 68.831
139 397 4 23.778
140 943 20 13.191
141 30 6 88.105
142 324 50 42.783
143 558 41 99.13
144 633 19 93.515
145 473 28 49.869
146 1377 20 8.536
147 530 46 64.83
148 1191 9 88.299
149 363 21 89.789
150 433 36 13.569
