148
1 645 11 19.17
2 1231 44 80.396
3 316 22 95.431
4 664 49 57.672
5 553 39 37.936
6 1198 32 17.449
7 730 28 44.661
8 237 17 87.583
9 537 26 73.089
10 378 14 9.53
11 903 28 31.87
12 485 8 96.434
13 69 22 24.793
14 186 59 25.285
15 962 45 9.738
16 503 19 76.633
17 790 40 78.322
18 672 45 39.646
19 485 58 19.766
20 1146 24 3.174
21 1253 48 76.184
22 467 11 20.226
23 642 33 71.747
24 1384 16 49.082
25 1420 28 7.708
26 291 16 34.382
27 882 49 20.55
28 98 25 58.481
29 1288 50 28.355
30 1235 27 20.641
31 1251 12 11.157
32 127 11 94.147
33 581 22 97.009
34 986 32 39.123
35 1214 4 37.263
36 355 22 66.59
37 617 52 2.528
38 1092 50 67.428
39 262 16 23.961
40 764 38 36.396
41 451 39 88.127
42 1270 42 42.035
43 201 56 79.853
44 161 48 74.294
45 652 35 83.746
46 1170 9 46.76
47 1392 41 45.22
48 666 51 62.332
49 735 36 8.432
50 1036 11 24.329
51 958 2 89.181
52 594 24 42.645
53 795 21 1.731
54 571 5 29.243
55 1144 8 30.16
56 1418 38 35.578
57 961 38 42.224
58 57 5 82.316
59 327 44 70.152
60 942 17 21.678
61 731 27 28.789
62 1328 32 71.972
63 1028 13 19.124
64 622 27 82.748
65 812 17 4.333
66 27 28 50.437
67 744 6 81.598
68 1258 38 8.317
69 549 2 78.326
70 953 20 70.448
71 1316 36 43.743
72 631 13 80.107
73 1410 13 76.723
74 895 1 59.806
75 112 19 70.921
76 660 13 31.07
77 236 54 64.802
78 249 2 72.608
79 610 49 19.767
80 993 59 3.832
81 350 10 2.04
82 266 6 21.8
83 1426 37 75.654
84 500 39 33.986
85 1011 20 4.729
86 929 40 94.704
87 549 35 7.503
88 1249 1 66.487
89 307 47 71.923
90 489 29 14.66
91 265 60 15.217
92 126 42 4.01
93 538 46 34.178
94 572 22 71.537
95 430 7 15.566
96 1227 34 59.262
97 352 39 34.547
98 98 41 83.488
99 356 52 20.052
100 676 52 27.112
101 768 36 42.688
102 1186 37 43.971
103 304 24 34.441
104 605 23 59.447
105 921 38 16.016
106 1022 14 28.042
107 996 7 75.089
108 1268 11 6.65
109 445 25 81.72
110 973 51 45.808
111 611 32 68.268
112 933 1 19.693
113 276 29 36.62
114 730 42 46.71
115 1384 36 25.403
116 281 25 20.993
117 757 43 18.096
118 947 22 42.783
119 954 8 23.88
120 535 56 81.335
121 90 59 47.335
122 1281 40 32.199
123 428 56 71.043
124 862 7 52.258
125 850 40 13.282
126 413 44 12.119
127 171 6 19.329
128 965 41 25.326
129 1350 25 64.81
130 419 8 28.842
131 1272 60 48.732
132 924 16 23.245
133 1074 32 53.958
134 1436 37 15.014
135 1237 9 58.882
136 1132 17 60.873
137 911 18 11.431
138 883 8 46.684
139 800 12 61.71
140 1328 26 91.67
141 932 37 42.174
142 570 24 87.784
143 1362 39 44.805
144 713 48 89.573
145 622 45 94.575
146 1424 11 32.081
147 735 56 56.756
148 1369 7 55.064