125
1 465 24 95.305
2 259 13 70.072
3 175 9 25.249
4 1038 14 40.27
5 63 30 48.765
6 800 32 57.166
7 825 6 48.54
8 41 45 27.143
9 835 31 89.402
10 777 47 12.146
11 530 7 98.177
12 130 25 61.776
13 773 7 65.763
14 694 16 68.747
15 1020 58 64.673
16 426 38 80.222
17 1243 5 53.892
18 77 32 69.778
19 304 56 57.738
20 1197 57 44.623
21 1142 23 84.794
22 873 9 16.513
23 1232 7 53.117
24 643 45 35.989
25 1319 54 49.474
26 1278 13 31.262
27 729 34 28.867
28 1346 5 80.196
29 1040 59 69.727
30 451 23 24.901
31 25 19 34.637
32 547 3 42.493
33 772 20 82.763
34 854 12 65.429
35 239 11 92.389
36 53 13 96.361
37 330 20 12.415
38 780 22 82.967
39 1166 28 89.703
40 285 27 56.272
41 834 27 8.854
42 144 19 71.251
43 70 6 65.995
44 1067 34 36.296
45 1035 32 70.401
46 1238 5 19.589
47 288 22 38.861
48 1175 8 73.888
49 720 21 95.566
50 7 42 82.896
51 431 4 86.768
52 68 57 95.586
53 1188 12 18.424
54 883 29 12.853
55 411 39 22.95
56 970 51 16.143
57 250 7 57.912
58 928 42 13.392
59 901 33 72.101
60 966 37 39.588
61 739 30 23.101
62 405 4 44.73
63 222 14 72.064
64 1231 40 89.842
65 1342 24 82.268
66 1082 6 96.908
67 1230 33 81.289
68 1166 13 50.15
69 664 34 38.643
70 1065 42 20.225
71 594 40 30.055
72 164 48 32.461
73 826 15 62.969
74 164 36 42.109
75 757 52 93.259
76 658 34 30.613
77 731 51 88.737
78 1335 55 11.711
79 994 24 38.102
80 1199 55 91.028
81 421 19 39.908
82 786 54 91.059
83 1073 45 72.347
84 1385 39 58.343
85 1379 28 20.196
86 1084 33 83.143
87 551 11 7.725
88 555 27 77.446
89 1280 54 81.846
90 598 18 79.814
91 1033 18 28.178
92 1295 27 24.965
93 504 16 78.436
94 938 16 23.955
95 1222 34 82.313
96 754 32 77.515
97 229 25 9.254
98 350 50 56.541
99 876 59 5.424
100 281 2 60.808
101 1403 17 9.53
102 948 30 86.134
103 579 37 10.084
104 1244 23 85.771
105 1337 5 32.352
106 80 54 91.14
107 282 42 79.851
108 154 53 23.612
109 76 39 78.446
110 456 19 73.917
111 670 5 51.965
112 234 59 71.696
113 713 28 16.654
114 523 58 39.151
115 884 47 77.656
116 205 35 22.815
117 601 12 34.022
118 408 7 93.661
119 118 36 78.07
120 364 53 17.732
121 1310 21 29.95
122 497 48 50.039
123 228 37 71.39
124 170 9 92.262
125 272 15 33.03