150
1 934 57 56.187
2 112 33 18.631
3 553 42 53.186
4 40 41 65.927
5 839 52 19.666
6 49 38 15.561
7 1368 35 86.405
8 544 56 95.874
9 156 41 70.816
10 350 54 73.216
11 887 29 59.582
12 511 33 68.972
13 385 51 65.998
14 382 46 75.871
15 698 34 34.592
16 430 58 79.779
17 1085 44 13.281
18 1039 59 31.794
19 1106 36 60.901
20 478 49 61.801
21 651 44 76.899
22 76 48 85.029
23 1039 54 73.901
24 714 51 80.243
25 1067 45 28.912
26 763 19 12.927
27 421 53 24.705
28 49 39 68.181
29 684 50 27.761
30 666 8 8.823
31 340 31 74.867
32 552 39 87.727
33 342 55 43.437
34 94 40 70.06
35 82 55 29.235
36 570 56 93.345
37 688 48 61.816
38 345 12 23.127
39 1018 1 1.468
40 476 32 79.332
41 689 41 74.063
42 529 55 19.24
43 415 40 40.45
44 505 47 85.079
45 450 53 65.867
46 108 20 26.714
47 453 23 54.915
48 295 45 87.448
49 333 42 37.619
50 321 34 60.41
51 1396 29 57.646
52 507 42 96.085
53 720 30 29.585
54 1061 53 67.698
55 778 43 67.444
56 336 32 96.391
57 145 38 21.852
58 840 16 7.842
59 450 58 54.906
60 368 54 62.803
61 1326 7 13.958
62 101 10 7.443
63 226 31 33.944
64 402 33 66.114
65 273 33 71.073
66 1055 19 17.541
67 781 9 14.994
68 39 47 76.207
69 320 29 48.367
70 1124 41 9.507
71 772 42 26.617
72 440 43 85.199
73 1202 28 38.276
74 195 47 18.691
75 597 55 16.114
76 639 35 92.741
77 729 59 77.228
78 1374 51 92.974
79 436 18 20.155
80 543 37 89.355
81 510 16 9.796
82 708 34 53.317
83 1325 46 26.715
84 266 58 60.172
85 379 49 24.773
86 325 37 29.719
87 1103 41 29.322
88 336 35 72.547
89 700 17 9.933
90 1408 38 32.253
91 1219 37 42.902
92 489 38 69.844
93 994 31 42.339
94 782 53 51.689
95 1330 23 51.429
96 251 33 74.232
97 772 29 65.272
98 574 58 25.14
99 1347 57 84.815
100 303 58 93.604
101 46 59 89.433
102 132 44 47.283
103 1086 59 76.012
104 564 43 88.806
105 90 32 37.985
106 344 9 18.628
107 188 58 69.003
108 685 30 92.565
109 320 31 20.808
110 1322 31 54.783
111 1044 12 12.784
112 294 37 79.32
113 855 16 3.377
114 103 54 69.145
115 43 55 25.28
116 390 37 78.442
117 12 52 11.171
118 577 49 70.96
119 501 18 15.547
120 373 33 98.093
121 971 45 48.675
122 578 31 33.565
123 685 8 12.747
124 73 30 75.675
125 1248 52 57.229
126 1416 24 19.848
127 915 29 42.566
128 78 37 71.829
129 757 22 15.146
130 464 42 34.741
131 922 53 55.099
132 48 53 61.659
133 1086 54 85.954
134 811 12 12.592
135 1182 35 39.698
136 536 41 63.173
137 1157 43 87.605
138 1196 37 56.681
139 56 24 57.079
140 310 33 96.441
141 460 36 37.304
142 1264 53 58.744
143 841 27 24.331
144 205 48 91.865
145 1282 30 57.757
146 124 37 53.728
147 1051 30 18.516
148 714 58 73.22
149 535 27 10.128
150 682 47 10.91