150
1 842 50 55.387
2 832 19 42.288
3 1212 36 64.007
4 1126 49 70.257
5 61 48 90.774
6 222 35 43.214
7 730 47 8.506
8 603 47 54.099
9 725 23 48.146
10 831 44 43.179
11 116 55 50.646
12 259 27 35.359
13 1096 36 23.401
14 755 11 31.956
15 402 15 79.066
16 672 57 31.44
17 206 43 44.076
18 1258 50 15.509
19 1084 4 86.857
20 1345 2 25.353
21 1278 32 51.496
22 362 32 16.316
23 1319 8 36.137
24 912 59 15.898
25 77 26 39.002
26 300 52 90.631
27 42 13 83.159
28 100 49 82.858
29 1076 52 42.288
30 856 59 48.401
31 1019 44 49.207
32 1167 46 65.493
33 424 8 51.136
34 1132 8 3.065
35 1070 3 80.061
36 180 8 11.155
37 850 21 91.327
38 718 10 15.651
39 402 46 4.687
40 1352 51 24.18
41 1034 36 48.631
42 580 59 27.281
43 536 46 7.476
44 482 48 28.464
45 618 28 70.02
46 1293 23 19.454
47 304 60 16.665
48 562 49 9.705
49 1241 41 48.768
50 1317 26 95.666
51 1184 46 63.442
52 1226 33 79.366
53 342 26 95.685
54 924 39 12.62
55 1068 60 71.024
56 320 29 61.793
57 299 52 54.156
58 61 20 87.221
59 616 4 20.906
60 642 19 65.214
61 371 20 8.496
62 1202 15 17.409
63 106 43 42.584
64 184 30 9.446
65 739 6 83.084
66 717 51 83.789
67 1050 4 44.584
68 1331 23 45.929
69 1431 37 53.99
70 1190 22 45.275
71 32 27 47.999
72 880 47 76.418
73 118 23 63.628
74 396 28 57.542
75 166 43 14.376
76 1410 25 32.989
77 1273 8 81.42
78 382 52 45.46
79 1222 24 21.14
80 818 4 41.951
81 566 4 6.924
82 77 30 54.27
83 156 15 7.136
84 1436 3 66.572
85 1175 31 21.961
86 81 22 31.776
87 156 41 46.718
88 1337 56 66.025
89 25 3 59.027
90 1232 15 85.265
91 373 46 72.652
92 1216 19 85.83
93 1367 10 47.203
94 1192 41 97.695
95 1315 17 49.881
96 224 19 63.357
97 185 21 60.301
98 1046 36 42.57
99 429 3 6.916
100 1122 6 14.806
101 906 15 54.999
102 1196 26 12.329
103 349 32 97.998
104 5 21 37.83
105 1092 56 50.779
106 1000 36 6.995
107 1419 5 78.237
108 700 29 8.196
109 610 1 14.051
110 857 29 86.764
111 487 48 25.511
112 332 14 95.129
113 846 37 98.757
114 310 8 90.341
115 586 53 70.738
116 694 9 44.505
117 1250 27 66.849
118 795 7 51.386
119 283 40 28.964
120 1152 1 47.471
121 667 54 71.604
122 519 36 14.724
123 228 41 98.305
124 1145 1 53.083
125 607 40 83.518
126 295 6 48.036
127 626 44 10.448
128 367 53 21.454
129 1422 53 67.659
130 191 57 14.764
131 1097 26 97.496
132 654 15 86.106
133 1321 16 37.097
134 1097 42 45.426
135 644 2 19.303
136 630 55 0.51
137 90 8 64.025
138 1420 10 10.485
139 1241 20 36.304
140 577 22 21.568
141 1404 6 83.522
142 224 17 81.13
143 264 20 72.083
144 1429 45 5.684
145 802 12 21.707
146 1333 47 8.161
147 595 35 51.15
148 165 26 57.319
149 1411 21 7.476
150 656 34 22.525
