150
1 705 6 20.742
2 1156 41 58.284
3 788 10 54.113
4 1160 36 90.372
5 650 47 10.033
6 1234 41 64.602
7 1085 3 75.475
8 1144 51 47.072
9 990 25 99.729
10 662 3 24.061
11 788 18 91.114
12 761 4 44.453
13 238 49 5.953
14 823 8 11.899
15 1278 59 22.465
16 421 33 98.788
17 513 57 9.055
18 1185 41 1.538
19 1130 50 97.56
20 336 31 34.581
21 813 13 86.081
22 568 23 88.059
23 1169 43 29.407
24 1439 24 88.288
25 615 34 79.158
26 1138 35 23.289
27 208 2 13.746
28 1186 30 35.844
29 419 20 58.42
30 1416 3 94.072
31 502 56 86.065
32 419 57 88.941
33 815 17 75.271
34 460 1 38.503
35 575 3 17.309
36 859 60 18.127
37 1236 28 39.289
38 1010 52 47.404
39 795 12 45.667
40 1405 1 55.557
41 615 7 24.589
42 885 37 74.006
43 174 10 12.617
44 949 30 22.312
45 983 21 30.356
46 645 46 15.883
47 884 28 35.123
48 1366 8 27.294
49 873 51 59.592
50 126 30 72.484
51 137 17 46.859
52 789 40 25.292
53 152 44 97.622
54 604 42 37.877
55 425 42 27.962
56 399 56 28.614
57 225 48 23.353
58 544 27 74.266
59 171 14 48.942
60 102 44 42.911
61 1350 45 37.82
62 946 2 90.577
63 86 27 41.807
64 1332 50 63.643
65 299 23 58.25
66 459 19 71.618
67 148 5 15.185
68 138 34 17.105
69 663 1 72.138
70 1341 18 42.435
71 230 27 70.481
72 144 36 33.405
73 128 49 59.665
74 253 37 61.461
75 320 14 81.012
76 349 25 82.217
77 798 52 60.098
78 146 40 0.146
79 516 51 52.287
80 287 8 73.406
81 1015 19 26.695
82 1248 29 34.142
83 1338 29 12.049
84 1113 4 79.833
85 1225 14 60.382
86 896 42 72.746
87 2 37 16.844
88 395 47 71.975
89 1215 58 28.585
90 1192 40 65.997
91 1167 56 96.674
92 461 27 82.149
93 567 10 43.248
94 882 43 57.623
95 1244 43 75.894
96 641 60 62.943
97 757 45 70.977
98 1329 32 25.102
99 1281 56 80.69
100 1268 10 99.266
101 1207 34 8.8
102 410 8 16.025
103 259 33 40.076
104 394 2 19.561
105 558 12 0.862
106 490 35 50.746
107 629 29 77.636
108 927 34 91.155
109 1337 35 99.08
110 215 44 48.351
111 1144 12 59.778
112 909 57 2.495
113 319 54 4.991
114 462 38 40.261
115 1196 59 70.879
116 640 57 26.386
117 310 22 19.212
118 626 58 87.735
119 1248 58 3.318
120 787 1 82.783
121 1155 4 98.853
122 1002 45 46.125
123 281 54 40.746
124 1361 32 48.965
125 134 39 47.764
126 734 4 17.326
127 1285 31 5.537
128 910 47 30.76
129 399 33 98.813
130 1203 16 8.672
131 782 27 20.708
132 1249 27 50.023
133 75 11 74.148
134 618 40 79.942
135 317 7 7.425
136 1356 9 89.054
137 302 35 54.639
138 305 46 75.502
139 219 14 58.206
140 1152 29 3.67
141 321 9 94.544
142 494 37 29.409
143 803 10 33.897
144 1172 18 18.087
145 977 45 17.252
146 1327 56 18.305
147 27 21 23.65
148 351 4 34.183
149 882 1 31.083
150 754 5 12.76