101
1 1 1 99
2 2 1 5
3 3 1 10
4 4 1 30.13
5 5 1 99.12
6 5 1 90.11
7 6 1 95
8 7 1 98
9 8 1 99
10 9 1 5
11 10 1 10
12 11 1 30
13 12 1 20
14 13 1 40.002
15 13 1 50
16 14 3 20.01
17 15 4 40
18 15 8 40
19 17 3 70
20 18 2 71
21 20 2 80.1
22 20 2 80.1
23 20 2 80.1
24 20 3 85.3
25 21 4 70
26 20 2 70
27 20 3 70
28 21 4 80
29 20 4 70.5
30 20 3 70
31 20 3 65
32 22 4 68
33 20 3 70
34 20 6 90
35 21 6 80
36 22 5 90
37 23 4 90
38 22 3 30
39 21 2 40
40 20 1 99
41 20 1 98
42 20 2 99
43 20 3 97
44 24 2 2.77
45 40 60 99
46 25 60 25.019
47 28 4 60
48 27 4 50
49 26 4 40
50 20 1 5
51 21 1 10
52 22 1 15
53 23 1 20
54 24 1 25
55 25 1 30
56 26 1 35
57 27 1 40
58 28 1 45
59 29 1 50
60 30 1 55
61 31 1 60
62 32 1 65
63 33 1 70
64 34 1 75
65 35 1 70
66 36 1 65
67 37 1 60
68 38 1 55
69 39 1 50
70 40 1 45
71 41 1 40
72 41 1 41
73 41 3 99
74 41 4 99.09
75 41 5 99.099
76 42 6 99.999
77 70 5 1
78 70 5 2
79 70 5 3
80 71 1 10
81 71 2 10
82 71 3 10
83 71 4 10
84 71 5 10
85 71 6 10
86 77 2 20
87 80 4 15
88 80 5 15
89 81 1 20
90 82 1 15
91 82 2 40
92 83 5 42
93 88 3 20
94 89 4 22
95 89 3 25
96 90 1 20
97 90 2 20
98 95 6 50
99 99 3 60
100 100 60 99.999
101 5 5 5
