150
1 681 19 68.19
2 538 19 74.151
3 499 48 20.695
4 427 14 54.506
5 558 21 79.783
6 275 2 17.517
7 1334 38 13.879
8 1293 42 30.87
9 207 21 67.470
10 221 31 42.605
11 810 26 72.181
12 477 51 10.198
13 509 44 37.322
14 1056 19 44.286
15 870 31 87.454
16 586 48 11.740
17 1361 24 4.314
18 395 28 3.393
19 331 4 69.964
20 983 53 48.675
21 164 22 45.877
22 1224 51 44.480
23 238 24 64.354
24 1099 2 18.730
25 325 40 91.281
26 187 26 51.378
27 1240 34 94.74
28 115 54 82.478
29 53 54 62.841
30 656 41 31.446
31 609 33 96.868
32 466 36 7.15
33 1169 16 24.821
34 1265 58 65.905
35 668 50 47.332
36 1061 56 82.223
37 335 7 35.216
38 1013 30 61.563
39 306 22 6.553
40 661 57 45.25
41 1176 58 63.545
42 576 33 66.684
43 1088 8 83.265
44 136 4 48.569
45 852 59 78.382
46 970 38 79.880
47 841 26 58.91
48 174 26 93.18
49 138 35 27.34
50 1196 38 11.738
51 220 33 64.576
52 503 23 35.550
53 405 7 36.966
54 412 45 17.343
55 220 58 94.108
56 1145 6 94.626
57 442 16 41.256
58 1303 52 73.243
59 692 25 4.27
60 408 56 8.289
61 37 37 80.716
62 363 30 78.752
63 1177 34 42.843
64 185 10 38.93
65 584 19 72.100
66 1080 53 77.249
67 24 37 75.575
68 1076 58 83.686
69 500 21 6.133
70 408 54 28.185
71 1007 55 69.27
72 799 45 51.300
73 515 24 28.10
74 100 58 42.525
75 1354 13 3.124
76 1264 1 31.707
77 908 40 90.36
78 760 27 89.341
79 413 47 78.825
80 1099 25 78.549
81 739 45 71.700
82 407 1 2.655
83 487 35 93.236
84 1188 40 23.646
85 631 11 76.924
86 905 56 82.9
87 733 29 97.258
88 450 43 37.469
89 1044 4 74.618
90 991 34 94.583
91 625 35 75.578
92 18 36 37.404
93 948 16 51.278
94 731 23 62.17
95 1127 54 58.499
96 343 4 65.332
97 874 3 1.904
98 1039 36 55.308
99 1277 24 79.853
100 1114 55 24.679
101 168 19 47.958
102 623 15 25.420
103 52 8 62.655
104 400 37 6.217
105 449 22 88.137
106 1102 54 46.745
107 253 53 70.594
108 1083 34 40.303
109 1084 54 62.203
110 1092 29 63.245
111 7 53 15.958
112 417 16 52.795
113 1033 35 17.102
114 1415 22 64.407
115 1047 10 51.831
116 304 37 90.787
117 109 7 83.368
118 1211 56 60.670
119 1224 1 73.850
120 1091 32 18.971
121 1272 47 12.167
122 728 20 3.716
123 366 43 1.880
124 778 27 5.844
125 861 1 77.589
126 345 12 90.656
127 43 22 76.948
128 1236 23 81.393
129 200 14 39.371
130 1112 33 98.88
131 905 21 80.515
132 1103 3 61.189
133 688 50 14.99
134 1437 25 55.507
135 1141 31 33.538
136 116 43 10.88
137 123 31 43.449
138 496 59 66.920
139 668 35 61.126
140 348 58 61.445
141 1413 14 39.441
142 345 51 6.838
143 716 37 24.810
144 1023 5 41.711
145 83 7 11.230
146 923 5 97.45
147 1274 32 47.142
148 437 46 90.33
149 820 12 91.45
150 573 55 68.299
