114
1 872 18 77
2 1061 34 95
3 478 31 64
4 290 36 22
5 1314 15 21
6 836 17 50
7 1004 23 59
8 1283 36 84
9 351 22 64
10 1440 16 23
11 931 12 19
12 490 29 14
13 830 56 63
14 1054 36 58
15 413 13 41
16 770 47 65
17 98 1 85
18 441 35 6
19 442 1 4
20 719 11 4
21 944 40 42
22 419 11 25
23 1372 22 82
24 1100 7 98
25 803 54 42
26 512 26 44
27 924 9 53
28 355 16 82
29 1349 20 9
30 366 6 56
31 180 2 38
32 1210 40 38
33 783 15 69
34 1382 24 93
35 1426 41 80
36 813 14 88
37 93 2 56
38 943 8 81
39 1410 7 17
40 75 43 28
41 346 22 72
42 386 18 37
43 157 55 50
44 1184 45 95
45 785 13 36
46 1066 59 60
47 806 43 30
48 198 56 53
49 311 18 55
50 1000 38 90
51 1293 28 79
52 1311 42 69
53 1427 12 29
54 766 16 59
55 707 27 25
56 1256 52 66
57 23 36 30
58 368 21 68
59 166 39 7
60 1418 28 2
61 1369 43 90
62 499 31 71
63 1124 25 46
64 869 9 11
65 521 16 42
66 187 25 82
67 582 23 79
68 1107 54 48
69 629 8 14
70 453 35 84
71 1049 12 29
72 370 23 72
73 361 6 17
74 831 41 41
75 1096 8 76
76 792 13 42
77 300 33 94
78 672 50 97
79 85 14 33
80 873 29 66
81 36 1 31
82 844 33 94
83 1036 53 13
84 55 19 22
85 121 59 85
86 1221 24 78
87 238 43 23
88 302 2 95
89 1362 57 56
90 70 51 54
91 355 56 86
92 469 59 87
93 571 22 21
94 397 59 50
95 248 17 84
96 715 58 48
97 122 44 26
98 672 34 93
99 636 18 94
100 1294 24 9
101 818 5 33
102 820 54 43
103 149 56 54
104 1268 7 33
105 1052 39 15
106 74 41 10
107 788 26 37
108 424 22 60
109 799 17 10
110 101 40 7
111 858 27 10
112 835 20 88
113 598 19 97
114 1033 39 47
