150
1 717 40 70.434
2 479 34 85.997
3 340 12 60.725
4 1174 33 28.346
5 1283 31 31.148
6 1219 45 1.071
7 1131 41 31.233
8 1123 60 53.388
9 1216 45 67.344
10 553 49 70.612
11 98 13 4.077
12 1234 33 56.031
13 388 59 92.846
14 1036 57 84.457
15 157 56 5.095
16 630 39 71.078
17 601 34 94.534
18 1107 29 5.722
19 978 58 38.002
20 1380 12 37.688
21 1282 16 74.223
22 1132 4 69.162
23 778 30 25.054
24 744 8 48.059
25 1042 46 69.285
26 614 40 48.745
27 540 34 24.226
28 1025 52 54.438
29 135 60 16.42
30 616 26 28.208
31 1378 51 13.306
32 240 40 97.047
33 420 6 89.667
34 521 58 41.653
35 1435 35 34.585
36 808 24 82.286
37 1090 37 87.735
38 1013 27 11.508
39 375 50 19.821
40 565 59 71.312
41 681 39 24.402
42 148 41 20.829
43 1284 41 6.709
44 516 2 79.592
45 760 44 94.621
46 818 28 65.005
47 416 17 41.776
48 592 9 23.329
49 160 14 48.13
50 1371 39 80.183
51 489 17 82.273
52 1405 2 31.836
53 731 22 79.586
54 951 45 3.619
55 576 43 80.111
56 1260 27 23.503
57 1431 43 76.426
58 848 7 22.623
59 1318 27 95.264
60 1125 32 98.713
61 753 17 48.243
62 505 58 79.707
63 1044 59 45.02
64 692 50 40.417
65 970 49 14.749
66 828 35 82.496
67 1298 15 43.086
68 901 20 17.271
69 579 40 53.796
70 1298 28 92.14
71 527 55 94.322
72 257 26 6.235
73 672 29 76.663
74 540 19 64.167
75 619 8 52.59
76 646 30 91.926
77 1237 15 56.449
78 621 16 18.412
79 792 47 45.317
80 1207 28 13.591
81 698 30 33.311
82 482 30 94.175
83 830 33 92.908
84 741 44 37.689
85 517 16 6.969
86 760 50 25.758
87 119 59 2.163
88 929 48 12.474
89 1238 23 5.049
90 732 57 75.857
91 571 42 13.123
92 104 37 51.285
93 1340 43 31.44
94 1003 2 14.242
95 1078 48 62.691
96 442 19 70.169
97 1122 15 36.535
98 902 41 42.376
99 591 39 30.39
100 5 43 3.773
101 263 53 85.858
102 266 12 49.546
103 104 19 22.259
104 522 39 64.946
105 855 38 16.575
106 1383 41 75.555
107 1145 13 77.292
108 678 36 55.491
109 1400 59 39.706
110 96 50 10.225
111 561 43 39.308
112 1229 17 62.453
113 989 34 57.556
114 16 2 47.817
115 947 57 49.454
116 776 43 64.958
117 330 16 44.421
118 1311 16 8.822
119 240 31 11.361
120 519 12 80.537
121 1391 11 46.735
122 236 32 92.47
123 493 7 33.037
124 952 58 46.574
125 1272 4 66.354
126 1329 27 10.3
127 376 51 77.471
128 599 25 13.489
129 1010 55 61.616
130 539 20 81.759
131 80 21 30.961
132 557 4 24.808
133 183 58 5.57
134 1329 36 43.588
135 858 21 58.939
136 424 15 8.785
137 240 57 82.954
138 1227 44 63.133
139 968 43 12.055
140 1075 1 67.256
141 1158 3 46.34
142 1120 52 51.801
143 1369 28 49.184
144 155 7 83.748
145 508 39 13.596
146 308 13 89.506
147 633 54 70.552
148 1439 5 99
149 1439 5 99
150 1439 5 99
