150
1 293 3 54.15
2 84 24 43.94
3 1108 34 10.36
4 1399 25 43.8
5 987 7 47.6
6 10 17 20.23
7 1429 21 49.3
8 714 13 5.701
9 799 38 14.41
10 148 2 50.23
11 73 55 73.122
12 189 25 48.12
13 397 31 36.535
14 726 33 59.1
15 875 27 41.19
16 612 19 34.51
17 1018 28 98.632
18 1275 44 58.8
19 1108 41 78.163
20 436 56 20.21
21 1360 29 26.0
22 861 46 18.798
23 13 5 37.921
24 1174 24 15.63
25 189 20 92.7
26 424 14 5.091
27 621 7 89.451
28 1058 23 93.67
29 755 40 68.29
30 694 44 9.686
31 318 7 21.7
32 932 25 29.031
33 351 37 47.899
34 812 42 16.6
35 1211 15 43.99
36 657 17 85.19
37 1111 33 5.69
38 13 1 39.31
39 67 15 89.43
40 1306 55 90.3
41 300 37 52.95
42 1056 28 71.842
43 1156 42 9.48
44 280 24 1.26
45 1015 9 71.0
46 680 32 19.335
47 1386 44 59.46
48 38 25 72.6
49 760 33 67.16
50 1048 24 26.69
51 487 11 25.8
52 856 9 44.6
53 1061 44 55.36
54 1033 26 35.3
55 321 44 66.042
56 1155 40 50.056
57 197 37 59.789
58 1204 25 97.626
59 1284 57 74.724
60 487 10 82.56
61 48 51 40.5
62 994 7 52.53
63 999 14 70.0
64 721 43 56.197
65 1418 32 65.25
66 743 16 89.5
67 1135 43 56.102
68 436 52 36.111
69 49 32 49.227
70 567 58 56.824
71 522 47 46.2
72 350 15 5.29
73 1262 58 21.4
74 1146 2 95.77
75 10 44 23.62
76 70 32 32.03
77 514 27 40.9
78 1281 40 56.1
79 673 47 94.86
80 930 28 88.9
81 380 59 44.8
82 480 36 41.777
83 884 29 7.075
84 264 36 66.5
85 1185 51 6.211
86 385 51 1.4
87 126 52 91.9
88 671 45 25.576
89 655 45 89.3
90 53 25 35.732
91 175 2 87.0
92 573 27 33.146
93 861 43 66.47
94 466 40 68.872
95 1388 60 15.45
96 218 19 77.54
97 235 57 18.06
98 568 45 21.52
99 1388 56 67.43
100 736 27 40.56
101 118 48 25.312
102 111 52 77.2
103 817 34 28.6
104 1171 5 77.6
105 503 56 42.22
106 492 43 32.49
107 592 49 54.367
108 711 60 75.8
109 775 36 59.5
110 1323 24 5.489
111 622 14 26.176
112 295 14 5.0
113 1360 1 61.1
114 388 34 34.562
115 1084 42 85.52
116 1382 3 90.02
117 1114 46 48.3
118 371 22 13.76
119 418 32 34.747
120 550 20 5.462
121 571 12 1.136
122 117 55 23.5
123 190 8 91.947
124 213 45 70.782
125 1255 17 54.128
126 1215 5 86.87
127 52 22 37.87
128 1420 40 86.77
129 588 53 79.127
130 1176 34 18.0
131 321 50 67.1
132 518 3 9.467
133 625 20 82.0
134 1415 14 57.78
135 1355 19 73.4
136 1164 6 9.6
137 1233 53 64.9
138 1252 33 21.16
139 1339 10 18.748
140 307 38 22.421
141 1411 32 22.452
142 1012 42 1.714
143 1231 41 49.81
144 1424 16 2.2
145 737 29 23.4
146 670 29 87.3
147 37 11 42.9
148 153 5 98.392
149 1379 46 24.9
150 19 27 45.611