150
1 152 40 98.0
2 861 26 17.0
3 949 29 1.0
4 1075 9 24.0
5 839 58 47.0
6 1030 45 31.0
7 345 15 75.0
8 882 12 94.0
9 1161 11 10.0
10 1126 51 71.0
11 207 32 57.0
12 1282 40 16.0
13 1411 23 18.0
14 161 20 21.0
15 525 2 64.0
16 85 19 8.0
17 1404 34 23.0
18 516 53 82.0
19 706 14 54.0
20 1272 9 11.0
21 442 59 77.0
22 992 46 36.0
23 1286 26 4.0
24 1162 26 79.0
25 218 1 1.0
26 1130 47 94.0
27 633 2 9.0
28 1167 25 52.0
29 432 19 24.0
30 250 19 75.0
31 530 27 52.0
32 1282 29 90.0
33 846 16 45.0
34 1019 58 45.0
35 1179 36 14.0
36 694 58 35.0
37 94 27 92.0
38 132 60 17.0
39 863 11 80.0
40 705 35 62.0
41 883 24 20.0
42 1030 44 75.0
43 422 52 89.0
44 981 43 41.0
45 1194 43 78.0
46 1178 13 67.0
47 558 31 26.0
48 987 30 39.0
49 199 60 68.0
50 1076 32 25.0
51 1324 16 28.0
52 294 40 89.0
53 502 46 21.0
54 249 27 76.0
55 1295 23 5.0
56 771 22 86.0
57 849 35 63.0
58 1319 39 48.0
59 452 3 24.0
60 894 25 87.0
61 1298 32 59.0
62 36 43 46.0
63 36 56 90.0
64 681 39 97.0
65 1203 38 18.0
66 265 55 47.0
67 275 50 16.0
68 1048 30 49.0
69 196 45 77.0
70 823 41 60.0
71 803 60 66.0
72 372 56 46.0
73 378 6 3.0
74 317 56 61.0
75 1390 34 98.0
76 1166 10 24.0
77 1087 39 7.0
78 792 5 36.0
79 251 60 32.0
80 1257 1 90.0
81 191 45 57.0
82 1225 13 39.0
83 1187 43 90.0
84 19 25 82.0
85 1149 1 68.0
86 710 31 8.0
87 357 36 88.0
88 676 56 44.0
89 70 33 81.0
90 572 53 30.0
91 706 59 55.0
92 858 31 23.0
93 758 52 58.0
94 314 15 6.0
95 577 11 41.0
96 176 16 77.0
97 810 8 86.0
98 611 52 63.0
99 1333 60 35.0
100 233 49 59.0
101 1061 24 48.0
102 493 8 67.0
103 1148 5 68.0
104 274 43 35.0
105 578 2 69.0
106 1040 26 59.0
107 179 46 1.0
108 42 9 77.0
109 740 54 81.0
110 1419 5 14.0
111 778 43 26.0
112 54 58 43.0
113 4 56 75.0
114 412 1 84.0
115 3 22 36.0
116 996 52 59.0
117 1367 20 5.0
118 333 15 23.0
119 243 10 21.0
120 208 12 46.0
121 471 31 96.0
122 553 29 85.0
123 595 18 65.0
124 855 45 47.0
125 271 46 32.0
126 1375 44 47.0
127 296 31 69.0
128 325 34 21.0
129 445 14 29.0
130 977 46 51.0
131 79 52 48.0
132 873 54 36.0
133 483 43 71.0
134 182 7 30.0
135 904 29 9.0
136 1075 19 3.0
137 400 36 66.0
138 879 31 47.0
139 1172 46 61.0
140 506 41 83.0
141 1327 24 23.0
142 579 14 8.0
143 1334 53 29.0
144 875 58 31.0
145 917 58 92.0
146 953 11 95.0
147 767 60 31.0
148 772 20 25.0
149 1099 54 67.0
150 503 57 74.0
