150
1 890 39 86.591
2 1331 58 58.114
3 828 45 54.337
4 898 4 20.51
5 581 16 5.508
6 631 21 20.41
7 1147 8 22.051
8 775 48 67.197
9 925 7 16.694
10 74 26 61.253
11 943 5 37.847
12 215 41 64.14
13 1024 3 0.401
14 244 25 77.913
15 23 47 64.334
16 574 41 56.979
17 656 17 15.79
18 1249 27 1.373
19 630 2 60.737
20 761 23 23.185
21 627 11 17.289
22 1337 53 65.903
23 1287 18 55.117
24 859 43 91.34
25 592 30 48.144
26 68 23 12.327
27 259 9 63.084
28 228 4 74.91
29 1413 32 78.965
30 1153 47 46.111
31 1175 59 41.913
32 914 31 12.629
33 870 28 63.11
34 795 52 49.241
35 960 50 19.5
36 1108 2 28.789
37 1155 16 88.849
38 558 43 20.065
39 385 51 6.424
40 715 9 62.273
41 1047 29 57.953
42 318 53 80.884
43 413 27 68.864
44 734 16 7.45
45 1271 37 4.584
46 1026 54 49.87
47 960 33 50.156
48 975 57 65.699
49 1203 60 18.68
50 737 13 9.95
51 1397 57 24.99
52 1250 11 41.574
53 434 3 67.492
54 711 33 40.985
55 1106 46 59.755
56 779 27 58.878
57 908 31 37.895
58 124 34 70.209
59 431 30 48.35
60 148 26 68.731
61 988 27 63.548
62 76 14 43.39
63 365 4 84.13
64 439 6 83.665
65 1153 22 91.021
66 998 25 26.487
67 185 59 29.412
68 385 19 40.042
69 879 42 55.262
70 602 40 29.798
71 654 17 62.611
72 172 31 26.105
73 263 36 53.058
74 771 14 20.277
75 301 58 2.648
76 285 52 83.502
77 770 51 94.335
78 1032 50 31.677
79 782 16 35.679
80 226 47 8.18
81 532 5 53.301
82 1189 60 41.8
83 1431 16 2.695
84 98 55 2.195
85 1219 9 56.637
86 873 45 29.87
87 390 47 44.969
88 1035 9 3.203
89 25 40 16.671
90 295 28 5.487
91 149 11 80.388
92 1317 27 39.395
93 1111 9 20.006
94 899 25 2.431
95 646 54 35.725
96 426 35 97.445
97 454 5 27.649
98 631 23 51.767
99 39 51 35.743
100 799 53 69.438
101 361 41 67.957
102 942 6 98.584
103 1061 32 33.444
104 314 32 44.638
105 1112 5 94.687
106 176 60 78.616
107 776 44 90.54
108 609 20 91.194
109 893 42 96.048
110 1077 48 12.798
111 725 20 93.499
112 278 45 54.245
113 157 37 96.625
114 579 8 65.792
115 1199 23 92.45
116 585 18 49.141
117 1394 43 76.436
118 1402 32 69.433
119 750 22 11.6
120 1119 11 99.469
121 968 4 77.03
122 442 27 46.438
123 720 11 69.081
124 181 25 82.605
125 288 55 37.768
126 1192 34 58.739
127 270 54 58.216
128 993 4 26.665
129 822 11 72.615
130 1341 18 31.228
131 947 35 27.845
132 1215 43 69.878
133 185 46 9.933
134 1067 53 86.52
135 1044 30 7.485
136 1098 37 86.828
137 33 20 10.559
138 309 46 8.406
139 432 49 73.65
140 329 19 35.177
141 1240 37 12.53
142 367 4 66.167
143 40 4 76.172
144 1081 57 36.79
145 748 47 31.254
146 1275 42 44.556
147 165 7 60.281
148 1290 42 81.937
149 291 37 66.723
150 1406 42 48.354
