148
1 675 39 82.301
2 1175 28 39.994
3 514 40 70.443
4 21 14 34.963
5 775 53 44.935
6 1163 2 96.973
7 760 46 42.029
8 133 58 43.129
9 1044 18 8.291
10 1402 17 74.454
11 426 52 23.804
12 1022 36 44.914
13 902 48 91.023
14 1219 26 0.115
15 650 30 62.534
16 202 53 74.326
17 157 27 85.472
18 780 38 36.619
19 1407 48 75.061
20 1011 4 15.355
21 992 51 11.666
22 778 18 98.161
23 997 27 23.765
24 1153 10 38.182
25 182 48 4.738
26 440 2 34.478
27 687 3 74.142
28 477 54 66.228
29 781 43 68.504
30 26 21 85.427
31 1290 47 54.632
32 586 48 60.936
33 224 23 90.559
34 1290 19 24.369
35 123 38 20.849
36 1284 24 69.35
37 1071 4 35.643
38 906 28 61.461
39 958 45 57.828
40 116 51 78.978
41 508 52 59.327
42 1172 50 27.424
43 789 32 61.921
44 267 48 40.854
45 283 45 82.562
46 955 1 5.296
47 476 44 39.708
48 696 38 55.173
49 389 36 78.898
50 1424 16 85.79
51 1036 19 46.054
52 1202 25 67.766
53 736 53 32.5
54 280 37 86.6
55 308 37 98.443
56 183 54 74.248
57 333 18 11.369
58 1109 33 5.186
59 1264 5 61.101
60 929 7 17.024
61 749 1 7.48
62 1276 30 92.55
63 705 28 92.667
64 927 14 58.042
65 954 52 49.863
66 21 55 87.385
67 1321 56 60.234
68 1107 50 68.591
69 823 47 77.467
70 825 33 46.394
71 1417 7 49.297
72 924 19 47.569
73 833 32 34.407
74 785 36 81.918
75 24 39 69.233
76 1384 40 58.937
77 657 51 64.958
78 614 28 65.888
79 531 51 63.547
80 361 6 41.542
81 939 58 20.57
82 812 10 16.129
83 50 37 88.645
84 1363 34 97.26
85 439 45 16.27
86 1388 39 45.416
87 1168 15 45.488
88 99 12 65.578
89 807 39 15.154
90 1439 29 20.167
91 863 26 37.306
92 156 48 95.902
93 82 15 8.188
94 588 48 75.598
95 818 41 44.407
96 257 39 92.64
97 970 5 50.631
98 807 55 23.602
99 187 1 25.208
100 395 41 12.917
101 796 32 65.607
102 783 38 43.957
103 920 53 75.14
104 1016 52 23.563
105 953 12 88.51
106 562 9 16.832
107 419 10 39.155
108 608 15 91.709
109 1022 13 34.387
110 372 49 19.46
111 1091 16 10.97
112 344 41 84.935
113 992 44 18.041
114 769 3 25.678
115 266 52 80.623
116 852 48 33.788
117 768 58 94.191
118 172 26 36.213
119 31 16 94.907
120 1397 51 53.072
121 1315 26 33.507
122 790 33 68.716
123 133 33 71.463
124 1093 16 50.965
125 1388 43 23.37
126 1279 59 84.71
127 353 55 42.218
128 904 11 95.147
129 665 26 21.4
130 1431 25 48.773
131 886 59 78.477
132 1418 14 71.93
133 678 29 48.882
134 248 23 90.765
135 201 20 81.244
136 1013 28 91.354
137 45 56 87.044
138 820 32 3.685
139 19 55 8.873
140 654 1 61.765
141 788 8 61.054
142 539 40 88.4
143 512 52 11.919
144 1436 46 30.412
145 949 25 27.712
146 8 42 90.336
147 511 43 27.983
148 643 41 74.4
