150
1 1141 17 70.76
2 621 12 62.52
3 219 60 90.07
4 504 9 20.84
5 1235 1 88.63
6 1029 4 10.17
7 320 24 52.36
8 716 1 71.38
9 1168 27 94.19
10 862 1 4.962
11 1440 36 15.88
12 1001 24 40.04
13 1043 33 67.04
14 285 7 95.53
15 1269 11 66.21
16 908 20 3.891
17 1334 23 3.135
18 844 28 55.49
19 518 24 56.21
20 974 10 50.05
21 1061 17 18.13
22 527 17 0.001
23 836 11 85.29
24 814 20 24.40
25 1440 1 58.85
26 1148 1 99.99
27 586 4 83.49
28 823 7 93.13
29 1164 30 28.94
30 1182 24 0.001
31 592 1 41.20
32 1263 41 93.64
33 918 25 0.197
34 1379 29 58.46
35 1168 7 30.01
36 558 39 99.99
37 459 7 11.23
38 910 35 80.67
39 899 22 7.244
40 918 13 38.60
41 1440 11 48.50
42 570 13 55.85
43 782 2 77.61
44 776 35 10.14
45 1256 22 71.45
46 691 26 22.95
47 979 9 0.001
48 76 1 69.90
49 1264 27 23.21
50 257 1 43.42
51 826 18 99.99
52 1017 28 62.91
53 1 34 53.27
54 188 22 19.95
55 524 33 35.44
56 1 35 81.67
57 493 25 35.35
58 1330 22 93.48
59 1016 19 33.68
60 1180 1 1.757
61 339 7 26.29
62 725 5 53.63
63 962 27 26.68
64 799 3 75.59
65 838 1 70.10
66 1 26 20.92
67 1073 10 91.21
68 727 1 44.01
69 916 22 48.31
70 680 7 41.51
71 712 8 23.59
72 422 1 58.65
73 572 24 16.48
74 695 4 11.57
75 1440 14 69.18
76 496 18 74.52
77 718 16 30.51
78 703 13 47.04
79 1440 16 24.53
80 912 37 30.93
81 1 25 50.81
82 1229 8 52.67
83 1214 30 95.78
84 650 12 44.54
85 340 41 75.53
86 1428 21 99.55
87 1 2 94.12
88 693 1 57.63
89 1272 6 54.33
90 428 19 67.11
91 1440 9 92.85
92 1440 19 50.45
93 475 16 10.62
94 589 1 99.99
95 5 24 62.27
96 560 5 69.16
97 645 1 46.22
98 84 39 91.82
99 1440 5 46.76
100 736 36 59.97
101 256 21 34.69
102 1440 24 52.20
103 59 11 22.39
104 1 34 20.55
105 393 31 67.55
106 699 1 37.46
107 1440 10 61.66
108 910 20 73.83
109 604 1 66.75
110 1245 1 99.99
111 1081 1 99.99
112 432 15 55.10
113 1215 29 83.57
114 1093 24 37.94
115 563 35 42.76
116 753 12 28.39
117 89 19 0.001
118 75 22 99.99
119 842 30 80.54
120 1440 18 0.001
121 1440 29 61.07
122 968 23 80.45
123 984 40 97.38
124 1265 60 63.85
125 1 1 0.001
126 1186 1 58.98
127 697 29 45.97
128 1059 54 55.41
129 514 20 89.40
130 296 9 60.51
131 654 2 0.001
132 380 40 22.48
133 1440 1 75.76
134 287 1 79.98
135 739 12 53.38
136 1018 11 27.31
137 1159 1 41.64
138 1320 23 99.99
139 365 29 55.66
140 626 1 82.18
141 850 16 61.51
142 632 20 57.26
143 7 7 39.39
144 941 19 99.80
145 1440 24 61.94
146 852 2 99.99
147 964 30 12.89
148 116 5 29.39
149 454 10 64.02
150 1039 26 67.13
