150
1 826 48 17.493
2 736 7 35.994
3 1036 28 9.538
4 514 31 64.369
5 693 11 97.137
6 819 2 63.079
7 290 17 62.806
8 1348 32 42.07
9 610 23 47.33
10 587 43 45.035
11 1343 4 2.795
12 328 25 51.266
13 1169 36 19.59
14 6 2 33.057
15 687 4 38.432
16 716 39 68.029
17 1032 53 23.166
18 1333 40 78.258
19 609 50 30.883
20 778 55 13.652
21 576 18 10.296
22 1041 7 91.011
23 413 5 49.693
24 1245 41 33.638
25 321 42 78.297
26 1128 28 5.236
27 1306 25 12.579
28 972 12 77.613
29 290 34 74.672
30 427 6 74.289
31 1137 53 4.573
32 1367 42 10.709
33 681 58 76.618
34 881 20 73.145
35 664 25 17.768
36 585 54 59.111
37 302 24 87.193
38 1351 23 99.84
39 1128 11 59.742
40 713 24 31.301
41 1180 59 17.162
42 23 34 5.63
43 538 3 94.061
44 731 20 75.396
45 192 13 93.392
46 884 51 26.07
47 1030 36 75.6
48 311 25 38.73
49 1269 16 38.169
50 514 49 46.079
51 942 8 82.53
52 1437 5 67.561
53 1319 47 96.986
54 111 41 38.265
55 1253 21 74.403
56 1046 57 41.024
57 482 29 43.901
58 458 57 34.266
59 1229 58 66.086
60 1166 7 27.966
61 245 51 92.4
62 1081 47 81.991
63 815 19 76.132
64 1409 38 6.749
65 1100 27 17.744
66 984 41 12.145
67 311 16 75.386
68 1325 53 46.807
69 718 18 87.181
70 1258 2 67.473
71 529 29 72.977
72 239 55 91.4
73 1039 41 6.397
74 93 22 94.726
75 1069 17 56.172
76 451 44 54.289
77 895 40 15.1
78 890 10 92.269
79 675 53 11.131
80 123 30 32.663
81 990 37 69.724
82 1356 29 86.803
83 540 43 12.912
84 581 9 28.161
85 507 32 18.889
86 1209 30 72.904
87 1372 1 62.8
88 870 24 23.744
89 305 11 55.223
90 462 47 11.127
91 606 14 51.197
92 359 47 69.435
93 32 9 54.718
94 1258 47 95.792
95 923 31 65.214
96 937 24 92.194
97 1084 27 7.133
98 533 1 4.64
99 586 46 14.739
100 1302 44 30.367
101 218 53 53.482
102 1434 18 74.212
103 213 38 5.283
104 415 48 89.767
105 1150 35 90.534
106 977 14 76.007
107 402 38 56.067
108 852 44 48.453
109 1275 11 70.617
110 326 34 80.771
111 379 30 59.318
112 948 17 37.835
113 1191 16 94.79
114 403 42 26.087
115 1334 44 89.568
116 474 11 41.181
117 1228 5 86.391
118 238 56 93.168
119 727 33 70.433
120 1402 13 90.623
121 1387 2 93.336
122 1437 6 43.068
123 1066 34 46.07
124 867 15 95.843
125 816 2 48.964
126 365 12 10.424
127 973 4 27.437
128 881 57 30.639
129 586 53 59.637
130 863 32 9.767
131 53 48 44.376
132 1130 21 72.67
133 965 47 77.044
134 1241 9 63.014
135 885 53 57.166
136 1159 50 8.7
137 1312 5 67.181
138 565 15 75.502
139 640 22 68.631
140 1175 13 79.159
141 364 44 81.925
142 514 4 45.476
143 372 1 0.51
144 561 15 12.296
145 1035 33 73.648
146 768 26 27.054
147 1005 47 3.05
148 847 24 12.47
149 1185 3 4.859
150 909 49 74.668
