150
1 7 25 41.661
2 1 58 80.094
3 3 5 3.563
4 27 48 73.571
5 19 15 18.288
6 29 56 88.138
7 68 31 38.326
8 47 54 72.972
9 14 38 48.433
10 1 3 6.71
11 9 8 7.718
12 75 50 63.619
13 52 30 50.272
14 46 7 12.399
15 132 10 20.506
16 79 5 3.184
17 49 43 68.24
18 127 40 65.331
19 27 51 78.643
20 25 53 66.313
21 116 41 50.554
22 104 24 35.065
23 187 29 47.575
24 66 36 47.317
25 44 15 22.35
26 27 25 44.472
27 63 18 32.141
28 86 37 61.569
29 140 41 72.109
30 64 41 54.63
31 78 26 32.175
32 29 40 70.557
33 284 18 20.471
34 200 38 46.807
35 260 32 48.536
36 166 31 40.814
37 314 35 51.695
38 275 58 86.947
39 195 34 60.626
40 142 29 51.851
41 176 60 77.852
42 158 29 49.728
43 192 58 95.713
44 29 34 47.972
45 79 17 24.703
46 137 51 83.685
47 99 24 29.541
48 286 44 78.162
49 308 7 10.471
50 125 27 39.963
51 393 39 62.917
52 312 40 69.101
53 498 14 23.063
54 178 20 26.835
55 444 57 86.355
56 77 7 12.833
57 80 48 84.457
58 489 22 34.741
59 32 56 94.858
60 359 46 60.265
61 44 38 47.637
62 48 17 21.253
63 286 56 86.909
64 104 42 58.794
65 467 28 40.777
66 544 18 32.104
67 627 41 67.102
68 119 34 47.965
69 546 36 55.356
70 378 2 4.665
71 356 16 20.734
72 220 50 74.914
73 326 13 20.895
74 170 42 63.994
75 252 40 58.431
76 299 39 53.812
77 410 52 75.477
78 148 47 58.67
79 547 44 53.89
80 158 19 34.408
81 538 55 85.68
82 581 7 13.911
83 1 26 30.341
84 206 52 74.595
85 80 5 2.681
86 177 13 20.815
87 41 36 55.318
88 432 13 22.467
89 529 33 53.521
90 504 42 66.999
91 483 33 43.303
92 729 59 99.182
93 538 24 41.935
94 26 27 48.607
95 259 18 29.282
96 502 32 56.955
97 4 27 40.439
98 712 52 76.512
99 783 13 25.475
100 149 21 29.948
101 109 28 44.637
102 1 49 85.357
103 656 9 8.501
104 253 43 64.064
105 724 1 0.001
106 470 56 73.727
107 735 4 9.584
108 335 27 49.223
109 81 12 24.183
110 703 7 6.212
111 644 22 27.494
112 803 38 58.656
113 733 8 6.273
114 298 34 55.419
115 95 34 52.458
116 218 38 55.083
117 419 56 92.273
118 561 6 6.161
119 798 31 41.374
120 655 22 28.126
121 69 4 8.443
122 571 32 54.432
123 1002 35 62.746
124 371 53 79.974
125 172 46 65.307
126 301 49 67.75
127 631 37 50.557
128 1001 59 78.682
129 717 28 38.67
130 776 16 30.548
131 85 12 18.735
132 251 22 34.918
133 578 52 80.765
134 956 2 0.109
135 1178 10 18.367
136 387 59 88.598
137 521 27 45.144
138 286 48 76.522
139 463 37 62.976
140 62 27 43.999
141 603 13 25.371
142 1104 4 0.488
143 448 27 48.358
144 288 36 51.807
145 602 41 68.1
146 847 57 75.133
147 433 4 10.545
148 906 5 6.652
149 265 12 11.649
150 588 41 61.703
