124
1 1259 5 83
2 845 45 83
3 1352 31 80
4 796 13 48
5 1238 35 21
6 207 2 98
7 85 22 32
8 170 52 44
9 334 23 94
10 636 45 72
11 153 44 9
12 43 9 46
13 82 41 21
14 365 40 71
15 332 22 62
16 861 37 27
17 759 44 28
18 718 26 85
19 530 38 60
20 1127 38 87
21 653 52 43
22 961 55 79
23 632 49 61
24 792 24 82
25 829 29 68
26 449 52 14
27 735 19 80
28 930 48 94
29 1345 50 6
30 1302 30 38
31 1139 53 3
32 1154 57 97
33 984 9 15
34 1279 21 70
35 1408 34 30
36 845 46 78
37 323 55 75
38 1232 2 53
39 1434 38 20
40 172 13 95
41 1293 37 76
42 213 4 60
43 562 20 44
44 1211 21 63
45 175 34 75
46 143 25 53
47 1258 49 93
48 294 33 3
49 870 24 99
50 18 12 57
51 904 20 93
52 61 32 1
53 589 56 91
54 1199 55 51
55 846 34 73
56 496 19 99
57 662 8 36
58 708 44 85
59 838 56 81
60 35 7 10
61 985 55 87
62 1291 32 79
63 427 53 81
64 1176 32 74
65 739 38 48
66 170 40 63
67 565 27 30
68 1163 41 94
69 974 44 35
70 1438 26 55
71 365 20 42
72 84 23 48
73 1389 16 64
74 1042 42 82
75 988 49 30
76 364 37 60
77 1042 3 59
78 198 2 42
79 766 29 84
80 231 41 2
81 595 32 15
82 67 10 13
83 612 4 83
84 1303 26 60
85 319 41 79
86 267 45 70
87 1111 15 19
88 1306 57 98
89 1033 14 65
90 1434 4 58
91 512 8 21
92 1129 24 83
93 1128 2 7
94 548 45 95
95 422 1 11
96 650 19 74
97 924 32 60
98 1239 21 88
99 1387 51 60
100 334 40 83
101 263 36 80
102 277 1 72
103 147 10 7
104 897 53 46
105 1214 22 84
106 669 6 89
107 1088 15 20
108 1386 16 63
109 803 43 80
110 943 39 4
111 1251 19 30
112 1319 8 24
113 100 32 47
114 1195 6 37
115 899 57 75
116 697 30 58
117 1321 24 87
118 58 8 36
119 1391 43 7
120 223 56 97
121 151 37 82
122 1040 37 37
123 162 54 89
124 1290 38 58
