150
1 361 45 35.375
2 46 38 99.328
3 483 32 50.118
4 417 60 32.665
5 1272 52 52.585
6 156 55 30.19
7 341 2 43.173
8 562 53 3.393
9 581 19 79.249
10 1214 32 65.959
11 570 52 75.258
12 276 39 86.518
13 460 57 42.559
14 1293 16 8.465
15 954 8 87.092
16 172 43 15.912
17 971 17 73.344
18 1049 58 79.825
19 1308 10 43.334
20 901 40 15.41
21 776 40 95.917
22 663 44 58.845
23 319 1 91.536
24 1338 32 33.119
25 1385 9 82.911
26 961 3 69.303
27 246 46 16.452
28 240 33 39.262
29 931 22 10.076
30 840 31 47.728
31 902 39 95.533
32 1316 44 49.817
33 294 38 91.86
34 1415 25 92.039
35 1373 7 87.081
36 732 18 28.833
37 894 32 10.391
38 1126 48 10.089
39 1012 27 68.62
40 215 46 90.195
41 1174 35 79.222
42 518 54 52.058
43 31 50 4.857
44 774 48 12.546
45 1085 14 18.971
46 400 14 64.228
47 161 18 54.518
48 1392 21 68.822
49 1406 41 80.357
50 1347 51 10.044
51 257 37 48.44
52 1016 13 95.122
53 1306 40 67.643
54 1149 47 9.655
55 849 28 83.365
56 1401 53 76.96
57 636 9 22.627
58 895 32 19.575
59 1367 54 41.469
60 789 5 32.706
61 269 50 82.177
62 63 6 79.628
63 1355 34 99.557
64 1258 33 75.36
65 1036 58 15.427
66 190 45 58.327
67 1096 31 92.981
68 1058 24 8.511
69 1236 59 83.283
70 102 7 77.66
71 1041 27 84.535
72 1195 54 1.036
73 1208 18 15.685
74 1258 34 21.747
75 1007 18 40.055
76 199 23 76.471
77 908 33 71.678
78 502 47 4.492
79 70 23 73.43
80 777 40 32.159
81 1141 47 81.48
82 818 5 79.332
83 670 60 61.101
84 1389 31 88.412
85 988 18 87.713
86 809 36 60.091
87 666 53 28.205
88 427 60 90.641
89 767 6 60.429
90 986 46 96.642
91 494 14 1.24
92 397 42 34.144
93 1292 37 64.535
94 564 18 68.678
95 282 39 27.524
96 236 19 40.211
97 896 7 11.112
98 602 28 66.918
99 1267 53 62.418
100 1219 43 10.726
101 577 42 22.256
102 282 55 25.931
103 451 37 44.295
104 1207 50 33.42
105 335 59 85.059
106 1156 17 75.367
107 235 48 39.207
108 1245 8 2.992
109 1340 60 9.312
110 1172 50 36.695
111 1075 43 32.725
112 322 56 59.816
113 1000 60 41.355
114 77 57 80.348
115 416 34 32.184
116 623 35 90.919
117 1180 23 33.925
118 22 7 55.589
119 1390 55 97.46
120 1186 46 13.795
121 643 12 26.712
122 619 13 50.485
123 657 2 11.142
124 493 45 20.496
125 364 4 58.213
126 648 46 41.459
127 942 41 11.075
128 1036 37 68.107
129 1159 19 43.691
130 330 10 89.304
131 740 57 20.51
132 598 20 5.508
133 1043 17 75.244
134 1395 41 12.732
135 358 49 50.008
136 1146 30 11.89
137 1249 37 73.03
138 265 37 90.131
139 1061 18 9.883
140 1018 29 70.33
141 577 60 40.402
142 295 7 68.509
143 365 53 46.822
144 380 32 54.956
145 274 1 83.614
146 498 28 40.778
147 61 37 46.201
148 995 46 53.562
149 479 47 4.567
150 609 34 3.062