150
1 1233 10 34.435
2 765 52 0.285
3 445 10 97.889
4 696 21 91.921
5 884 12 20.061
6 491 52 95.462
7 122 8 86.148
8 237 18 66.159
9 1079 53 16.618
10 216 10 42.562
11 1136 40 80.349
12 208 11 85.915
13 857 24 53.131
14 732 58 13.855
15 1303 35 79.193
16 1108 26 96.904
17 135 20 23.357
18 279 27 96.424
19 426 36 77.812
20 211 59 39.917
21 810 26 81.671
22 62 26 1.549
23 829 25 57.128
24 133 1 16.344
25 222 41 4.603
26 590 51 31.345
27 763 13 46.977
28 927 12 7.332
29 699 51 89.35
30 1059 29 62.493
31 1118 19 88.491
32 750 7 70.147
33 262 24 38.854
34 393 5 89.302
35 829 59 49.19
36 879 20 78.17
37 477 35 89.402
38 1240 3 73.764
39 855 59 47.416
40 315 33 45.433
41 121 2 37.522
42 949 56 26.072
43 992 51 48.076
44 831 49 98.651
45 621 42 55.888
46 362 5 41.313
47 187 19 35.23
48 3 5 33.076
49 232 7 74.04
50 1072 49 82.262
51 369 26 87.98
52 251 23 83.884
53 898 28 95.574
54 1026 4 65.577
55 577 54 93.771
56 859 50 87.649
57 161 5 87.02
58 402 51 41.145
59 405 7 34.896
60 33 46 17.646
61 1377 1 54.792
62 1392 45 81.512
63 961 22 97.233
64 785 54 62.023
65 457 7 62.279
66 464 19 43.611
67 790 48 65.66
68 342 16 75.219
69 972 9 53.711
70 705 47 66.518
71 290 47 58.286
72 1417 54 28.269
73 704 46 23.308
74 235 31 64.817
75 634 17 94.436
76 900 36 72.941
77 1097 38 19.235
78 1049 13 31.896
79 1137 16 9.647
80 1067 30 56.631
81 930 28 25.377
82 1345 42 33.973
83 694 32 48.903
84 1120 9 75.847
85 1050 24 92.073
86 600 56 43.847
87 508 16 22.715
88 122 30 49.709
89 1361 58 65.283
90 654 43 62.618
91 510 3 46.772
92 269 54 57.438
93 825 31 38.741
94 636 42 36.234
95 1346 34 10.366
96 1007 44 85.958
97 919 18 64.344
98 143 48 60.555
99 970 20 40.018
100 1155 40 77.793
101 1294 49 49.863
102 62 9 55.208
103 680 33 35.8
104 329 59 26.56
105 887 49 67.542
106 1427 48 83.521
107 362 22 39.57
108 645 57 98.537
109 581 60 18.2
110 1381 53 85.461
111 1382 10 63.298
112 799 6 74.466
113 1365 16 46.504
114 733 4 86.317
115 477 45 25.669
116 180 24 61.257
117 1076 18 10.094
118 900 36 1.873
119 537 7 15.582
120 900 32 31.543
121 990 19 48.665
122 687 27 55.724
123 89 25 97.564
124 205 52 79.081
125 20 26 78.797
126 1034 44 90.799
127 642 40 78.116
128 717 38 72.515
129 288 40 11.076
130 536 44 59.741
131 1131 45 57.215
132 9 3 18.104
133 107 59 90.584
134 45 27 47.875
135 640 5 35.934
136 1188 58 74.182
137 293 42 13.589
138 433 24 20.91
139 1351 5 60.854
140 299 39 80.312
141 1440 27 8.825
142 1276 20 53.12
143 66 30 28.353
144 806 1 18.091
145 501 1 56.463
146 1411 8 16.589
147 178 19 66.59
148 837 50 38.103
149 1108 20 56.283
150 1020 45 6.988
