150
1 917 57 53.859
2 1403 33 48.993
3 382 27 21.675
4 962 10 94.526
5 946 56 89.153
6 1383 5 3.413
7 204 9 53.39
8 381 3 4.405
9 51 20 39.541
10 1341 21 10.334
11 988 29 18.71
12 1107 46 99.37
13 562 2 33.328
14 1051 27 12.543
15 224 16 52.099
16 759 8 47.306
17 2 27 46.436
18 1262 4 22.107
19 1007 57 14.637
20 963 14 18.885
21 1174 3 80.772
22 629 55 62.704
23 1199 59 62.875
24 980 33 90.796
25 1206 1 36.405
26 575 49 3.258
27 1188 38 21.991
28 660 39 34.172
29 663 44 13.857
30 597 4 37.769
31 261 2 19.52
32 238 59 83.231
33 892 34 67.814
34 452 5 18.248
35 724 21 99.908
36 932 39 98.524
37 1076 32 7.235
38 508 18 78.058
39 431 41 92.238
40 51 52 67.381
41 388 11 46.114
42 885 46 52.819
43 1245 43 72.742
44 762 26 14.326
45 1295 23 73.152
46 707 41 24.215
47 52 39 13.136
48 240 15 45.277
49 300 4 16.204
50 822 50 68.712
51 939 18 80.393
52 1022 32 36.297
53 1285 19 91.646
54 991 8 26.21
55 964 40 59.29
56 713 39 33.539
57 1177 37 24.742
58 351 36 12.105
59 461 48 78.978
60 538 60 23.802
61 437 29 10.699
62 376 55 74.092
63 397 44 91.849
64 757 12 76.778
65 302 20 90.328
66 1355 7 69.284
67 945 53 98.183
68 201 29 40.68
69 281 59 24.134
70 1094 20 92.902
71 1051 47 4.423
72 800 20 11.403
73 97 47 52.25
74 585 16 2.836
75 662 21 17.428
76 852 20 78.798
77 571 46 64.799
78 95 54 90.89
79 743 15 8.74
80 500 40 83.911
81 753 6 83.194
82 1074 22 89.36
83 133 27 23.707
84 1183 36 71.285
85 1158 37 54.362
86 691 32 72.924
87 1134 58 2.314
88 276 33 87.495
89 497 9 3.121
90 568 34 66.486
91 1388 35 67.698
92 837 54 99.158
93 829 51 98.739
94 987 17 49.74
95 506 10 59.604
96 869 54 51.549
97 1326 9 11.214
98 904 9 45.704
99 368 38 25.537
100 1261 5 26.797
101 478 16 40.986
102 1097 4 3.421
103 752 41 53.913
104 129 2 98.411
105 1118 16 32.583
106 592 39 46.287
107 638 46 21.337
108 130 30 4.467
109 1081 29 85.177
110 901 3 90.268
111 21 31 6.006
112 1036 38 76.413
113 921 38 49.156
114 878 28 77.318
115 613 30 93.343
116 1436 9 33.856
117 225 47 71.592
118 824 41 99.928
119 469 28 8.194
120 664 56 98.079
121 406 56 46.92
122 1193 2 46.596
123 464 16 94.31
124 318 4 84.329
125 1426 54 57.248
126 1159 51 85.452
127 390 26 82.364
128 704 8 68.048
129 928 8 18.446
130 613 18 86.936
131 349 44 48.497
132 10 41 94.358
133 400 34 29.589
134 174 16 44.663
135 903 28 58.197
136 1353 22 72.061
137 1424 14 88.377
138 666 32 34.138
139 845 39 24.362
140 566 1 9.332
141 665 43 70.875
142 191 15 22.974
143 74 52 77.564
144 1185 34 58.088
145 99 17 62.296
146 894 60 82.639
147 1001 11 91.838
148 146 5 31.707
149 326 34 38.572
150 1013 26 52.566
