150
1 93 59 97.899
2 104 36 77.758
3 95 40 99.881
4 95 55 99.222
5 100 8 79.459
6 100 38 56.897
7 97 4 77.403
8 96 32 70.717
9 100 20 7.968
10 120 48 22.177
11 95 51 5.071
12 108 17 74.707
13 101 42 38.713
14 99 2 6.828
15 90 54 73.291
16 98 37 1.076
17 95 25 64.097
18 115 34 44.83
19 112 14 29.558
20 92 54 86.817
21 110 2 6.268
22 109 45 29.506
23 111 24 33.683
24 111 18 50.112
25 91 9 28.651
26 94 32 3.608
27 108 29 40.795
28 115 55 20.989
29 98 17 94.757
30 109 36 37.991
31 105 52 85.287
32 105 29 31.466
33 99 50 74.695
34 86 9 24.237
35 90 59 14.837
36 93 16 58.996
37 98 18 41.165
38 116 16 77.925
39 110 36 20.945
40 113 39 73.904
41 91 25 45.152
42 91 25 0.305
43 91 13 10.652
44 97 43 81.984
45 98 45 32.084
46 88 14 17.651
47 106 19 28.128
48 98 28 91.234
49 93 50 44.644
50 104 12 56.193
51 106 32 28.605
52 113 47 22.562
53 116 34 52.182
54 132 22 35.259
55 92 1 18.675
56 100 15 69.787
57 94 54 29.334
58 100 31 19.664
59 99 13 0.317
60 98 6 10.95
61 110 48 82.484
62 94 8 8.415
63 115 26 67.157
64 107 21 6.327
65 86 22 30.34
66 109 14 91.138
67 94 23 20.7
68 108 25 30.953
69 99 41 69.257
70 88 18 60.359
71 104 49 91.486
72 111 5 12.197
73 116 5 86.382
74 103 52 22.234
75 105 46 9.27
76 103 35 21.013
77 109 32 64.971
78 103 25 96.61
79 104 36 26.56
80 101 51 71.517
81 111 26 62.346
82 90 39 64.183
83 102 42 40.783
84 103 47 86.374
85 98 27 58.56
86 105 12 27.865
87 120 47 0.708
88 92 33 28.672
89 89 54 46.783
90 99 39 36.397
91 98 5 7.603
92 76 27 71.812
93 104 50 51.993
94 91 52 45.095
95 118 8 12.535
96 99 32 40.236
97 107 56 6.482
98 97 56 74.425
99 103 23 29.172
100 102 37 70.585
101 88 54 77.141
102 104 15 68.654
103 99 35 1.652
104 104 26 80.695
105 103 27 71.63
106 91 38 76.347
107 108 48 46.354
108 93 54 82.12
109 95 46 24.759
110 112 59 26.513
111 109 43 47.469
112 111 45 83.226
113 97 28 96.736
114 102 19 98.039
115 94 23 97.548
116 105 25 76.104
117 92 45 26.494
118 123 46 68.873
119 110 19 34.176
120 98 16 18.329
121 116 13 81.911
122 94 31 79.923
123 99 44 66.988
124 122 53 56.011
125 99 40 82.652
126 113 49 69.326
127 88 53 62.609
128 86 6 90.849
129 103 1 87.786
130 121 52 90.688
131 88 16 72.45
132 86 42 23.467
133 114 22 7.258
134 103 37 65.877
135 105 3 86.998
136 88 56 8.601
137 106 12 66.541
138 95 50 28.346
139 99 47 32.611
140 85 13 41.699
141 88 14 20.834
142 98 46 17.911
143 96 8 1.207
144 92 40 85.802
145 94 28 63.252
146 90 5 96.564
147 96 44 80.829
148 95 50 65.616
149 91 14 14.286
150 105 2 91.154
