150
1 911 5 13
2 1250 13 95
3 1225 40 46
4 979 4 23
5 190 14 57
6 389 20 25
7 209 50 36
8 869 53 85
9 796 25 75
10 1356 24 18
11 1324 8 79
12 139 47 85
13 170 3 14
14 1061 57 74
15 581 17 21
16 1303 13 55
17 458 51 29
18 801 6 95
19 380 19 97
20 494 51 80
21 751 35 16
22 683 17 5
23 834 8 58
24 352 19 96
25 874 28 80
26 264 36 74
27 798 22 98
28 190 22 62
29 428 46 19
30 1016 8 83
31 409 35 61
32 183 33 38
33 789 36 41
34 831 27 86
35 667 4 85
36 291 55 94
37 384 13 85
38 464 53 3
39 147 10 48
40 935 42 55
41 197 37 27
42 846 20 79
43 219 42 84
44 172 48 90
45 906 53 93
46 530 33 67
47 222 43 48
48 903 7 18
49 957 13 43
50 280 9 12
51 375 12 2
52 929 25 10
53 225 6 19
54 1357 45 88
55 1246 29 52
56 1364 37 42
57 722 48 33
58 69 18 72
59 141 38 57
60 347 44 24
61 1140 13 50
62 141 3 17
63 1107 41 55
64 65 31 49
65 1061 2 9
66 70 19 87
67 10 45 33
68 317 11 21
69 115 52 99
70 1285 16 45
71 381 55 1
72 989 18 10
73 569 46 7
74 1313 38 83
75 68 53 94
76 1136 59 48
77 1402 30 39
78 670 16 37
79 593 24 73
80 648 9 81
81 766 32 97
82 121 22 27
83 1275 30 46
84 877 34 4
85 1146 44 16
86 1386 27 7
87 902 55 50
88 452 12 68
89 1291 19 49
90 218 23 52
91 1031 11 34
92 377 28 46
93 734 11 66
94 1196 58 67
95 415 49 24
96 1328 1 74
97 1312 30 71
98 522 17 69
99 125 18 98
100 20 43 81
101 1324 22 89
102 1424 49 65
103 636 44 12
104 559 27 78
105 995 23 66
106 358 19 43
107 1063 18 28
108 815 27 80
109 1079 56 10
110 1395 5 38
111 1423 39 52
112 671 32 22
113 568 5 56
114 915 33 26
115 239 23 3
116 1350 2 37
117 1376 15 39
118 774 5 39
119 337 44 36
120 988 58 54
121 413 54 88
122 598 49 13
123 183 58 61
124 330 26 57
125 295 11 98
126 1321 3 92
127 1434 31 21
128 817 42 79
129 187 37 43
130 337 11 98
131 210 6 37
132 694 27 39
133 538 49 21
134 1169 35 27
135 930 49 90
136 965 7 37
137 1038 21 38
138 67 39 30
139 515 50 94
140 557 56 30
141 720 51 24
142 940 15 38
143 388 53 72
144 368 4 99
145 320 23 60
146 570 25 34
147 1054 54 18
148 1268 53 98
149 76 26 40
150 651 24 52