150
1 1370 26 11.744
2 940 30 33.755
3 1060 59 86.494
4 582 10 51.198
5 202 17 75.644
6 219 56 47.047
7 943 49 99.908
8 1133 49 41.107
9 1034 17 46.347
10 8 51 79.617
11 1159 6 19.456
12 829 1 17.174
13 1283 1 30.888
14 1408 23 50.644
15 542 44 51.024
16 934 44 90.926
17 349 26 16.902
18 408 35 10.636
19 1219 20 13.422
20 102 12 42.120
21 971 6 93.603
22 145 21 32.115
23 854 17 16.234
24 154 26 87.448
25 675 60 49.819
26 942 39 51.895
27 1433 6 54.707
28 1171 2 9.475
29 833 7 65.337
30 1374 54 48.721
31 1314 43 23.034
32 503 33 27.376
33 970 5 42.813
34 503 38 42.361
35 667 11 32.055
36 686 19 65.576
37 386 36 55.280
38 918 18 45.669
39 293 49 74.558
40 820 53 98.933
41 1402 31 21.916
42 191 13 3.412
43 1161 8 58.437
44 1082 53 10.526
45 1090 12 20.228
46 481 13 48.287
47 1431 3 86.819
48 210 18 84.711
49 268 49 10.706
50 737 13 80.343
51 1244 26 90.294
52 1348 31 86.842
53 103 16 80.544
54 494 45 13.968
55 173 50 29.011
56 729 25 13.158
57 426 59 28.034
58 250 15 12.543
59 717 44 80.202
60 285 48 12.153
61 749 27 15.520
62 899 19 80.821
63 1420 9 65.236
64 166 53 13.703
65 1081 7 22.726
66 666 34 59.332
67 1270 4 27.022
68 1191 52 83.381
69 1233 32 14.923
70 721 54 62.460
71 872 34 95.409
72 1259 36 62.356
73 886 16 92.003
74 263 39 19.537
75 98 28 30.528
76 537 45 95.941
77 236 47 81.623
78 1279 2 70.986
79 1424 12 26.215
80 1318 37 50.203
81 1029 46 80.084
82 679 17 31.866
83 567 24 27.421
84 1383 36 33.975
85 1204 2 76.846
86 169 55 5.420
87 1350 43 61.852
88 681 2 62.200
89 1170 29 42.883
90 1293 39 44.340
91 160 59 85.551
92 1199 24 43.987
93 1110 42 39.163
94 493 8 36.713
95 510 52 8.645
96 818 8 24.395
97 1228 45 78.245
98 315 31 68.357
99 114 30 38.551
100 1438 1 92.957
101 878 59 9.806
102 705 4 40.833
103 860 7 82.332
104 1172 41 34.494
105 871 57 52.402
106 1258 2 75.461
107 844 40 31.391
108 1434 3 63.340
109 1259 44 99.373
110 665 33 7.448
111 1117 41 78.304
112 1048 10 29.105
113 407 42 82.079
114 1390 27 24.135
115 112 38 12.941
116 444 52 92.226
117 235 39 30.594
118 481 59 34.104
119 1311 2 52.159
120 292 19 48.111
121 112 44 26.126
122 1086 7 47.553
123 1170 7 99.762
124 1194 36 56.761
125 502 27 18.062
126 900 1 5.495
127 867 33 37.298
128 1230 49 89.246
129 1240 9 56.311
130 670 47 87.931
131 1202 49 46.687
132 634 37 77.529
133 519 41 45.251
134 678 36 7.732
135 31 7 7.947
136 1183 28 31.008
137 733 27 43.095
138 999 26 40.341
139 332 2 85.170
140 1151 48 96.854
141 598 1 33.728
142 527 11 4.186
143 1262 30 19.068
144 265 15 23.059
145 6 49 59.823
146 1291 34 10.479
147 187 36 34.046
148 1148 21 54.953
149 1323 10 42.862
150 909 39 99.852