150
1 610 56 16.896
2 1035 48 60.565
3 531 40 84.967
4 300 52 78.784
5 882 41 63.842
6 1076 56 35.24
7 1176 43 47.309
8 1239 45 97.222
9 112 58 17.253
10 1291 51 8.467
11 1027 51 7.14
12 1025 57 69.008
13 1359 47 20.291
14 1182 51 76.139
15 258 48 6.571
16 1015 48 12.186
17 1107 49 77.792
18 288 49 43.52
19 1225 51 85.853
20 357 60 62.274
21 1057 50 38.887
22 423 45 85.314
23 898 57 52.276
24 305 57 75.278
25 735 57 46.43
26 738 45 93.786
27 33 57 47.84
28 326 58 87.288
29 304 53 64.819
30 723 41 98.739
31 677 52 39.403
32 1221 52 75.174
33 319 42 82.878
34 533 58 76.54
35 566 44 48.031
36 684 57 82.739
37 1118 54 19.434
38 968 41 39.913
39 742 59 97.565
40 117 46 88.768
41 1015 56 20.887
42 1346 49 89.897
43 437 42 64.61
44 1128 44 78.401
45 1346 51 41.449
46 1105 52 30.318
47 1090 40 59.337
48 362 41 67.526
49 920 48 89.463
50 1079 44 50.764
51 186 53 26.473
52 1114 41 49.144
53 475 54 30.217
54 254 60 27.254
55 948 56 30.235
56 966 59 62.546
57 1366 59 61.998
58 401 45 22.128
59 62 49 6.546
60 798 53 28.554
61 930 48 20.479
62 894 47 4.128
63 382 44 6.466
64 455 41 47.117
65 775 45 84.196
66 1295 59 58.234
67 618 40 66.312
68 1054 44 31.087
69 217 54 7.038
70 970 40 99.941
71 96 49 86.854
72 1103 54 70.585
73 40 48 19.614
74 641 60 26.249
75 674 47 70.878
76 1330 41 76.063
77 493 40 46.688
78 824 48 26.628
79 11 48 79.759
80 1204 56 48.192
81 900 49 86.104
82 1350 52 10.27
83 1098 59 41.202
84 130 40 46.286
85 483 48 61.597
86 431 57 13.099
87 750 53 55.281
88 907 44 82.521
89 138 52 80.814
90 617 60 5.114
91 52 56 16.449
92 1279 51 52.361
93 1228 57 15.409
94 349 47 79.808
95 137 52 97.137
96 1035 48 27.248
97 1159 50 34.947
98 108 47 50.706
99 1346 46 18.668
100 100 49 36.705
101 1127 58 10.674
102 237 45 66.599
103 371 50 21.065
104 411 54 96.054
105 560 60 95.232
106 1359 40 6.604
107 887 50 29.973
108 664 54 14.368
109 643 47 58.537
110 670 55 67.579
111 499 46 28.478
112 970 56 54.894
113 884 41 73.516
114 1344 44 42.864
115 1162 43 34.019
116 245 58 34.249
117 506 45 30.105
118 910 40 52.763
119 518 45 21.109
120 236 52 80.251
121 112 48 42.1
122 1338 55 25.928
123 1209 46 37.878
124 382 56 32.72
125 172 47 94.801
126 1293 43 79.473
127 507 47 1.242
128 248 47 25.036
129 1043 43 36.731
130 1202 44 61.502
131 338 44 99.968
132 524 53 9.186
133 599 42 21.278
134 595 45 45.808
135 1056 42 65.756
136 983 46 29.663
137 390 56 1.506
138 1105 51 98.909
139 62 49 80.304
140 335 53 30.956
141 1147 44 88.603
142 288 48 54.399
143 1009 48 7.631
144 1081 42 84.842
145 341 53 98.599
146 230 53 99.873
147 821 48 5.769
148 1072 47 68.648
149 975 44 87.628
150 1396 57 91.91
