150			
1	1222	17	3.2
2	609	57	1.13
3	661	4	1.01
4	460	51	1.39
5	609	10	4.41
6	439	50	3.78
7	915	53	2.86
8	293	50	1
9	1422	44	67.71
10	236	41	2.8
11	935	15	2.56
12	1229	40	1.08
13	605	43	2.95
14	859	10	1.21
15	494	15	1.33
16	901	54	1.42
17	1015	19	1.26
18	1236	16	1.66
19	1422	29	1.31
20	680	26	1.68
21	217	16	8.68
22	973	11	1.52
23	188	27	1.89
24	1420	24	1.31
25	111	20	2.46
26	255	55	3.26
27	656	57	1.41
28	660	59	1.17
29	1042	27	8.98
30	295	56	2.86
31	939	51	1.3
32	418	36	4.97
33	236	8	1.61
34	1223	13	1.06
35	869	32	1.58
36	184	17	1.73
37	630	7	9.4
38	642	30	1.44
39	968	18	2.78
40	1077	36	7.53
41	487	28	15.21
42	484	15	7.11
43	901	34	1.05
44	600	4	1.07
45	832	3	4.57
46	642	50	71.33
47	424	47	1.45
48	677	56	6.97
49	661	41	1.35
50	1425	11	8.28
51	644	20	2.16
52	682	2	1.72
53	418	42	3.8
54	897	58	1.69
55	238	33	8.5
56	117	37	9
57	1287	51	1.79
58	1295	45	3.36
59	976	36	2.11
60	1422	21	1.05
61	221	36	2.37
62	1213	17	1.78
63	960	59	1.65
64	644	60	37.88
65	1085	55	1.2
66	661	11	3.35
67	421	5	1.29
68	613	51	3.67
69	1222	5	1.77
70	448	49	1.03
71	652	31	1.09
72	1024	36	1.04
73	877	10	1.46
74	679	43	1.89
75	897	26	3.35
76	1420	4	3.14
77	117	57	1.01
78	184	50	1.62
79	665	7	99
80	984	38	2.02
81	277	59	3.01
82	934	39	1.75
83	1420	11	4.39
84	1226	13	4.14
85	14	43	2.33
86	1028	2	3.05
87	821	35	3.14
88	1099	35	1.4
89	605	45	2.9
90	246	3	1.39
91	464	31	1.44
92	1091	37	1.5
93	1229	58	17.06
94	870	37	1.03
95	1245	25	3.2
96	927	27	1.65
97	939	31	1.23
98	1226	19	1.67
99	130	51	1.58
100	988	39	2.93
101	677	55	5.45
102	1090	38	1.12
103	649	56	9.98
104	103	1	1.17
105	153	17	1.15
106	419	5	1.76
107	1229	10	2.81
108	660	3	8.25
109	670	57	5.36
110	1054	33	1.08
111	418	46	1.27
112	1085	32	1.02
113	482	1	1.54
114	255	25	3.49
115	649	53	1.07
116	630	14	2.23
117	1236	15	1.72
118	417	14	2.1
119	142	36	2.84
120	1223	39	1.31
121	837	22	1.82
122	1223	48	7.11
123	917	2	1.5
124	930	40	3.92
125	255	48	3.49
126	837	27	1.04
127	1290	27	1.7
128	479	45	6.84
129	863	2	18.36
130	1232	40	2.72
131	464	59	2.14
132	950	29	1.5
133	661	43	1.3
134	870	41	5.95
135	905	31	1.45
136	1011	33	12.63
137	1091	9	3.03
138	238	16	2.35
139	274	15	3.46
140	221	31	1.61
141	1094	17	1.44
142	482	57	1.57
143	421	55	7.79
144	1226	9	3.39
145	293	13	2.84
146	487	28	1.47
147	479	36	12.28
148	999	8	1.15
149	869	29	57.93
150	109	53	3.4