131
1 147 51 62
2 210 29 26
3 562 47 60
4 467 35 24
5 790 55 27
6 760 18 51
7 932 56 46
8 762 41 89
9 467 35 73
10 1139 12 75
11 1269 42 55
12 124 27 99
13 1383 59 92
14 282 57 18
15 801 13 68
16 1242 37 99
17 1290 41 86
18 1338 40 90
19 405 26 97
20 1042 5 2
21 1316 26 9
22 279 54 28
23 680 40 69
24 1280 26 85
25 1103 39 1
26 817 10 53
27 102 42 47
28 387 14 84
29 629 43 4
30 1217 36 33
31 735 5 59
32 1311 18 3
33 567 49 9
34 968 7 19
35 1058 45 63
36 250 53 10
37 415 58 84
38 272 42 20
39 567 45 14
40 394 8 13
41 137 31 42
42 768 51 74
43 1102 35 56
44 945 36 36
45 428 46 45
46 278 16 92
47 1261 60 15
48 1311 7 95
49 914 27 35
50 525 38 51
51 942 34 88
52 1079 19 31
53 754 10 58
54 489 14 46
55 784 5 49
56 497 46 99
57 497 17 70
58 1043 46 89
59 873 53 59
60 584 4 13
61 1420 56 6
62 91 44 53
63 1396 59 48
64 762 48 84
65 1119 14 83
66 250 16 96
67 902 9 50
68 1189 49 52
69 615 29 29
70 619 18 33
71 1017 28 42
72 1386 34 82
73 949 41 41
74 1242 12 36
75 408 3 3
76 642 48 34
77 105 1 81
78 266 16 19
79 1009 24 63
80 359 45 92
81 1416 6 74
82 54 54 99
83 13 44 18
84 348 30 21
85 1281 39 8
86 1209 20 57
87 577 21 70
88 1087 20 73
89 196 14 95
90 1431 33 20
91 496 55 91
92 1436 20 52
93 674 7 1
94 1049 53 7
95 1348 49 60
96 468 53 87
97 331 31 29
98 527 2 20
99 438 16 80
100 482 47 31
101 958 42 78
102 219 5 78
103 415 24 35
104 24 11 66
105 328 31 41
106 1426 60 10
107 1197 12 7
108 434 8 18
109 527 16 38
110 1330 47 17
111 42 53 83
112 92 16 36
113 183 18 53
114 1387 11 7
115 1170 15 69
116 88 33 37
117 1196 30 27
118 1436 30 64
119 339 57 1
120 1091 19 56
121 967 44 63
122 904 36 18
123 1308 2 50
124 499 60 82
125 147 31 81
126 254 38 19
127 628 30 19
128 974 52 62
129 799 47 10
130 382 49 45
131 1358 18 75
