124
1 569 36 1.568
2 122 27 28.667
3 746 3 32.361
4 814 20 81.737
5 45 35 47.909
6 872 2 23.691
7 208 26 32.289
8 291 25 19.931
9 1330 23 54.229
10 817 11 11.499
11 1051 39 66.554
12 230 25 57.277
13 982 60 77.098
14 1243 57 45.084
15 271 48 53.787
16 510 12 46.064
17 1050 3 80.294
18 917 41 41.045
19 721 57 59.532
20 947 60 8.912
21 129 34 90.631
22 119 16 53.747
23 207 45 61.953
24 967 39 47.771
25 1187 31 64.424
26 59 31 24.573
27 1401 11 22.666
28 641 33 95.425
29 967 28 16.326
30 972 49 73.682
31 652 24 8.236
32 114 54 83.930
33 801 6 12.212
34 421 33 81.664
35 413 28 96.731
36 460 49 7.993
37 65 3 17.116
38 225 37 17.923
39 190 14 21.013
40 75 55 41.628
41 966 59 76.290
42 3 42 6.238
43 181 30 36.252
44 189 5 53.743
45 859 12 36.717
46 524 36 44.231
47 476 29 97.963
48 35 28 63.280
49 1390 60 52.813
50 729 16 34.891
51 1045 57 14.385
52 1043 41 37.555
53 668 47 8.831
54 927 6 58.898
55 1268 21 32.708
56 1014 10 7.360
57 27 43 75.077
58 766 39 95.356
59 187 22 9.688
60 910 3 92.966
61 539 44 52.020
62 602 18 72.395
63 937 9 12.653
64 128 53 44.799
65 476 27 70.974
66 187 58 65.777
67 136 25 58.598
68 872 37 79.949
69 1080 30 77.811
70 1224 42 19.760
71 1312 43 95.821
72 320 6 72.946
73 1392 16 34.787
74 943 12 77.645
75 517 56 70.820
76 510 5 60.584
77 218 30 50.837
78 268 25 92.076
79 779 58 23.875
80 25 20 66.458
81 764 12 92.953
82 646 6 28.214
83 350 31 9.316
84 640 10 53.309
85 635 9 35.273
86 150 6 38.438
87 750 30 38.592
88 1273 58 37.088
89 154 30 47.711
90 298 50 57.131
91 522 51 58.805
92 209 14 52.734
93 987 16 71.129
94 46 7 21.268
95 893 43 2.120
96 788 60 63.336
97 1388 49 99.091
98 1297 2 76.551
99 371 39 11.702
100 896 59 27.844
101 1208 2 59.038
102 890 9 69.467
103 1301 51 16.158
104 622 33 60.513
105 138 17 4.203
106 981 10 46.340
107 1144 33 32.750
108 1281 18 59.510
109 834 40 55.183
110 1169 12 67.176
111 414 38 3.001
112 307 8 42.903
113 460 1 14.870
114 50 1 62.746
115 591 15 49.908
116 958 22 1.530
117 535 13 90.078
118 937 47 53.923
119 1196 10 31.435
120 843 8 75.654
121 942 50 91.524
122 448 57 62.372
123 1025 29 90.364
124 197 41 46.711
