144
1 510 29 95.07
2 1137 24 31.18
3 148 32 97.32
4 1106 4 1.2
5 987 22 33.09
6 1286 5 0.9
7 450 22 32.9
8 1256 32 95.25
9 146 3 0.96
10 927 32 95.35
11 1196 30 95.88
12 88 29 98.75
13 958 32 98.04
14 1257 4 0.86
15 1048 32 97.59
16 806 3 0.92
17 659 20 30.68
18 749 28 97.08
19 298 22 33.65
20 478 5 0.94
21 210 22 29.3
22 359 3 0.86
23 1346 3 1.07
24 659 4 1.01
25 30 5 0.81
26 957 23 30.75
27 989 3 1.2
28 417 3 0.89
29 838 23 33.86
30 180 4 1.17
31 1078 30 95.86
32 869 21 33.15
33 746 3 1.06
34 627 3 1.01
35 1346 23 29.1
36 388 4 0.84
37 1109 20 30.75
38 89 23 30.96
39 1346 31 98.41
40 597 24 29.82
41 270 4 1.06
42 628 23 31.77
43 569 22 27.76
44 268 32 98.13
45 1439 24 26.45
46 1197 4 0.81
47 476 28 98.07
48 807 30 95.86
49 776 31 95.87
50 569 31 95.67
51 718 30 95.64
52 1076 24 26.55
53 1169 3 0.89
54 538 29 95.47
55 1019 23 28.27
56 838 3 0.96
57 298 5 0.82
58 1140 4 1.08
59 1168 31 95.91
60 1256 22 31.08
61 328 29 98.9
62 1226 23 33.45
63 180 29 98.83
64 236 4 1.04
65 1286 32 98.59
66 1377 24 29.17
67 358 31 98.68
68 116 5 0.92
69 1289 22 28.82
70 898 23 32.75
71 747 22 31.33
72 926 4 0.88
73 509 4 1.18
74 1317 32 98.07
75 1168 23 29.89
76 686 22 30.36
77 327 21 27.23
78 897 31 95.48
79 508 24 27.36
80 26 30 98.27
81 386 20 30.0
82 776 3 0.95
83 868 32 97.03
84 1046 4 0.8
85 1017 3 0.96
86 1319 20 26.46
87 897 5 1.0
88 1078 3 0.85
89 987 31 96.7
90 238 22 33.87
91 596 3 1.16
92 837 29 95.37
93 1378 4 1.15
94 1196 21 31.35
95 476 20 33.06
96 718 20 31.43
97 87 4 0.93
98 117 23 27.79
99 418 32 97.8
100 929 22 29.88
101 540 4 1.08
102 58 4 1.2
103 659 31 95.12
104 1410 31 95.55
105 358 22 26.51
106 297 30 97.41
107 690 32 97.6
108 180 20 29.78
109 869 4 1.11
110 780 23 29.47
111 1227 28 97.34
112 117 30 98.52
113 1439 29 97.12
114 1379 29 97.86
115 1229 4 1.04
116 1106 30 97.27
117 1409 4 1.03
118 269 21 29.94
119 328 4 1.07
120 628 28 95.41
121 1048 23 28.94
122 1020 30 95.87
123 207 29 96.2
124 387 28 96.59
125 1139 29 98.81
126 596 31 95.27
127 570 4 0.91
128 210 4 1.05
129 539 20 26.41
130 58 22 30.32
131 420 20 27.49
132 718 4 1.1
133 58 31 96.72
134 237 30 97.67
135 958 3 0.92
136 808 22 31.08
137 446 30 95.87
138 1318 3 0.92
139 450 5 0.87
140 689 3 1.11
141 149 22 30.24
142 1437 5 1.15
143 29 22 29.89
144 1409 22 32.83