150
1 52 59 6.286
2 584 31 88.190
3 531 15 4.808
4 1214 10 46.660
5 861 5 12.431
6 1074 58 38.896
7 229 31 37.977
8 466 53 41.750
9 1052 42 38.273
10 491 28 78.913
11 12 38 69.535
12 40 56 3.195
13 1315 35 5.864
14 957 53 79.960
15 599 57 82.206
16 273 4 60.255
17 1058 40 60.405
18 907 35 19.816
19 653 43 66.766
20 367 6 1.175
21 590 25 64.269
22 197 58 66.568
23 277 37 66.637
24 1293 49 42.807
25 733 55 93.597
26 506 59 21.154
27 1283 28 14.326
28 1125 31 62.265
29 940 20 69.446
30 656 9 98.048
31 1176 13 14.373
32 70 28 97.502
33 952 56 13.931
34 70 21 52.813
35 1061 26 80.128
36 770 42 23.713
37 1184 51 92.290
38 940 54 49.824
39 1296 6 75.580
40 910 53 84.336
41 483 55 49.498
42 1253 10 87.058
43 574 47 65.302
44 507 44 39.775
45 1074 8 29.556
46 1123 1 90.193
47 1313 37 41.475
48 1250 13 78.883
49 864 1 79.834
50 954 39 1.051
51 1066 32 65.675
52 588 25 65.460
53 177 51 15.456
54 368 31 12.509
55 625 2 23.845
56 1227 14 39.513
57 28 30 21.138
58 219 51 11.771
59 852 40 78.686
60 690 53 52.658
61 379 59 92.385
62 187 5 95.624
63 582 26 29.526
64 308 3 77.934
65 1082 9 44.791
66 965 7 61.261
67 1001 17 3.608
68 593 7 44.148
69 1192 50 21.145
70 370 25 53.575
71 81 49 87.996
72 945 10 27.239
73 686 40 3.050
74 587 32 78.263
75 992 12 5.906
76 112 52 49.677
77 781 4 77.879
78 920 9 83.972
79 211 13 1.382
80 584 39 94.188
81 892 34 33.723
82 1183 33 65.015
83 467 9 52.760
84 687 26 12.816
85 1146 19 3.731
86 314 56 90.107
87 251 29 56.884
88 604 15 26.396
89 1240 42 69.833
90 139 59 66.334
91 18 34 63.608
92 422 25 14.382
93 617 51 61.337
94 80 25 8.787
95 492 6 52.560
96 690 37 80.920
97 1227 17 59.055
98 1132 23 7.215
99 146 44 73.612
100 497 35 78.232
101 1003 24 47.672
102 1109 43 45.452
103 392 25 77.362
104 382 16 56.751
105 801 48 73.795
106 648 7 62.844
107 287 47 9.855
108 1331 44 92.398
109 865 35 4.061
110 337 39 2.761
111 222 2 97.927
112 432 4 50.417
113 1200 32 96.377
114 985 4 40.962
115 332 23 84.633
116 997 22 82.963
117 350 31 71.124
118 1080 29 35.048
119 1274 5 70.661
120 1257 24 94.876
121 1264 55 45.405
122 1134 2 35.179
123 502 18 54.493
124 595 31 94.909
125 553 37 76.871
126 1241 37 26.865
127 639 23 42.209
128 292 10 10.688
129 601 40 56.494
130 1273 34 93.405
131 481 14 96.327
132 960 54 3.026
133 502 38 21.387
134 1335 11 71.193
135 1047 9 43.114
136 1147 6 51.233
137 762 5 92.484
138 576 15 48.153
139 1288 31 65.317
140 811 18 68.365
141 716 30 56.153
142 179 50 34.889
143 450 36 51.099
144 804 10 96.721
145 491 25 94.234
146 455 3 84.875
147 1078 27 29.606
148 901 11 20.481
149 727 55 12.241
150 1122 18 74.096
