150
1 9 15 2.708
2 18 15 2.708
3 27 15 2.708
4 36 15 2.708
5 45 50 6.071
6 54 15 2.708
7 63 15 2.708
8 72 15 2.708
9 81 15 2.708
10 90 50 6.071
11 99 15 2.708
12 108 15 2.708
13 117 15 2.708
14 126 15 2.708
15 135 50 6.071
16 144 15 2.708
17 153 15 2.708
18 162 15 2.708
19 171 15 2.708
20 180 50 6.071
21 189 15 2.708
22 198 15 2.708
23 207 15 2.708
24 216 15 2.708
25 225 50 6.071
26 234 15 2.708
27 243 15 2.708
28 252 15 2.708
29 261 15 2.708
30 270 50 6.071
31 279 15 2.708
32 288 15 2.708
33 297 15 2.708
34 306 15 2.708
35 315 50 6.071
36 324 15 2.708
37 333 15 2.708
38 342 15 2.708
39 351 15 2.708
40 360 50 6.071
41 369 15 2.708
42 378 15 2.708
43 387 15 2.708
44 396 15 2.708
45 405 50 6.071
46 414 15 2.708
47 423 15 2.708
48 432 15 2.708
49 441 15 2.708
50 450 50 6.071
51 459 15 2.708
52 468 15 2.708
53 477 15 2.708
54 486 15 2.708
55 495 50 6.071
56 504 15 2.708
57 513 15 2.708
58 522 15 2.708
59 531 15 2.708
60 540 50 6.071
61 549 15 2.708
62 558 15 2.708
63 567 15 2.708
64 576 15 2.708
65 585 50 6.071
66 594 15 2.708
67 603 15 2.708
68 612 15 2.708
69 621 15 2.708
70 630 50 6.071
71 639 15 2.708
72 648 15 2.708
73 657 15 2.708
74 666 15 2.708
75 675 50 6.071
76 684 15 2.708
77 693 15 2.708
78 702 15 2.708
79 711 15 2.708
80 720 50 6.071
81 729 15 2.708
82 738 15 2.708
83 747 15 2.708
84 756 15 2.708
85 765 50 6.071
86 774 15 2.708
87 783 15 2.708
88 792 15 2.708
89 801 15 2.708
90 810 50 6.071
91 819 15 2.708
92 828 15 2.708
93 837 15 2.708
94 846 15 2.708
95 855 50 6.071
96 864 15 2.708
97 873 15 2.708
98 882 15 2.708
99 891 15 2.708
100 900 50 6.071
101 909 15 2.708
102 918 15 2.708
103 927 15 2.708
104 936 15 2.708
105 945 50 6.071
106 954 15 2.708
107 963 15 2.708
108 972 15 2.708
109 981 15 2.708
110 990 50 6.071
111 999 15 2.708
112 1008 15 2.708
113 1017 15 2.708
114 1026 15 2.708
115 1035 50 6.071
116 1044 15 2.708
117 1053 15 2.708
118 1062 15 2.708
119 1071 15 2.708
120 1080 50 6.071
121 1089 15 2.708
122 1098 15 2.708
123 1107 15 2.708
124 1116 15 2.708
125 1125 50 6.071
126 1134 15 2.708
127 1143 15 2.708
128 1152 15 2.708
129 1161 15 2.708
130 1170 50 6.071
131 1179 15 2.708
132 1188 15 2.708
133 1197 15 2.708
134 1206 15 2.708
135 1215 50 6.071
136 1224 15 2.708
137 1233 15 2.708
138 1242 15 2.708
139 1251 15 2.708
140 1260 50 6.071
141 1269 15 2.708
142 1278 15 2.708
143 1287 15 2.708
144 1296 15 2.708
145 1305 50 6.071
146 1314 15 2.708
147 1323 15 2.708
148 1332 15 2.708
149 1341 15 2.708
150 1350 50 6.071
