150
1 60 60 80
2 19 20 28
3 38 20 28
4 57 20 28
5 70 10 27.5
6 80 10 27.5
7 110 50 99
8 180 50 1
9 180 50 99
10 230 50 99
11 1440 40 10
12 1430 60 50
13 1400 40 10
14 1335 53 25
15 877 30 6
16 1021 42 7
17 1222 5 24
18 504 45 8
19 1222 17 17
20 940 26 11
21 1181 53 18
22 488 54 5
23 815 16 13
24 335 4 25
25 626 13 22
26 1173 22 5
27 744 36 18
28 757 10 15
29 590 3 13
30 570 58 22
31 642 52 9
32 1358 24 18
33 974 59 9
34 532 58 3
35 1138 34 25
36 427 38 23
37 1054 21 11
38 1309 11 5
39 447 30 24
40 317 45 10
41 907 36 1
42 337 17 24
43 325 14 22
44 839 7 6
45 1034 21 14
46 944 41 13
47 759 6 24
48 385 23 16
49 1299 32 17
50 424 27 10
51 1016 19 22
52 1085 58 9
53 287 39 4
54 682 22 23
55 425 55 22
56 708 7 21
57 448 19 15
58 321 28 23
59 1167 19 4
60 563 16 6
61 947 40 12
62 1265 4 14
63 558 3 21
64 1148 13 20
65 434 60 5
66 759 38 15
67 862 49 24
68 1092 19 18
69 1293 40 20
70 1267 23 11
71 1276 58 15
72 769 11 23
73 911 36 14
74 453 55 18
75 518 37 8
76 1359 30 16
77 1260 24 1
78 965 9 3
79 349 39 21
80 1003 41 25
81 867 58 22
82 788 32 24
83 405 33 21
84 1153 8 21
85 283 37 11
86 872 57 3
87 297 13 14
88 673 13 16
89 919 20 20
90 907 42 20
91 880 34 10
92 1283 56 20
93 1041 35 22
94 561 5 11
95 414 38 11
96 589 35 11
97 930 3 17
98 1062 15 9
99 1003 3 4
100 648 57 18
101 1220 29 1
102 1217 15 23
103 452 37 12
104 901 23 5
105 416 39 24
106 593 8 11
107 1115 53 19
108 596 2 5
109 761 37 5
110 451 58 12
111 329 15 5
112 716 3 1
113 577 34 25
114 766 46 2
115 1336 52 8
116 1099 14 10
117 1272 30 5
118 523 2 18
119 873 44 3
120 839 52 20
121 1349 29 7
122 498 27 18
123 385 5 2
124 667 6 24
125 1109 49 21
126 478 50 6
127 1050 33 20
128 467 28 25
129 462 57 19
130 1100 13 15
131 536 34 3
132 443 45 9
133 801 41 19
134 1352 27 21
135 620 47 13
136 1111 1 3
137 901 26 16
138 378 30 5
139 1236 27 25
140 829 8 19
141 481 3 21
142 843 30 12
143 473 28 6
144 600 22 2
145 511 44 20
146 1270 30 5
147 1108 48 3
148 410 45 7
149 1189 15 13
150 833 11 2