126
1 1131 18 56.616
2 676 1 11.66
3 805 60 41.565
4 899 20 57.247
5 1002 18 48.241
6 295 44 22.604
7 416 59 84.957
8 817 1 11.181
9 1181 37 66.401
10 931 55 38.924
11 928 19 90.917
12 28 14 1.224
13 76 50 45.089
14 1372 11 95.596
15 1172 25 30.848
16 1112 21 70.73
17 548 53 95.45
18 236 60 41.691
19 1257 59 13.466
20 507 39 38.485
21 977 31 75.656
22 227 42 2.681
23 1387 45 94.532
24 633 60 78.268
25 191 50 38.849
26 379 60 79.404
27 1022 21 91.49
28 224 35 34.639
29 1364 14 81.103
30 574 15 71.858
31 848 35 10.696
32 530 38 49.049
33 26 60 4.415
34 908 4 65.753
35 238 1 0.582
36 762 20 92.168
37 694 29 98.776
38 94 42 79.126
39 821 22 37.891
40 289 26 60.151
41 532 52 42.363
42 1024 34 39.398
43 829 45 94.824
44 1015 1 63.053
45 83 22 35.687
46 1270 60 3.546
47 283 27 33.16
48 955 6 60.225
49 497 16 2.535
50 558 54 55.135
51 318 35 5.89
52 327 23 1.282
53 194 46 38.578
54 691 27 63.255
55 583 38 17.215
56 1297 43 20.512
57 1305 34 59.079
58 1366 56 69.437
59 332 38 26.051
60 1078 48 4.973
61 1097 36 33.239
62 918 35 68.761
63 68 31 94.749
64 1205 1 44.391
65 1408 32 87.583
66 437 25 90.195
67 597 2 88.985
68 1234 32 84.42
69 882 11 30.286
70 1214 48 37.893
71 268 3 49.621
72 362 9 61.662
73 1402 1 68.314
74 376 1 47.787
75 574 16 14.657
76 968 1 99.293
77 566 30 30.936
78 381 50 74.904
79 1141 54 18.683
80 768 43 0.28
81 1245 27 13.542
82 17 26 51.743
83 441 47 88.156
84 593 32 97.802
85 752 38 35.73
86 1171 28 55.29
87 1072 25 69.064
88 394 21 49.974
89 1155 41 18.693
90 625 21 75.312
91 1192 1 41.963
92 1249 1 7.353
93 215 5 80.293
94 1373 32 11.27
95 1356 38 56.971
96 652 1 20.187
97 108 8 7.62
98 487 37 50.833
99 733 43 22.289
100 1084 57 98.168
101 1044 27 37.567
102 103 49 24.016
103 1344 1 51.976
104 884 19 23.991
105 69 16 9.941
106 1326 44 83.362
107 510 26 77.125
108 885 43 32.191
109 332 26 11.107
110 445 32 88.314
111 904 30 89.95
112 130 31 32.259
113 503 35 69.253
114 556 49 68.02
115 668 15 40.487
116 1018 30 79.415
117 165 33 90.481
118 942 27 40.525
119 27 39 78.739
120 419 1 56.39
121 1239 27 92.363
122 622 28 99.928
123 903 19 7.754
124 429 39 72.195
125 1256 45 49.391
126 1036 37 89.109
