150 
1 309 57 12.455 
2 463 25 45.894 
3 1139 30 24.510 
4 1370 58 89.356 
5 1242 3 90.997 
6 464 24 45.470 
7 1299 60 17.589 
8 769 8 23.850 
9 1157 57 62.117 
10 1146 11 36.344 
11 828 9 54.651 
12 207 30 21.606 
13 1150 37 2.795 
14 331 32 55.336 
15 426 1 5.875 
16 421 6 71.521 
17 1090 51 24.877 
18 397 51 72.855 
19 854 10 79.360 
20 1175 3 26.284 
21 1074 30 82.266 
22 107 55 54.296 
23 412 27 31.914 
24 637 46 2.977 
25 724 42 69.837 
26 878 21 97.517 
27 231 50 84.808 
28 1218 7 13.988 
29 927 55 29.540 
30 756 11 5.603 
31 298 1 75.816 
32 713 9 86.433 
33 16 14 92.873 
34 807 34 95.581 
35 1000 9 93.792 
36 672 6 89.075 
37 486 30 82.004 
38 603 59 64.683 
39 656 55 8.316 
40 146 1 38.063 
41 1368 33 42.467 
42 605 24 69.502 
43 414 48 20.592 
44 770 60 77.954 
45 694 60 38.752 
46 1356 47 9.675 
47 1029 8 60.813 
48 845 42 24.517 
49 455 52 17.682 
50 321 45 23.468 
51 1093 34 21.593 
52 390 41 62.683 
53 486 4 75.870 
54 615 36 5.863 
55 256 12 53.236 
56 777 27 72.640 
57 851 41 53.822 
58 193 48 23.210 
59 100 29 44.015 
60 753 51 11.623 
61 1079 15 78.162 
62 374 33 97.017 
63 267 60 14.371 
64 456 10 99.450 
65 325 27 33.839 
66 404 24 70.396 
67 517 57 14.541 
68 280 48 52.522 
69 157 4 62.890 
70 955 58 12.468 
71 816 4 92.015 
72 559 18 43.817 
73 1192 54 33.335 
74 1244 55 25.112 
75 759 52 97.544 
76 1113 21 55.167 
77 631 12 58.689 
78 1296 11 59.785 
79 250 38 47.424 
80 880 26 10.429 
81 582 59 11.281 
82 1289 28 73.920 
83 7 28 95.430 
84 818 5 48.975 
85 465 24 35.269 
86 1421 10 25.317 
87 456 48 95.948 
88 1102 4 59.902 
89 27 23 18.047 
90 765 33 37.978 
91 164 57 68.179 
92 328 53 68.120 
93 577 47 2.580 
94 60 4 11.233 
95 734 30 21.963 
96 1072 16 44.384 
97 601 31 61.387 
98 1357 15 3.240 
99 1246 21 34.063 
100 739 6 26.335 
101 88 57 11.640 
102 580 43 76.242 
103 183 22 14.228 
104 731 12 61.081 
105 596 59 89.055 
106 239 17 81.199 
107 1206 36 20.223 
108 1280 24 37.782 
109 803 9 17.428 
110 725 50 74.188 
111 345 40 5.893 
112 376 38 34.585 
113 1 56 44.214 
114 260 14 38.353 
115 922 54 39.046 
116 746 22 85.064 
117 771 22 12.240 
118 43 35 71.175 
119 891 59 87.650 
120 797 18 96.920 
121 135 53 6.115 
122 1233 57 97.786 
123 173 53 50.028 
124 1353 44 83.106 
125 1045 40 15.119 
126 1166 13 62.712 
127 1338 52 12.041 
128 191 33 34.616 
129 244 15 68.462 
130 161 59 77.629 
131 1400 32 22.178 
132 778 19 79.312 
133 835 54 19.471 
134 771 26 8.007 
135 192 2 39.331 
136 1421 26 2.014 
137 554 13 39.931 
138 370 53 44.668 
139 896 46 54.744 
140 75 22 26.818 
141 603 41 13.518 
142 843 60 81.382 
143 1283 28 32.072 
144 1425 11 33.884 
145 906 54 23.081 
146 378 38 93.582 
147 242 23 85.591 
148 754 13 70.519 
149 536 41 90.358 
150 502 53 93.533 
