108
1 24 20 95
2 819 10 59
3 934 56 63
4 970 35 76
5 567 18 77
6 167 40 34
7 865 32 97
8 180 29 77
9 1333 12 32
10 326 57 24
11 1175 36 23
12 166 58 1
13 503 54 3
14 418 39 46
15 814 11 55
16 536 1 92
17 722 1 40
18 751 59 94
19 334 7 18
20 596 35 54
21 491 49 27
22 131 55 4
23 849 31 24
24 136 50 17
25 708 1 77
26 201 18 96
27 210 49 37
28 1051 15 48
29 417 5 36
30 256 51 83
31 523 52 95
32 154 17 10
33 1067 52 31
34 405 16 7
35 520 8 66
36 725 41 3
37 692 43 98
38 61 36 76
39 183 19 39
40 179 58 25
41 206 60 98
42 1220 2 77
43 809 59 34
44 879 59 10
45 402 18 42
46 669 25 73
47 1000 27 79
48 529 10 84
49 1334 20 68
50 1147 40 93
51 513 17 30
52 208 41 47
53 86 22 52
54 604 4 46
55 34 57 86
56 384 52 25
57 1073 12 39
58 1011 22 85
59 1117 30 81
60 150 34 99
61 897 48 52
62 836 27 86
63 506 46 3
64 674 51 17
65 1348 16 1
66 307 58 80
67 668 38 63
68 923 14 55
69 522 51 42
70 872 52 94
71 408 23 19
72 1342 4 92
73 980 32 27
74 686 40 52
75 1209 11 64
76 174 38 43
77 1367 13 72
78 1067 8 11
79 1359 34 78
80 51 54 87
81 1071 52 64
82 948 38 14
83 998 34 27
84 1374 39 30
85 901 56 93
86 1134 60 46
87 1098 17 97
88 435 16 67
89 1016 56 43
90 1272 29 42
91 144 24 74
92 1330 21 35
93 841 44 72
94 822 17 95
95 311 34 65
96 1213 11 68
97 430 2 99
98 35 44 82
99 721 52 34
100 691 18 7
101 1267 26 11
102 94 5 41
103 356 5 65
104 1194 26 90
105 1167 12 18
106 70 28 51
107 414 60 6
108 1140 9 5
