106
1 261 43 11.748
2 963 22 54.549
3 790 21 91.92
4 217 47 78.655
5 652 35 1.072
6 8 29 87.097
7 343 38 76.715
8 873 42 13.383
9 879 23 51.657
10 871 7 39.158
11 646 54 48.411
12 837 5 40.595
13 780 8 81.821
14 1094 28 19.738
15 454 6 17.878
16 470 59 67.599
17 63 20 88.887
18 1429 29 19.672
19 933 52 58.325
20 836 19 9.131
21 1302 22 63.627
22 857 32 22.393
23 1401 8 50.973
24 1200 54 71.834
25 1078 2 84.386
26 815 19 21.452
27 108 27 45.509
28 575 13 28.239
29 1066 39 56.081
30 958 36 61.065
31 1081 40 63.417
32 1053 51 53.458
33 1148 9 50.592
34 972 20 49.371
35 873 37 71.432
36 508 16 28.065
37 435 36 17.434
38 630 23 62.21
39 1217 8 82.273
40 1181 32 56.778
41 1056 50 2.673
42 1255 19 17.558
43 1434 26 74.592
44 1183 14 7.311
45 2 51 57.773
46 795 10 92.705
47 1366 16 39.241
48 1235 39 41.564
49 478 14 2.335
50 342 58 43.423
51 1382 27 66.124
52 1188 50 90.282
53 834 43 48.01
54 719 58 13.332
55 708 34 20.61
56 352 15 0.742
57 707 37 13.912
58 340 34 42.23
59 1074 22 78.367
60 751 21 26.628
61 894 44 43.114
62 598 26 87.192
63 795 54 85.694
64 641 39 9.538
65 1062 30 41.732
66 528 20 76.461
67 249 31 11.92
68 1280 2 29.175
69 698 58 93.133
70 825 52 50.327
71 1008 44 63.991
72 903 50 87.341
73 1340 48 48.668
74 1199 17 42.285
75 1136 60 24.315
76 853 32 77.92
77 1162 49 37.274
78 1242 45 41.457
79 1373 26 95.715
80 359 46 65.39
81 209 39 26.628
82 1071 19 5.859
83 814 9 92.205
84 1204 36 7.152
85 873 31 60.801
86 619 5 24.605
87 288 25 65.198
88 341 26 22.572
89 12 48 99.284
90 385 28 25.382
91 450 24 61.334
92 179 6 74.328
93 116 18 48.472
94 901 47 35.338
95 714 21 58.041
96 981 18 70.845
97 1268 6 7.89
98 883 24 64.499
99 408 58 7.841
100 468 10 44.136
101 1294 55 97.652
102 1 4 31.069
103 618 40 35.817
104 410 35 4.934
105 543 3 89.71
106 910 38 24.679
