150
1 540 37 47.923
2 581 49 47.025
3 1406 9 38.189
4 96 33 81.695
5 378 18 50.835
6 1285 22 38.25
7 407 55 37.143
8 911 46 5.752
9 9 57 37.309
10 77 36 47.62
11 928 48 63.073
12 330 30 6.662
13 1433 28 22.565
14 1393 8 48.456
15 57 43 62.14
16 1285 2 72.698
17 329 2 20.918
18 960 59 46.562
19 308 28 24.216
20 1384 18 73.863
21 1123 3 49.227
22 183 48 52.973
23 565 19 96.44
24 625 45 9.718
25 1031 28 21.847
26 1336 52 80.125
27 1264 22 89.54
28 133 26 37.976
29 22 12 10.763
30 364 21 85.083
31 135 37 54.24
32 1075 37 36.397
33 984 21 67.86
34 1094 38 2.457
35 1431 43 26.825
36 283 59 23.165
37 1339 24 11.958
38 472 31 73.678
39 804 27 14.687
40 837 20 77.292
41 968 37 9.154
42 205 48 7.947
43 809 1 66.925
44 886 29 58.431
45 1235 21 84.632
46 474 56 58.598
47 650 36 66.956
48 1224 16 54.719
49 240 29 81.95
50 231 7 22.676
51 1166 2 43.429
52 1083 10 15.27
53 731 10 14.546
54 921 54 13.303
55 1071 44 4.017
56 101 44 45.804
57 115 60 47.378
58 288 47 47.317
59 582 53 46.678
60 470 16 64.39
61 351 40 71.362
62 689 15 70.464
63 1348 47 95.233
64 259 47 42.84
65 962 14 85.508
66 1330 18 83.491
67 1410 36 13.701
68 1423 22 68.947
69 1075 33 2.409
70 889 23 74.941
71 640 54 10.28
72 1405 53 16.594
73 760 25 46.299
74 133 1 59.249
75 1433 10 38.894
76 1289 17 21.749
77 760 55 50.791
78 469 1 55.396
79 248 11 74.935
80 519 18 31.216
81 537 51 75.458
82 167 17 71.766
83 282 36 31.992
84 642 10 62.305
85 388 13 3.529
86 518 56 11.429
87 254 24 23.418
88 1191 26 95.884
89 1157 27 59.131
90 1233 52 8.108
91 462 36 37.982
92 1279 14 23.589
93 770 4 13.925
94 315 30 14.294
95 395 8 42.561
96 396 4 25.974
97 1303 39 57.163
98 689 58 83.579
99 1265 19 14.247
100 739 29 8.184
101 567 45 92.987
102 441 56 11.307
103 615 52 68.808
104 23 40 19.819
105 622 8 14.392
106 941 39 69.821
107 213 36 42.55
108 542 15 63.046
109 1236 14 95.344
110 1262 12 92.586
111 1421 42 40.309
112 641 15 81.425
113 1287 54 36.398
114 888 46 3.034
115 1011 33 83.889
116 969 1 71.425
117 429 47 29.982
118 1040 20 16.463
119 1057 60 22.047
120 384 55 51.727
121 894 54 54.402
122 570 54 4.768
123 331 24 52.798
124 517 56 39.697
125 785 9 29.27
126 1206 21 43.345
127 748 26 89.989
128 1246 34 58.355
129 236 54 84.805
130 1438 12 34.652
131 70 14 3.623
132 227 55 94.471
133 690 58 40.945
134 252 46 66.466
135 815 55 56.486
136 327 17 5.476
137 1004 60 68.649
138 235 30 68.515
139 1290 56 75.915
140 802 5 24.61
141 193 40 18.548
142 422 25 89.137
143 98 50 86.856
144 303 55 27.624
145 1025 1 37.625
146 1055 52 62.639
147 1106 17 30.284
148 5 2 4.427
149 521 57 42.513
150 633 23 46.824
