130
1 628 44 65.543
2 785 36 78.121
3 161 13 65.341
4 995 27 64.642
5 1413 48 64.005
6 1154 8 28.577
7 528 20 74.94
8 1148 34 7.669
9 1289 1 2.445
10 222 56 35.223
11 851 2 68.065
12 1429 42 72.111
13 1112 10 93.952
14 638 46 42.249
15 838 33 82.46
16 221 43 39.925
17 1378 50 18.635
18 363 42 79.704
19 357 31 35.177
20 842 12 41.736
21 819 34 49.38
22 810 52 94.024
23 1028 18 28.366
24 1045 10 10.091
25 631 9 1.755
26 1170 36 79.402
27 1131 57 61.284
28 1244 42 77.9
29 1152 25 6.306
30 1270 32 2.242
31 774 23 2.83
32 336 53 97.602
33 415 10 31.551
34 68 3 88.111
35 1389 27 73.626
36 78 60 11.357
37 1056 23 71.08
38 41 27 20.242
39 143 33 57.214
40 757 25 47.457
41 1068 37 28.141
42 37 42 55.276
43 404 41 98.52
44 556 22 95.039
45 68 58 53.523
46 362 54 5.084
47 921 25 55.269
48 696 50 69.04
49 932 10 97.545
50 170 50 41.686
51 415 34 33.821
52 528 55 4.846
53 958 51 78.856
54 75 39 3.749
55 647 47 24.619
56 1028 42 28.85
57 1288 59 95.268
58 640 53 45.783
59 423 6 50.269
60 503 26 32.635
61 274 41 51.835
62 807 43 43.108
63 155 1 85.738
64 432 24 34.216
65 636 21 24.724
66 12 44 3.193
67 1378 33 70.249
68 751 4 79.454
69 160 32 72.123
70 855 28 73.951
71 560 2 76.568
72 57 26 68.583
73 112 3 26.526
74 1008 22 49.543
75 349 35 38.583
76 637 21 85.779
77 1066 1 10.317
78 335 41 98.932
79 753 15 86.551
80 828 28 46.096
81 1338 22 36.524
82 881 47 46.554
83 123 38 90.094
84 1249 4 11.178
85 1079 39 82.213
86 696 42 13.347
87 764 59 61.234
88 481 28 20.171
89 967 59 63.266
90 1010 45 83.018
91 373 32 66.535
92 1246 31 49.343
93 821 29 55.045
94 643 14 15.999
95 66 59 53.577
96 1236 17 9.189
97 929 60 48.041
98 894 31 86.397
99 1169 5 92.588
100 1024 28 17.509
101 1328 25 48.925
102 332 40 44.536
103 509 51 26.134
104 1237 41 29.323
105 3 31 19.642
106 115 48 81.914
107 131 42 10.136
108 1210 34 74.155
109 324 60 60.808
110 523 24 21.753
111 1177 54 66.855
112 604 43 34.555
113 936 46 15.923
114 1331 40 54.741
115 1173 1 92.293
116 588 43 53.132
117 966 6 79.255
118 1262 18 23.168
119 612 52 31.032
120 710 36 66.086
121 547 9 15.32
122 1093 46 50.259
123 390 28 34.71
124 49 24 87.273
125 862 51 63.014
126 1116 22 22.551
127 575 39 28.625
128 1028 21 9.108
129 469 22 74.768
130 333 31 90.622
