140
1 1182 22 54
2 71 56 45
3 846 3 28
4 1322 45 46
5 304 10 99
6 619 19 56
7 986 43 23
8 1063 28 76
9 30 14 98
10 575 25 35
11 51 7 14
12 415 25 76
13 355 12 85
14 445 1 54
15 1119 11 64
16 950 29 66
17 46 37 88
18 489 17 44
19 789 6 22
20 1251 5 78
21 481 27 10
22 631 20 60
23 263 38 28
24 530 27 50
25 146 19 3
26 884 27 12
27 730 38 68
28 657 59 94
29 431 17 15
30 710 41 62
31 445 2 92
32 1317 21 40
33 166 38 7
34 61 34 81
35 925 15 38
36 535 33 62
37 401 58 43
38 656 35 61
39 910 7 89
40 1248 56 97
41 1025 59 25
42 210 43 70
43 1059 53 60
44 649 52 25
45 504 42 57
46 176 31 37
47 1179 7 97
48 917 30 82
49 134 60 88
50 1249 7 4
51 703 58 43
52 1261 56 47
53 483 58 74
54 1327 37 48
55 803 46 45
56 397 13 26
57 877 52 36
58 128 9 63
59 1223 53 9
60 143 36 67
61 1188 58 87
62 1267 20 69
63 995 43 27
64 443 24 55
65 820 37 8
66 197 55 18
67 995 24 20
68 1235 15 6
69 848 31 88
70 911 18 22
71 447 24 75
72 1053 25 82
73 1020 19 67
74 1370 50 86
75 882 20 73
76 611 34 18
77 843 9 35
78 1016 9 93
79 1223 36 13
80 901 24 90
81 225 31 11
82 660 54 46
83 718 49 89
84 1271 36 62
85 736 14 38
86 760 36 31
87 1044 6 29
88 1240 5 91
89 680 50 94
90 766 35 97
91 251 7 49
92 162 55 36
93 779 55 92
94 886 14 33
95 1011 28 87
96 4 3 53
97 1378 23 50
98 77 27 7
99 997 24 43
100 184 60 39
101 256 45 60
102 1006 15 36
103 552 11 99
104 881 53 63
105 719 9 2
106 8 46 39
107 1027 57 78
108 1163 22 51
109 601 48 7
110 399 24 14
111 509 12 7
112 488 29 16
113 147 14 18
114 1233 27 72
115 260 28 74
116 930 52 28
117 1339 60 42
118 751 40 93
119 728 43 52
120 605 39 37
121 1127 20 56
122 398 34 70
123 1179 34 12
124 1312 33 84
125 1238 33 37
126 269 46 76
127 283 3 10
128 259 31 76
129 1431 10 29
130 1093 13 48
131 464 19 47
132 54 36 73
133 1037 23 18
134 442 48 26
135 457 6 12
136 98 19 92
137 725 32 10
138 79 10 31
139 689 30 39
140 63 17 42
