118
1 575 21 29
2 511 34 33
3 710 14 3
4 689 14 27
5 1161 40 86
6 312 24 26
7 495 1 35
8 197 18 22
9 1048 2 52
10 444 23 47
11 925 56 47
12 644 43 99
13 1143 36 96
14 31 1 10
15 771 51 43
16 1438 58 28
17 895 35 54
18 1122 53 38
19 359 4 29
20 1119 56 13
21 1216 23 51
22 1189 56 41
23 778 42 19
24 444 54 80
25 614 59 55
26 920 44 23
27 180 2 65
28 100 12 19
29 975 57 39
30 1370 60 83
31 92 17 58
32 120 1 69
33 1435 40 63
34 301 6 93
35 347 27 12
36 545 39 5
37 669 32 17
38 80 60 60
39 441 49 66
40 229 28 44
41 123 29 67
42 887 22 41
43 689 34 32
44 1336 10 60
45 181 52 76
46 1267 55 62
47 1082 9 96
48 971 2 88
49 442 34 83
50 1440 10 74
51 458 19 3
52 184 3 83
53 590 48 72
54 517 1 19
55 1425 44 26
56 1046 16 45
57 191 4 5
58 230 38 78
59 845 32 61
60 346 46 43
61 1060 8 19
62 1134 50 97
63 268 17 96
64 1171 10 58
65 1035 4 52
66 660 35 45
67 901 5 8
68 195 17 77
69 1086 35 79
70 416 24 77
71 464 49 99
72 1216 39 22
73 880 24 51
74 210 52 13
75 774 8 90
76 320 2 38
77 877 41 73
78 487 52 44
79 951 37 89
80 509 29 85
81 1143 31 74
82 1313 59 53
83 406 49 37
84 412 56 29
85 968 12 50
86 645 41 29
87 665 49 21
88 580 43 50
89 1321 14 94
90 884 1 76
91 1039 49 97
92 1123 53 57
93 570 42 90
94 260 34 15
95 352 46 89
96 508 47 96
97 44 32 1
98 571 18 89
99 591 7 27
100 425 7 32
101 1423 21 78
102 616 26 86
103 33 13 51
104 1181 13 18
105 69 42 24
106 1079 21 15
107 1125 40 21
108 800 57 74
109 140 17 67
110 394 55 60
111 605 18 53
112 104 38 2
113 1343 5 93
114 85 50 94
115 1290 36 3
116 1190 36 99
117 1046 22 66
118 605 57 96
