150
1 1096 26 35.709
2 683 23 42.699
3 207 1 32.31
4 1133 9 79.545
5 1414 35 30.564
6 349 42 9.523
7 1181 9 9.899
8 672 56 2.947
9 1281 7 13.641
10 1291 34 99.76
11 642 16 36.523
12 1070 44 20.992
13 323 17 3.923
14 1024 19 91.066
15 1220 5 27.76
16 1050 19 68.992
17 461 21 61.413
18 1177 9 59.279
19 724 50 94.698
20 1350 40 15.939
21 79 18 96.429
22 1387 36 71.246
23 909 60 13.695
24 1141 40 35.911
25 931 15 54.65
26 712 43 1.515
27 229 4 70.418
28 1216 33 12.448
29 1067 11 55.448
30 801 40 89.794
31 1340 5 6.211
32 1218 58 8.43
33 451 20 43.006
34 216 17 87.719
35 880 22 17.961
36 1142 29 15.919
37 1418 40 31.581
38 182 27 66.283
39 688 48 1.043
40 47 18 23.543
41 721 7 32.619
42 9 35 87.295
43 862 24 84.775
44 789 50 99.82
45 1218 38 84.25
46 480 19 67.133
47 319 23 9.674
48 879 33 83.631
49 275 33 80.409
50 51 31 82.318
51 1114 29 92.427
52 994 18 83.031
53 207 55 69.502
54 410 19 86.984
55 893 1 19.944
56 368 17 0.952
57 763 47 86.819
58 54 20 84.442
59 687 22 64.664
60 686 25 11.035
61 272 26 4.723
62 372 1 87.077
63 1342 56 87.291
64 824 37 38.366
65 567 52 18.708
66 58 30 13.537
67 708 7 55.49
68 126 59 22.554
69 683 55 26.502
70 30 28 69.749
71 583 30 20.282
72 665 5 15.63
73 341 6 55.131
74 1397 6 75.033
75 812 34 34.35
76 1435 48 54.373
77 884 20 50.472
78 1417 36 4.833
79 511 24 81.836
80 153 52 83.786
81 1124 17 54.93
82 1283 36 62.493
83 450 58 44.748
84 929 45 7.867
85 1281 11 50.998
86 251 11 76.086
87 1347 32 72.044
88 619 20 10.107
89 867 15 28.781
90 717 16 75.847
91 843 3 16.857
92 1421 27 63.02
93 778 23 95.453
94 808 16 30.948
95 740 32 65.535
96 506 36 88.878
97 412 32 31.796
98 544 42 94.862
99 741 13 66.677
100 1023 43 7.208
101 1155 35 15.24
102 469 17 28.289
103 292 20 62.865
104 915 38 34.592
105 521 56 56.456
106 1343 56 2.088
107 548 30 0.255
108 309 40 86.655
109 340 36 51.581
110 985 24 91.923
111 983 41 6.124
112 592 33 0.595
113 667 43 52.11
114 996 25 20.961
115 501 60 69.871
116 889 10 3.671
117 1243 44 60.379
118 71 12 99.722
119 124 1 91.689
120 152 56 5.984
121 1263 21 86.679
122 31 29 39.358
123 1122 45 85.934
124 695 60 48.152
125 367 36 72.935
126 78 7 98.231
127 1361 7 61.946
128 1200 57 78.561
129 569 21 56.047
130 452 2 94.085
131 297 60 95.968
132 1419 22 49.111
133 414 40 27.58
134 163 12 83.573
135 1297 2 5.205
136 1410 28 23.538
137 202 48 38.282
138 1334 60 51.589
139 748 45 67.105
140 985 49 28.532
141 990 37 46.588
142 710 41 14.356
143 1035 35 76.063
144 127 4 85.465
145 481 52 55.019
146 1231 25 33.969
147 108 46 83.852
148 1231 18 77.308
149 549 19 61.465
150 79 32 83.023