150
1 907 42 65.258
2 936 41 79.16
3 1386 10 46.125
4 328 38 88.774
5 1185 24 97.068
6 974 12 97.079
7 541 13 61.267
8 1142 41 62.788
9 364 58 46.373
10 377 18 57.709
11 840 15 63.126
12 385 46 47.736
13 1203 22 88.414
14 967 38 99.14
15 149 14 17.603
16 51 23 15.033
17 101 38 71.436
18 356 37 37.138
19 208 36 13.112
20 126 26 75.666
21 1024 2 72.506
22 1051 15 98.856
23 9 1 47.402
24 137 60 11.477
25 1155 38 46.984
26 1038 23 43.818
27 835 35 35.036
28 327 26 42.197
29 152 9 96.028
30 347 27 82.127
31 150 30 99.712
32 660 1 92.222
33 1056 18 37.533
34 583 39 97.326
35 520 24 42.738
36 1250 16 37.457
37 846 18 1.266
38 1059 60 87.79
39 543 36 17.065
40 413 47 41.057
41 522 9 45.043
42 1181 5 11.876
43 424 14 17.157
44 1228 45 64.445
45 653 10 70.531
46 1101 41 23.03
47 1229 57 44.932
48 74 22 34.38
49 855 19 48.492
50 576 50 57.568
51 1103 17 95.73
52 1370 11 50.845
53 985 12 69.537
54 19 10 25.289
55 668 49 93.514
56 354 20 54.248
57 1380 59 11.234
58 655 50 36.817
59 712 28 97.564
60 712 12 43.454
61 288 45 90.033
62 1173 42 34.36
63 670 56 38.648
64 417 11 91.789
65 938 49 92.602
66 138 56 49.432
67 134 32 84.504
68 809 50 84.692
69 593 36 25.28
70 1384 9 17.543
71 1207 30 82.394
72 1217 29 51.518
73 934 11 88.51
74 1144 13 22.844
75 721 2 15.965
76 883 4 71.431
77 1430 28 81.734
78 1238 11 23.206
79 1247 50 35.787
80 283 10 63.24
81 1286 8 12.679
82 611 45 47.741
83 463 56 48.747
84 670 41 97.816
85 1006 25 76.607
86 106 8 63.995
87 35 19 36.809
88 524 8 22.151
89 1164 56 19.179
90 882 59 51.651
91 1029 59 1.404
92 1282 40 17.991
93 596 53 6.626
94 439 11 65.199
95 769 27 75.436
96 32 25 20.046
97 32 25 96.327
98 1237 40 57.109
99 643 45 88.791
100 248 2 73.269
101 909 12 85.928
102 514 8 67.635
103 565 35 10.92
104 899 57 78.777
105 197 39 69.219
106 1299 26 22.013
107 817 28 55.939
108 664 42 21.839
109 408 11 0.596
110 1164 13 62.092
111 1243 53 49.2
112 1103 23 43.571
113 1270 13 43.473
114 1110 19 72.247
115 287 12 71.121
116 1255 46 98.388
117 1158 13 30.881
118 577 7 94.197
119 1006 37 86.402
120 1399 39 79.141
121 1417 14 18.658
122 841 31 83.383
123 1183 5 62.847
124 1405 45 35.423
125 835 56 37.852
126 1409 24 20.61
127 1356 27 90.403
128 1082 8 21.507
129 816 58 65.227
130 446 51 24.221
131 58 43 80.106
132 189 35 56.805
133 706 54 63.65
134 1420 43 91.541
135 870 24 11.3
136 668 8 61.612
137 1170 4 42.365
138 1091 52 56.5
139 66 25 23.384
140 652 20 2.209
141 487 42 71.0
142 533 53 24.707
143 377 29 67.226
144 425 10 57.489
145 240 19 12.654
146 1355 48 38.398
147 1159 41 18.148
148 708 8 84.236
149 184 1 48.588
150 1199 7 12.077
