143
1 1080 53 1
2 684 10 98
3 13 41 96
4 1390 24 87
5 1440 52 22
6 1338 26 76
7 1169 50 69
8 524 10 96
9 21 48 42
10 747 4 38
11 1099 28 5
12 27 38 94
13 923 30 13
14 26 49 63
15 734 14 84
16 539 37 38
17 1285 13 86
18 385 17 96
19 700 49 21
20 509 37 7
21 1341 60 9
22 601 46 78
23 1180 5 28
24 1156 27 39
25 1325 13 72
26 213 23 32
27 420 27 78
28 418 14 29
29 1374 28 33
30 146 2 27
31 290 2 53
32 452 15 45
33 1410 34 26
34 1110 47 74
35 804 15 53
36 1010 4 10
37 628 35 22
38 1300 4 11
39 436 30 92
40 858 30 31
41 592 26 14
42 1276 33 1
43 422 42 60
44 8 55 32
45 604 30 38
46 849 26 9
47 328 59 54
48 369 59 39
49 842 51 89
50 712 47 95
51 897 50 90
52 610 49 21
53 38 25 11
54 406 44 28
55 140 20 51
56 1214 51 24
57 873 24 14
58 1343 40 85
59 883 8 18
60 555 56 9
61 617 32 60
62 13 42 99
63 1230 59 63
64 395 7 18
65 1023 17 39
66 906 50 9
67 488 23 62
68 1400 45 53
69 161 48 27
70 1256 7 70
71 1078 36 49
72 81 3 44
73 688 6 17
74 974 12 71
75 137 17 10
76 878 39 91
77 702 10 51
78 374 47 41
79 295 13 48
80 1023 13 59
81 803 27 78
82 775 32 39
83 735 21 92
84 432 23 5
85 1094 47 84
86 480 21 44
87 497 44 34
88 849 2 56
89 340 12 88
90 1117 42 26
91 1410 23 89
92 874 24 12
93 794 7 99
94 1387 31 51
95 473 36 49
96 974 17 11
97 631 1 47
98 252 23 25
99 7 55 50
100 326 51 30
101 438 28 79
102 275 58 22
103 562 40 5
104 1309 9 36
105 1270 23 43
106 1301 5 26
107 295 45 13
108 935 51 88
109 904 47 39
110 1171 9 30
111 1098 40 11
112 1025 25 47
113 1301 12 75
114 1232 12 25
115 49 3 57
116 278 43 2
117 1381 22 35
118 1226 58 53
119 637 8 41
120 222 1 21
121 159 56 77
122 903 22 35
123 1126 44 5
124 991 49 52
125 392 50 8
126 706 21 19
127 1434 24 60
128 1372 6 55
129 18 43 35
130 205 29 16
131 215 39 46
132 850 51 27
133 177 54 83
134 1197 47 95
135 64 60 43
136 1336 24 24
137 221 3 24
138 251 39 38
139 1272 30 58
140 490 53 80
141 193 57 12
142 1042 37 8
143 1016 28 65
