150
1 1236 58 90
2 758 41 40
3 51 42 78
4 595 12 56
5 1047 56 31
6 982 26 30
7 197 1 92
8 824 39 49
9 421 19 45
10 1311 27 67
11 142 49 21
12 1261 12 46
13 1426 43 75
14 24 11 39
15 354 23 9
16 536 13 19
17 555 41 23
18 626 27 70
19 31 26 61
20 838 5 85
21 695 11 32
22 215 18 40
23 43 50 22
24 404 26 6
25 516 25 7
26 269 5 63
27 981 46 37
28 1267 59 13
29 64 41 11
30 112 25 7
31 590 29 79
32 638 16 45
33 525 45 45
34 79 19 95
35 879 4 98
36 611 38 33
37 7 5 43
38 1050 7 52
39 1377 20 28
40 151 7 92
41 580 5 21
42 423 27 19
43 425 1 40
44 785 39 62
45 131 56 62
46 1136 28 40
47 352 42 81
48 7 26 84
49 551 50 58
50 1182 36 24
51 1273 37 7
52 1110 39 46
53 1003 8 9
54 172 21 92
55 71 36 1
56 816 38 68
57 763 30 45
58 817 42 46
59 46 56 17
60 38 32 32
61 1032 47 43
62 160 48 68
63 885 2 96
64 399 58 32
65 389 2 84
66 1330 42 62
67 928 19 91
68 1046 1 67
69 1224 11 85
70 485 40 61
71 1416 47 33
72 775 25 50
73 1278 46 70
74 1194 34 87
75 927 38 86
76 1041 16 26
77 920 27 73
78 383 13 24
79 1352 25 16
80 1318 54 14
81 507 57 54
82 596 44 50
83 1275 43 22
84 735 5 91
85 1195 52 24
86 30 34 76
87 108 2 16
88 1220 42 16
89 67 36 27
90 357 20 99
91 921 30 11
92 1373 42 94
93 325 59 3
94 523 28 90
95 837 44 26
96 1230 10 9
97 758 37 51
98 853 19 79
99 1188 4 29
100 1345 59 29
101 653 11 96
102 168 21 14
103 482 2 16
104 268 40 33
105 506 4 66
106 1196 26 24
107 154 32 21
108 840 16 47
109 393 52 72
110 674 30 86
111 161 26 65
112 254 1 47
113 1348 28 18
114 1431 34 87
115 806 11 8
116 615 1 57
117 345 37 47
118 171 27 9
119 1004 53 78
120 882 51 49
121 885 59 7
122 1140 10 73
123 1131 42 25
124 177 24 20
125 74 36 87
126 63 50 76
127 1386 49 36
128 1159 51 31
129 754 22 77
130 262 22 87
131 406 58 16
132 772 37 6
133 277 57 94
134 544 55 75
135 773 1 36
136 1415 24 69
137 788 5 27
138 835 25 34
139 806 32 28
140 1072 1 85
141 930 58 81
142 443 10 41
143 691 11 38
144 212 56 16
145 1065 36 24
146 33 40 68
147 91 41 79
148 1130 40 74
149 534 35 22
150 1234 58 63
