136
1 825 21 62
2 1049 58 6
3 1425 21 89
4 867 1 7
5 505 35 96
6 633 49 57
7 146 12 11
8 183 32 61
9 122 12 99
10 737 39 88
11 428 48 58
12 1247 47 43
13 536 28 57
14 995 45 42
15 63 42 26
16 871 34 9
17 912 34 55
18 66 40 95
19 66 3 54
20 193 15 66
21 313 33 9
22 405 5 75
23 1091 6 59
24 15 26 68
25 1406 15 62
26 961 51 99
27 508 40 99
28 1191 47 38
29 652 13 10
30 297 42 87
31 113 26 68
32 13 56 37
33 42 6 73
34 1370 41 21
35 865 46 38
36 405 15 2
37 1092 25 2
38 576 15 27
39 1190 58 94
40 85 45 13
41 671 38 84
42 639 21 42
43 150 49 16
44 312 44 90
45 65 11 5
46 31 15 80
47 799 53 34
48 134 33 26
49 451 27 21
50 899 48 58
51 1088 22 15
52 352 25 58
53 460 54 46
54 999 30 56
55 1029 2 96
56 1352 17 11
57 1407 4 11
58 123 60 67
59 196 38 32
60 555 30 75
61 13 50 72
62 1435 60 51
63 153 51 44
64 813 55 80
65 95 43 74
66 771 11 96
67 1434 48 91
68 293 20 15
69 1210 59 46
70 495 5 80
71 45 37 88
72 81 57 95
73 363 33 23
74 1180 52 88
75 54 39 38
76 297 35 18
77 372 11 58
78 1419 44 90
79 1327 51 81
80 847 45 93
81 254 57 40
82 711 14 93
83 424 19 66
84 198 24 78
85 689 44 58
86 831 46 15
87 712 29 40
88 1306 14 21
89 162 15 95
90 1384 44 17
91 886 55 80
92 1264 32 8
93 896 34 10
94 857 3 52
95 564 32 81
96 150 25 69
97 345 45 12
98 144 58 36
99 366 21 82
100 149 8 25
101 1395 22 11
102 1101 11 61
103 714 44 83
104 246 15 44
105 1216 11 49
106 396 17 81
107 860 15 39
108 706 49 43
109 1138 34 94
110 1361 14 44
111 127 57 77
112 381 4 14
113 1051 32 27
114 774 15 10
115 972 41 50
116 460 47 5
117 365 16 5
118 993 8 25
119 616 4 93
120 248 11 77
121 1289 37 93
122 169 27 28
123 1262 46 4
124 652 42 67
125 163 29 46
126 955 49 34
127 841 23 4
128 484 45 40
129 1431 3 10
130 71 24 42
131 926 57 38
132 502 54 12
133 720 15 3
134 245 24 70
135 365 37 89
136 906 22 22
