150
1 1146 54 96.130
2 68 21 25.900
3 759 43 43.130
4 795 3 67.721
5 497 49 60.625
6 542 52 52.146
7 1041 37 1.666
8 634 23 79.102
9 1430 43 12.031
10 1231 17 85.656
11 182 55 16.750
12 1322 24 21.154
13 1393 14 99.697
14 1083 38 48.006
15 1018 51 79.518
16 765 1 6.705
17 402 31 68.776
18 1244 2 86.725
19 230 1 54.650
20 1283 36 59.691
21 586 26 37.191
22 1419 59 90.306
23 1360 12 93.127
24 1048 52 71.498
25 310 5 20.028
26 558 36 78.884
27 148 60 36.313
28 308 46 31.524
29 1213 50 95.823
30 769 54 82.648
31 1065 19 60.408
32 966 36 38.146
33 818 24 45.175
34 472 33 11.928
35 1082 30 61.826
36 1344 47 26.851
37 1393 27 30.835
38 858 15 63.419
39 1305 34 53.009
40 952 57 23.719
41 510 49 86.366
42 1371 29 35.442
43 9 6 39.922
44 954 33 25.633
45 453 25 56.319
46 1227 35 69.889
47 515 45 53.502
48 366 47 4.415
49 1112 45 31.269
50 1268 57 10.314
51 96 39 81.360
52 377 5 82.772
53 814 43 26.591
54 174 22 24.116
55 840 30 93.579
56 488 43 55.504
57 1061 21 14.553
58 1105 51 92.199
59 668 58 14.153
60 430 14 1.750
61 477 43 38.475
62 1386 23 70.207
63 871 20 64.490
64 728 35 48.379
65 145 55 12.577
66 310 36 95.932
67 113 34 29.228
68 720 18 53.837
69 194 38 44.264
70 756 16 38.942
71 760 45 31.578
72 884 44 55.156
73 242 23 34.743
74 976 23 27.230
75 894 25 33.699
76 1433 52 5.385
77 238 58 18.521
78 106 33 21.542
79 1176 8 92.608
80 1418 24 58.116
81 1187 48 45.094
82 1351 6 15.383
83 787 28 61.624
84 196 2 77.037
85 1269 20 20.709
86 502 10 85.672
87 409 49 15.655
88 1032 31 41.635
89 39 36 85.196
90 380 4 52.601
91 1344 1 78.950
92 1064 44 81.098
93 779 45 29.685
94 307 5 5.955
95 314 37 13.167
96 1067 31 39.768
97 743 45 64.889
98 701 32 26.282
99 1385 34 39.407
100 420 16 29.210
101 1051 11 56.628
102 1304 41 49.762
103 397 16 61.508
104 448 32 85.528
105 19 34 51.732
106 878 14 33.353
107 1296 19 62.420
108 978 6 54.452
109 179 42 6.263
110 647 40 51.455
111 378 27 23.264
112 1007 52 96.509
113 468 38 16.316
114 449 11 5.081
115 1312 19 92.908
116 1078 56 1.262
117 585 37 42.689
118 54 11 89.326
119 797 34 69.021
120 254 35 20.330
121 1039 15 11.530
122 1355 42 47.465
123 999 16 16.254
124 232 33 57.775
125 927 32 16.053
126 1020 11 13.863
127 1190 45 11.896
128 81 32 90.535
129 771 37 88.570
130 806 4 55.339
131 920 54 8.808
132 569 23 16.067
133 997 59 79.913
134 329 36 34.005
135 637 49 72.221
136 1088 39 38.480
137 1070 16 38.039
138 657 20 24.468
139 1274 45 91.037
140 264 40 71.058
141 570 36 31.897
142 1396 20 46.126
143 814 36 44.838
144 810 49 77.793
145 375 56 88.044
146 653 35 5.379
147 1236 6 82.807
148 946 40 19.748
149 697 41 7.977
150 903 7 87.866