150
1 776 12 26
2 1306 19 41
3 710 21 45
4 1429 6 13
5 1351 29 62
6 695 27 57
7 615 5 12
8 40 1 3
9 1243 17 36
10 787 32 67
11 394 24 51
12 1176 10 21
13 796 28 59
14 532 14 30
15 1355 39 82
16 502 19 40
17 246 17 37
18 867 18 38
19 931 41 87
20 827 31 66
21 514 34 71
22 206 32 67
23 791 40 85
24 388 46 97
25 1012 46 97
26 830 22 47
27 1012 21 44
28 900 1 3
29 217 40 85
30 473 41 86
31 1165 33 70
32 667 26 56
33 1359 15 33
34 1239 7 16
35 1035 11 24
36 899 40 85
37 102 26 56
38 1066 40 85
39 966 14 31
40 594 16 34
41 525 19 41
42 861 16 35
43 339 2 6
44 704 13 28
45 1284 19 40
46 768 38 80
47 219 20 43
48 359 11 24
49 555 12 26
50 352 37 78
51 3 47 98
52 1085 36 76
53 216 26 55
54 50 7 16
55 302 14 30
56 1307 22 46
57 224 30 63
58 494 40 85
59 1263 20 42
60 1014 36 77
61 917 7 15
62 570 13 28
63 1140 23 49
64 1157 1 4
65 617 41 87
66 1423 35 74
67 611 12 26
68 560 42 88
69 596 45 94
70 531 15 33
71 1301 37 79
72 586 37 78
73 798 5 12
74 462 44 92
75 714 35 73
76 225 1 4
77 1063 38 80
78 713 32 68
79 1406 1 3
80 734 45 94
81 679 42 89
82 725 34 72
83 310 13 29
84 142 17 37
85 240 19 40
86 298 20 43
87 176 28 59
88 347 32 68
89 916 41 87
90 1360 42 88
91 1266 17 37
92 1237 7 15
93 206 35 74
94 1352 36 75
95 1230 1 1
96 775 27 57
97 96 45 95
98 109 29 61
99 259 18 38
100 186 31 65
101 160 43 91
102 453 40 85
103 941 10 21
104 358 26 55
105 995 36 77
106 929 30 64
107 1164 43 90
108 161 35 74
109 71 4 9
110 847 28 60
111 1356 43 91
112 680 24 50
113 835 9 19
114 773 34 72
115 174 25 54
116 743 26 56
117 713 47 99
118 229 43 90
119 413 26 55
120 408 16 35
121 786 2 6
122 1405 36 76
123 733 3 7
124 605 41 86
125 438 6 14
126 637 2 5
127 69 12 27
128 625 22 47
129 432 30 63
130 188 13 28
131 1086 5 11
132 433 46 96
133 490 25 53
134 1093 12 25
135 808 29 61
136 1209 46 97
137 1334 36 75
138 1399 44 93
139 118 37 78
140 897 28 59
141 548 36 77
142 1398 12 25
143 675 31 66
144 525 1 4
145 881 42 88
146 1319 26 55
147 700 13 28
148 860 22 46
149 59 3 7
150 1405 15 32
