150
1 1363 52 90.258
2 1362 48 36.675
3 716 14 59.497
4 250 46 77.355
5 705 25 33.913
6 260 22 7.017
7 1362 3 44.902
8 1087 13 16.555
9 767 32 34.503
10 538 7 21.454
11 1191 45 75.242
12 1050 13 76.872
13 611 14 94.168
14 479 16 78.187
15 1279 9 12.134
16 962 49 9.523
17 459 11 90.066
18 1309 49 10.752
19 477 59 16.134
20 505 20 19.141
21 16 50 76.907
22 664 33 61.74
23 25 10 69.118
24 931 27 70.833
25 1379 1 17.401
26 1331 19 57.725
27 916 46 37.237
28 401 58 0.861
29 380 15 79.766
30 793 24 8.787
31 135 31 58.164
32 1312 60 20.443
33 15 20 37.221
34 1118 43 85.204
35 1022 1 80.518
36 416 20 17.014
37 455 41 78.357
38 1028 9 60.376
39 1294 48 79.205
40 623 15 93.422
41 43 60 73.754
42 1211 45 31.047
43 1163 34 27.992
44 378 56 51.785
45 894 15 80.895
46 227 39 17.258
47 246 45 49.108
48 1068 39 17.329
49 1072 9 15.727
50 1436 53 90.335
51 935 52 2.289
52 795 42 44.074
53 71 6 20.921
54 96 41 88.652
55 617 4 82.888
56 1221 13 59.401
57 276 26 0.106
58 435 45 99.577
59 765 42 5.386
60 883 9 20.938
61 94 10 38.938
62 1111 25 11.621
63 549 15 14.788
64 697 17 5.258
65 137 31 45.561
66 1424 56 58.763
67 311 31 39.132
68 1217 52 57.319
69 1030 18 75.297
70 1226 17 40.909
71 926 50 80.093
72 423 40 5.692
73 1259 2 51.727
74 56 13 77.254
75 559 32 10.974
76 873 3 25.67
77 663 50 55.628
78 1159 39 36.241
79 1156 16 19.891
80 1327 60 30.155
81 1187 52 65.717
82 928 9 68.166
83 411 50 58.976
84 1419 55 39.372
85 1413 47 48.369
86 853 9 87.681
87 1280 10 63.553
88 1102 46 79.88
89 1251 10 33.877
90 333 28 59.784
91 1294 35 40.698
92 322 2 88.435
93 795 15 86.783
94 642 47 78.189
95 1430 12 47.665
96 1178 10 44.166
97 586 12 2.012
98 312 3 90.217
99 821 41 26.21
100 795 3 9.174
101 133 42 85.265
102 761 23 97.695
103 821 39 31.632
104 577 4 62.157
105 160 23 47.445
106 1206 47 72.73
107 712 48 35.36
108 251 56 92.326
109 1042 34 59.519
110 51 18 46.355
111 602 17 85.073
112 652 5 14.132
113 234 51 39.422
114 3 32 70.759
115 411 11 39.726
116 596 48 74.301
117 57 23 16.821
118 504 28 14.748
119 196 25 0.291
120 796 40 14.917
121 115 21 25.113
122 976 3 97.036
123 727 29 67.401
124 66 37 86.075
125 132 14 63.624
126 1265 34 30.909
127 802 48 73.645
128 354 46 88.035
129 1130 6 30.217
130 1190 21 93.672
131 1116 55 19.241
132 1116 31 82.65
133 799 7 71.129
134 989 10 63.549
135 1100 25 86.333
136 485 46 29.197
137 1155 46 51.168
138 702 59 55.835
139 684 19 8.759
140 663 52 30.938
141 698 11 25.29
142 613 12 39.212
143 835 39 7.594
144 1288 19 31.005
145 687 48 39.06
146 273 25 37.551
147 629 35 78.571
148 940 45 94.001
149 259 3 9.848
150 706 48 96.905
