150
1 183 39 93.642 
2 184 58 58.781 
3 11 56 7.173 
4 28 51 2.837 
5 28 29 1.386 
6 1416 40 1.053 
7 1418 41 0.767 
8 1416 57 0.939 
9 1415 47 0.237 
10 1416 23 0.100 
11 1418 22 0.821 
12 11 57 7.309 
13 1418 22 0.814 
14 196 29 9.819 
15 197 34 53.694 
16 28 39 5.263 
17 13 56 8.223 
18 26 42 3.251 
19 10 58 11.983 
20 198 36 54.958 
21 195 34 26.242 
22 197 27 6.161 
23 11 56 3.686 
24 12 58 3.566 
25 184 53 61.024 
26 12 59 3.498 
27 1416 24 0.405 
28 182 45 24.350 
29 1416 43 0.943 
30 182 57 41.453 
31 1416 33 0.930 
32 11 59 0.487 
33 12 59 3.765 
34 28 46 0.771 
35 1415 36 1.089 
36 196 37 38.070 
37 13 60 9.199 
38 26 54 3.331 
39 11 60 8.326 
40 11 57 5.393 
41 11 58 1.744 
42 1416 57 1.148 
43 1416 42 0.312 
44 1415 26 0.684 
45 198 29 26.296 
46 25 40 7.142 
47 184 34 68.588 
48 200 15 55.200 
49 196 39 17.914 
50 1415 32 0.985 
51 1418 25 0.761 
52 27 33 3.812 
53 1415 40 0.949 
54 196 43 34.097 
55 1416 30 0.613 
56 198 31 34.805 
57 185 57 49.695 
58 184 60 42.748 
59 183 58 23.016 
60 27 13 5.254 
61 182 43 68.712 
62 25 16 3.212 
63 10 58 11.997 
64 1417 23 0.849 
65 1416 52 0.813 
66 195 22 13.279 
67 1417 48 0.822 
68 183 48 94.349 
69 27 52 4.122 
70 13 56 3.357 
71 13 59 1.901 
72 198 51 48.938 
73 1420 20 1.250 
74 198 43 13.527 
75 187 30 99.500 
76 195 52 2.640 
77 12 58 4.302 
78 26 46 4.194 
79 12 60 7.389 
80 183 57 6.879 
81 13 60 4.996 
82 185 54 42.945 
83 196 23 48.065 
84 1417 44 0.406 
85 197 29 53.781 
86 26 26 3.823 
87 184 40 34.921 
88 25 28 2.934 
89 27 26 3.194 
90 28 25 2.146 
91 13 60 9.044 
92 13 57 7.564 
93 182 40 71.813 
94 184 39 8.109 
95 184 52 31.348 
96 12 57 8.901 
97 197 49 52.062 
98 183 32 88.246 
99 196 37 16.308 
100 184 59 3.920 
101 26 40 5.455 
102 1418 58 0.967 
103 12 57 9.310 
104 10 59 12.286 
105 185 48 28.045 
106 27 28 4.729 
107 182 58 18.108 
108 198 40 30.579 
109 1415 59 0.138 
110 182 49 85.835 
111 1417 30 0.707 
112 183 42 76.187 
113 28 28 4.118 
114 184 45 65.526 
115 30 12 7.751 
116 195 32 22.056 
117 1418 24 0.240 
118 182 50 79.140 
119 184 54 88.747 
120 28 16 2.569 
121 196 20 41.830 
122 197 58 33.947 
123 15 55 12.987 
124 26 44 1.892 
125 195 51 39.456 
126 195 51 1.809 
127 13 58 5.735 
128 11 58 8.320 
129 183 58 50.427 
130 25 28 2.386 
131 11 60 8.656 
132 198 49 45.869 
133 25 17 6.056 
134 185 56 20.669 
135 195 50 1.963 
136 28 26 0.321 
137 25 20 5.476 
138 197 17 24.095 
139 11 58 2.343 
140 182 38 41.442 
141 197 16 8.814 
142 1418 34 0.966 
143 13 58 10.585 
144 27 48 4.771 
145 1418 43 0.704 
146 28 19 6.490 
147 25 24 6.592 
148 27 45 6.802 
149 196 54 30.473 
150 1415 38 1.044 
