150
1 874 29 12.521
2 185 29 47.833
3 334 51 29.536
4 505 7 10.303
5 520 35 95.5
6 79 37 5.087
7 1296 6 0.286
8 646 53 52.6
9 211 30 11.13
10 587 31 10.512
11 1090 52 72.167
12 724 50 17.462
13 1085 6 7.622
14 1237 38 3.959
15 461 47 29.333
16 1026 9 24.387
17 361 25 20.714
18 440 58 10.408
19 256 47 3.679
20 820 30 52.688
21 633 17 26.571
22 1335 33 8.109
23 1313 54 8.934
24 1159 19 25.0
25 18 15 16.2
26 551 16 0.471
27 717 51 1.846
28 629 18 13.912
29 379 38 17.75
30 1116 38 14.148
31 822 5 12.613
32 519 26 14.818
33 1406 33 4.687
34 54 39 7.269
35 1355 39 14.538
36 1320 28 63.667
37 626 8 10.032
38 482 20 2.862
39 270 26 8.246
40 1299 45 1.714
41 579 41 0.44
42 419 43 7.345
43 1022 14 31.238
44 129 14 8.875
45 681 8 20.242
46 1098 44 8.191
47 118 16 6.411
48 721 37 8.872
49 1344 8 38.857
50 127 50 9.319
51 920 53 2.143
52 370 36 0.286
53 1157 7 16.214
54 1136 52 23.75
55 1286 23 40.8
56 629 8 13.344
57 254 19 3.618
58 785 28 6.337
59 616 20 10.318
60 1016 49 10.576
61 629 13 56.556
62 1087 1 7.827
63 565 45 13.636
64 828 30 19.763
65 556 5 7.556
66 1243 27 12.108
67 1223 56 9.859
68 995 3 7.654
69 1024 13 42.941
70 829 40 11.29
71 738 43 11.186
72 757 19 13.515
73 946 2 7.505
74 1067 44 8.586
75 1329 59 15.225
76 324 25 9.317
77 21 56 12.099
78 1411 1 2.865
79 48 32 3.865
80 1281 41 13.514
81 684 1 21.475
82 938 34 70.571
83 1335 17 23.135
84 229 12 5.588
85 234 45 1.115
86 208 49 12.421
87 1142 9 12.553
88 280 7 32.143
89 1383 13 10.836
90 778 41 3.379
91 1312 44 23.333
92 1079 33 21.4
93 511 31 1.829
94 421 21 12.167
95 940 51 7.882
96 1280 51 5.444
97 848 37 15.75
98 487 59 20.667
99 582 49 7.605
100 916 36 38.316
101 781 48 9.987
102 1014 52 0.787
103 1232 37 6.9
104 356 40 93.0
105 706 52 11.347
106 760 12 10.014
107 759 39 8.104
108 966 30 11.474
109 180 29 0.857
110 1095 15 24.118
111 266 53 15.408
112 225 32 7.914
113 1010 54 53.412
114 556 56 9.75
115 1048 58 3.616
116 315 12 13.176
117 313 42 0.844
118 160 13 13.818
119 134 54 74.0
120 234 39 11.781
121 673 35 8.051
122 710 57 24.833
123 979 45 25.156
124 156 53 6.352
125 777 25 9.774
126 770 27 13.116
127 806 12 11.473
128 1276 42 25.714
129 1113 31 9.821
130 579 2 1.535
131 91 29 20.878
132 292 46 15.94
133 479 31 4.457
134 1149 36 26.0
135 429 36 30.882
136 1439 14 22.727
137 367 6 33.13
138 1295 17 0.031
139 9 59 7.927
140 1436 44 1.78
141 1168 38 49.0
142 827 25 14.773
143 526 51 14.577
144 569 59 12.735
145 512 42 13.097
146 1214 16 25.184
147 428 54 4.709
148 993 40 3.267
149 1435 51 39.875
150 235 46 52.2