116
1 693 6 64.506
2 557 25 16.801
3 1424 17 15.675
4 614 27 47.232
5 1227 53 23.237
6 241 13 40.097
7 1245 58 12.881
8 940 28 24.841
9 553 54 54.741
10 656 38 69.15
11 97 32 58.209
12 268 8 31.41
13 504 50 40.205
14 900 18 70.049
15 400 55 95.001
16 200 34 20.62
17 915 20 91.427
18 611 7 50.593
19 1002 39 42.751
20 978 33 67.219
21 801 6 15.405
22 681 45 44.57
23 1101 2 4.99
24 1426 9 30.733
25 840 33 90.854
26 1113 10 57.41
27 1106 13 15.396
28 476 40 11.473
29 125 46 44.974
30 1105 38 98.1
31 788 24 3.803
32 954 8 31.016
33 158 49 54.985
34 1361 32 61.101
35 472 57 73.92
36 467 43 51.548
37 1140 10 18.038
38 1412 40 71.531
39 1056 13 23.304
40 1365 11 8.076
41 292 26 96.091
42 33 38 83.993
43 845 48 73.797
44 646 22 26.708
45 16 28 32.584
46 1167 33 41.596
47 778 57 42.906
48 707 11 2.086
49 130 39 37.81
50 1023 4 14.268
51 36 19 78.547
52 916 19 30.601
53 868 40 43.96
54 1076 50 1.261
55 1016 6 44.013
56 97 50 29.508
57 898 45 18.341
58 143 21 32.639
59 361 31 87.837
60 160 24 36.521
61 1159 25 42.229
62 369 19 90.276
63 483 18 21.672
64 318 12 46.52
65 1112 38 28.662
66 391 16 3.095
67 903 18 68.289
68 1266 23 94.154
69 40 10 47.357
70 1427 30 51.215
71 951 49 32.763
72 1319 6 78.939
73 1277 39 24.111
74 122 50 6.062
75 941 17 40.876
76 707 56 50.318
77 912 45 84.478
78 94 52 31.182
79 620 7 60.58
80 347 18 0.722
81 473 9 46.811
82 867 36 46.685
83 919 57 5.912
84 502 26 49.478
85 416 14 57.666
86 194 49 83.976
87 626 33 25.798
88 1039 39 81.826
89 579 7 59.247
90 239 6 13.807
91 691 57 77.303
92 1307 19 80.71
93 643 15 91.285
94 1113 38 16.283
95 993 23 59.557
96 1007 22 58.128
97 860 10 38.445
98 711 39 27.894
99 448 49 52.583
100 1351 41 3.699
101 1317 6 10.088
102 1385 26 39.24
103 1315 25 64.728
104 599 21 51.163
105 561 14 61.539
106 805 38 89.667
107 1408 13 11.155
108 269 13 43.354
109 844 36 90.942
110 1039 1 85.648
111 1371 56 57.667
112 731 20 41.813
113 476 43 8.765
114 914 56 13.989
115 334 26 92.677
116 1223 35 53.737