136
1 17 48 54.691
2 124 43 55.875
3 1094 46 68.899
4 1076 24 47.329
5 779 20 21.305
6 803 20 58.854
7 815 41 43.464
8 708 35 3.755
9 1263 16 71.47
10 210 39 47.135
11 931 55 17.091
12 1194 16 8.83
13 982 54 14.81
14 822 5 60.899
15 215 11 46.325
16 292 8 13.53
17 1209 53 45.338
18 1051 44 77.199
19 77 58 75.219
20 1350 35 20.114
21 1015 41 72.882
22 863 33 86.912
23 1156 58 88.2
24 606 29 27.558
25 666 15 33.348
26 749 25 82.914
27 1102 19 34.721
28 1144 6 13.226
29 512 40 57.707
30 604 9 45.008
31 452 3 25.291
32 1071 10 76.184
33 720 11 88.983
34 1100 22 48.016
35 1199 9 12.911
36 341 48 45.097
37 421 51 21.627
38 1273 3 3.933
39 803 37 42.442
40 503 11 33.203
41 111 53 69.037
42 1427 28 62.423
43 1409 44 90.411
44 681 30 86.801
45 219 32 7.686
46 284 21 99.456
47 237 50 52.189
48 1234 3 69.53
49 1390 42 47.352
50 1250 23 41.594
51 729 21 29.71
52 86 3 23.169
53 1201 50 45.096
54 1409 8 35.124
55 784 35 83.303
56 579 2 50.223
57 1010 60 10.266
58 1408 17 58.854
59 1171 52 96.018
60 736 21 30.643
61 240 6 37.294
62 257 29 52.501
63 812 35 27.211
64 198 4 17.356
65 524 57 98.55
66 689 19 98.612
67 157 41 67.537
68 388 57 39.165
69 1287 23 46.6
70 1323 6 69.154
71 1329 43 89.541
72 1400 14 11.338
73 156 52 5.742
74 1337 2 13.616
75 620 16 39.255
76 1246 54 8.986
77 407 59 48.857
78 429 58 76.306
79 1401 43 98.347
80 472 43 66.699
81 1011 35 2.703
82 294 17 67.125
83 656 38 31.82
84 626 52 21.938
85 823 14 65.186
86 785 23 22.095
87 143 56 43.755
88 1048 43 21.529
89 1238 59 38.976
90 938 18 35.537
91 927 54 10.318
92 519 42 6.673
93 132 2 22.184
94 480 46 31.271
95 1377 40 96.036
96 513 10 48.157
97 749 36 19.133
98 1020 13 49.356
99 505 4 27.518
100 1300 44 8.221
101 871 56 44.565
102 1293 2 40.361
103 795 27 4.118
104 1331 43 90.618
105 781 36 39.714
106 885 28 46.763
107 1402 7 94.791
108 65 25 87.762
109 1235 58 18.582
110 474 29 57.868
111 343 24 11.556
112 518 3 97.065
113 718 23 54.211
114 1343 15 7.271
115 281 7 17.134
116 1175 38 20.589
117 1215 4 31.398
118 817 40 84.884
119 1061 14 84.006
120 261 28 45.59
121 656 5 14.218
122 295 49 88.2
123 109 5 94.509
124 91 32 17.791
125 1379 24 17.6
126 1395 39 12.274
127 956 12 93.351
128 937 29 1.374
129 296 19 76.191
130 275 48 88.112
131 1238 33 46.851
132 282 52 4.434
133 99 17 1.599
134 999 56 28.141
135 1012 23 26.814
136 1333 45 57.031
