150
1 609 26 5.499
2 893 58 81.071
3 1255 15 83.177
4 895 60 58.296
5 10 33 76.619
6 963 11 48.775
7 332 47 39.612
8 649 35 82.172
9 671 50 70.187
10 1131 15 61.356
11 170 21 45.359
12 1230 5 95.09
13 65 31 6.517
14 448 52 45.497
15 1425 35 26.235
16 55 48 86.657
17 995 2 57.845
18 852 56 31.414
19 1405 34 20.47
20 247 3 59.716
21 292 6 52.443
22 118 32 55.083
23 1103 27 39.885
24 99 24 97.389
25 262 53 96.148
26 481 45 26.099
27 1314 49 47.715
28 1226 19 83.071
29 592 48 82.889
30 124 59 77.961
31 1081 36 23.763
32 724 42 84.382
33 433 52 21.867
34 1046 5 39.377
35 1401 29 33.335
36 308 19 1.485
37 943 4 93.579
38 51 54 58.068
39 671 25 70.338
40 108 6 53.158
41 1353 44 55.787
42 937 6 59.031
43 1238 60 73.026
44 551 13 1.369
45 1088 52 66.662
46 1042 51 19.82
47 1373 11 87.56
48 1394 27 79.071
49 415 17 80.488
50 787 1 52.857
51 96 31 61.71
52 274 15 45.808
53 1353 9 67.934
54 1305 41 61.061
55 765 23 15.789
56 447 6 58.901
57 93 43 32.419
58 613 11 2.092
59 1249 13 72.68
60 65 22 7.815
61 676 44 36.844
62 154 57 52.348
63 1024 11 95.63
64 51 34 27.912
65 1104 49 69.116
66 44 56 79.842
67 218 23 46.429
68 265 51 14.378
69 1191 16 56.984
70 1210 33 1.854
71 244 20 13.392
72 680 33 57.854
73 598 37 67.575
74 847 51 69.414
75 3 45 88.959
76 180 52 33.386
77 1155 39 61.158
78 759 21 38.0
79 1304 27 87.522
80 1389 42 79.728
81 484 35 93.628
82 991 49 76.984
83 796 57 38.34
84 367 26 43.974
85 801 37 85.603
86 372 6 51.516
87 74 32 80.767
88 1235 25 97.555
89 1344 5 39.695
90 483 30 62.105
91 75 4 65.114
92 1313 5 55.082
93 201 17 36.496
94 1292 26 97.293
95 1257 46 69.723
96 1363 54 43.587
97 679 39 95.294
98 878 37 26.704
99 801 50 78.203
100 1263 29 37.009
101 457 22 69.842
102 9 56 51.925
103 1319 32 98.548
104 288 42 19.808
105 1004 32 94.479
106 1282 58 82.758
107 404 3 33.185
108 1073 43 2.507
109 71 15 99.538
110 52 40 12.543
111 1435 13 45.796
112 1335 9 28.629
113 598 7 91.037
114 1275 32 96.706
115 1283 37 70.232
116 738 3 96.629
117 718 22 52.088
118 348 57 37.587
119 896 10 76.569
120 99 18 57.392
121 157 50 22.013
122 630 16 39.452
123 745 10 75.137
124 97 33 88.27
125 1043 40 3.523
126 615 60 31.003
127 1181 56 30.035
128 11 37 70.548
129 525 9 71.226
130 640 48 65.773
131 673 34 87.369
132 627 4 41.791
133 670 40 15.718
134 758 30 15.908
135 1274 10 82.211
136 644 48 93.024
137 1116 27 95.388
138 903 42 86.861
139 71 8 9.776
140 417 43 17.393
141 1072 6 84.343
142 1270 30 36.463
143 578 40 49.202
144 727 11 82.122
145 863 54 51.054
146 1060 1 48.478
147 1043 53 29.044
148 1323 31 9.926
149 1177 55 45.112
150 1040 54 18.213
