130
1 2 1 1.786
2 3 1 2.524
3 4 1 3.404
4 5 1 4.338
5 6 1 5.123
6 7 1 6
7 8 1 7
8 9 1 8
9 10 1 9
10 11 1 10
11 12 1 11
12 13 1 12
13 14 1 13
14 15 1 14
15 16 1 15
16 17 1 16
17 18 1 17
18 19 1 18
19 20 1 19
20 21 1 20
21 22 1 21
22 23 1 22
23 24 1 23
24 25 1 24
25 26 1 25
26 27 1 26
27 28 1 27
28 29 1 28
29 30 1 29
30 31 1 30
31 32 1 31
32 33 1 32
33 34 1 33
34 35 1 34
35 36 1 35
36 37 1 36
37 38 1 37
38 39 1 38
39 40 1 39
40 41 1 40
41 42 1 41
42 43 1 42
43 44 1 43
44 45 1 44
45 46 1 45
46 47 1 46
47 48 1 47
48 49 1 48
49 50 1 49
50 51 1 50
51 52 1 51
52 53 1 52
53 54 1 53
54 55 1 54
55 56 1 55
56 57 1 56
57 58 1 57
58 59 1 58
59 60 1 59
60 61 1 60
61 62 1 61
62 63 1 62
63 64 1 63
64 65 1 64
65 66 1 65
66 67 1 66
67 68 1 67
68 69 1 68
69 70 1 69
70 71 1 70
71 72 1 71
72 73 1 72
73 74 1 73
74 75 1 74
75 76 1 75
76 77 1 76
77 78 1 77
78 79 1 78
79 80 1 79
80 81 1 80
81 82 1 81
82 83 1 82
83 84 1 83
84 85 1 84
85 86 1 85
86 87 1 86
87 88 1 87
88 89 1 88
89 90 1 89
90 91 1 90
91 92 1 91
92 93 1 92
93 94 1 93
94 95 1 94
95 96 1 95
96 97 1 96
97 98 1 97
98 99 1 98
99 100 1 99
100 101 1 99
101 102 1 99
102 103 1 99
103 104 1 99
104 105 1 99
105 106 1 99
106 107 1 99
107 108 1 99
108 109 1 99
109 110 1 99
110 111 1 99
111 112 1 99
112 113 1 99
113 114 1 99
114 115 1 99
115 116 1 99
116 117 1 99
117 118 1 99
118 119 1 99
119 120 1 99
120 121 1 99
121 122 1 99
122 123 1 99
123 124 1 99
124 125 1 99
125 126 1 99
126 127 1 99
127 128 1 99
128 129 1 99
129 130 1 99
130 131 1 99
