150
1 1 25 99.221
2 268 17 35.005
3 217 1 37.968
4 1393 22 22.222
5 299 29 92.177
6 756 23 49.238
7 906 38 30.409
8 329 1 9.272
9 1063 12 26.234
10 460 10 60.343
11 380 44 59.452
12 407 14 60.98
13 862 18 81.215
14 621 14 24.395
15 239 4 73.031
16 904 20 36.547
17 1080 33 6.194
18 5 48 82.158
19 1173 26 41.14
20 1307 12 13.595
21 267 35 69.375
22 1142 46 69.651
23 863 36 17.269
24 194 16 9.299
25 1101 30 30.067
26 765 34 35.626
27 1078 42 3.684
28 611 29 51.324
29 1131 49 56.805
30 173 16 62.268
31 902 16 13.778
32 616 30 62.741
33 805 23 50.302
34 1267 54 92.884
35 420 35 8.955
36 186 13 53.244
37 244 2 31.315
38 935 29 44.972
39 671 33 44.462
40 216 26 60.576
41 472 30 10.67
42 1103 60 10.437
43 887 47 9.311
44 1301 1 17.868
45 293 24 58.798
46 469 39 68.912
47 732 51 46.07
48 495 26 54.911
49 154 46 8.03
50 1103 27 5.344
51 866 55 64.732
52 863 10 72.321
53 374 59 87.639
54 42 23 15.686
55 387 37 65.276
56 77 51 46.248
57 760 52 8.413
58 314 3 75.369
59 1143 22 50.275
60 187 13 63.238
61 412 43 82.174
62 1150 5 22.374
63 265 19 72.486
64 436 29 21.988
65 298 49 64.715
66 165 2 54.683
67 878 18 81.515
68 886 33 93.76
69 492 8 9.934
70 809 48 23.657
71 213 41 60.035
72 1397 5 76.339
73 1133 19 72.236
74 290 22 61.378
75 1214 12 23.617
76 760 37 31.023
77 116 28 33.08
78 264 49 42.698
79 118 51 95.833
80 444 50 95.713
81 664 11 92.201
82 1411 33 98.4
83 1084 21 71.724
84 378 59 44.896
85 357 40 58.672
86 297 58 96.386
87 993 44 33.133
88 384 47 62.264
89 716 45 90.528
90 775 55 19.063
91 971 4 24.188
92 1080 22 69.766
93 359 34 62.927
94 855 46 52.241
95 533 15 89.367
96 385 40 39.936
97 433 19 68.187
98 414 54 12.406
99 515 35 43.622
100 141 19 2.849
101 1416 47 95.564
102 488 56 61.071
103 828 6 20.272
104 1099 8 31.921
105 219 1 60.802
106 522 23 23.931
107 1267 58 42.143
108 1019 19 34.867
109 335 18 85.04
110 1288 29 13.364
111 817 43 62.793
112 1406 5 97.79
113 1087 36 88.295
114 382 34 39.302
115 552 38 56.826
116 991 40 69.687
117 62 8 60.34
118 944 48 89.517
119 304 18 1.577
120 940 24 11.07
121 591 59 92.065
122 1088 27 40.196
123 458 40 62.377
124 424 15 11.003
125 149 8 44.094
126 882 55 94.847
127 570 51 13.552
128 602 40 82.443
129 1165 48 75.785
130 1272 8 94.467
131 377 54 69.991
132 687 11 91.977
133 288 8 15.467
134 158 2 64.171
135 36 42 44.001
136 656 2 91.8
137 1269 29 59.964
138 660 51 98.615
139 515 25 63.397
140 234 53 57.098
141 1261 4 9.61
142 934 9 14.589
143 1236 17 28.885
144 398 59 85.772
145 1213 12 96.735
146 469 49 44.811
147 1119 46 74.514
148 1188 25 92.439
149 1178 20 69.243
150 571 8 8.985
