150
1 989 42 55.68
2 1134 26 24.05
3 553 42 94.76
4 801 35 9.07
5 627 35 79.84
6 805 18 90.3
7 1094 14 95.9
8 1012 10 92.32
9 438 49 21.9
10 847 55 80.89
11 3 1 65.48
12 200 29 61.93
13 1201 17 45.23
14 728 42 49.04
15 1355 4 47.88
16 477 38 73.17
17 1169 49 18.27
18 522 42 9.88
19 190 14 33.43
20 524 52 93.52
21 483 30 95.02
22 777 22 26.11
23 800 44 22.45
24 297 56 39.41
25 1430 9 63.59
26 931 6 50.36
27 1009 55 52.53
28 756 9 9.62
29 918 2 65.34
30 219 1 77.63
31 591 9 84.7
32 1194 9 94.51
33 735 21 93.2
34 971 20 1.79
35 522 20 96.66
36 1102 54 18.56
37 1399 42 59.91
38 388 55 68.38
39 544 21 1.45
40 519 41 19.34
41 1086 39 32.67
42 1168 30 17.05
43 1089 40 93.69
44 500 46 8.39
45 152 51 53.65
46 126 16 32.79
47 400 2 88.49
48 989 46 28.2
49 826 11 64.93
50 566 37 82.67
51 1153 55 29.74
52 975 21 77.8
53 79 12 56.58
54 1207 10 79.89
55 336 35 73.09
56 243 44 98.96
57 607 49 41.77
58 539 45 90.87
59 109 5 72.62
60 940 12 10.28
61 1 44 74.7
62 848 23 75.49
63 1252 30 78.26
64 1143 59 77.18
65 673 5 23.77
66 959 38 63.06
67 909 47 70.36
68 1007 38 15.25
69 471 30 14.59
70 605 52 8.38
71 386 36 45.09
72 713 53 4.62
73 554 14 31.59
74 695 54 96.77
75 74 7 97.26
76 1165 21 48.53
77 1107 38 18.52
78 621 44 38.88
79 217 45 43.34
80 519 25 46.77
81 129 52 59.89
82 255 15 25.74
83 618 44 50.5
84 808 18 15.19
85 43 19 20.09
86 207 25 4.78
87 361 15 48.53
88 899 47 38.08
89 1214 50 64.1
90 1300 40 30.24
91 1423 24 78.79
92 1092 40 23.67
93 34 32 61.32
94 860 39 71.93
95 548 40 4.67
96 492 15 83.69
97 981 12 57.29
98 266 42 25.73
99 293 22 66.43
100 967 13 33.5
101 1203 43 97.35
102 1085 24 13.97
103 1375 22 74.7
104 1234 5 80.52
105 820 55 76.53
106 17 59 70.53
107 943 26 74.64
108 1074 25 48.11
109 12 6 45.36
110 270 38 47.28
111 705 5 7.24
112 926 32 88.65
113 67 40 52.53
114 653 56 84.94
115 79 55 97.6
116 334 8 94.83
117 1396 58 12.28
118 1131 7 15.01
119 1052 12 96.25
120 989 56 57.33
121 295 34 74.93
122 45 48 93.53
123 1103 9 30.07
124 92 34 10.94
125 506 33 21.12
126 704 8 79.79
127 1097 8 33.03
128 50 24 37.57
129 810 48 52.93
130 1043 40 29.02
131 807 33 50.42
132 441 16 67.93
133 1049 5 58.92
134 1015 1 31.37
135 1169 1 18.55
136 69 41 62.7
137 643 47 89.23
138 277 29 36.3
139 622 38 82.59
140 504 36 83.95
141 1161 41 12.39
142 862 18 32.57
143 472 22 30.82
144 1199 49 70.02
145 967 26 75.24
146 412 46 52.42
147 1085 24 82.13
148 972 34 57.51
149 1208 5 20.64
150 1193 16 6.24
