150
1 972 18 65.741
2 1365 23 14.259
3 23 24 48.249
4 1318 52 46.017
5 1232 15 55.813
6 1355 40 14.529
7 902 24 16.225
8 431 4 57.616
9 409 5 51.347
10 691 44 40.457
11 179 2 91.881
12 1356 33 22.322
13 868 29 11.252
14 867 9 53.944
15 1273 36 16.351
16 1428 57 5.135
17 351 33 81.562
18 821 39 41.88
19 1221 31 47.672
20 788 35 3.049
21 170 13 97.621
22 1360 17 35.631
23 744 56 69.005
24 1380 20 11.382
25 482 22 36.329
26 1048 37 81.003
27 1025 12 2.814
28 881 3 51.895
29 455 44 42.72
30 796 14 77.184
31 211 49 54.992
32 365 5 69.583
33 76 28 27.652
34 705 39 63.687
35 107 33 45.922
36 428 22 28.187
37 976 45 95.865
38 986 16 95.58
39 344 30 92.416
40 746 12 18.921
41 451 59 60.685
42 550 59 77.06
43 700 12 24.156
44 18 33 4.002
45 1268 8 98.372
46 1120 33 15.479
47 661 57 78.732
48 573 41 11.81
49 1080 33 47.734
50 1285 23 26.265
51 912 58 73.874
52 920 19 61.682
53 95 18 32.997
54 1056 41 69.59
55 439 47 28.499
56 523 2 68.323
57 1422 2 13.172
58 545 27 13.836
59 411 28 47.172
60 121 36 57.015
61 529 49 3.92
62 884 38 9.286
63 829 51 19.897
64 1141 23 97.991
65 1307 48 38.5
66 330 2 68.874
67 319 58 3.089
68 78 58 7.298
69 851 35 20.015
70 778 51 9.828
71 724 13 31.208
72 1412 44 54.156
73 1275 40 12.471
74 1095 39 70.055
75 808 38 24.573
76 834 23 32.356
77 1404 22 14.179
78 186 47 31.245
79 1425 12 75.955
80 1351 41 93.461
81 749 12 2.974
82 1000 40 44.364
83 368 4 66.733
84 699 30 23.832
85 671 7 94.37
86 16 24 36.645
87 413 45 43.241
88 452 34 91.877
89 1027 58 69.802
90 333 33 46.458
91 1243 33 84.279
92 512 30 45.959
93 101 54 77.22
94 835 35 69.879
95 810 34 67.332
96 1359 4 97.234
97 1135 37 68.072
98 718 49 73.218
99 660 50 49.985
100 740 41 30.717
101 279 31 22.565
102 1115 9 25.183
103 95 28 80.353
104 585 27 93.604
105 1227 19 38.904
106 1244 21 14.818
107 532 42 3.257
108 1349 39 79.601
109 776 27 42.379
110 1349 17 33.981
111 778 32 38.461
112 819 53 80.71
113 348 51 20.507
114 522 8 97.094
115 1071 57 5.292
116 1338 56 74.188
117 735 48 91.494
118 282 55 86.519
119 433 48 87.972
120 51 36 30.838
121 27 52 17.103
122 335 13 71.576
123 608 60 19.003
124 377 50 31.193
125 45 39 91.071
126 747 44 49.819
127 411 29 9.812
128 13 42 12.661
129 805 33 48.632
130 601 30 35.586
131 796 55 41.483
132 1059 2 71.494
133 571 2 92.477
134 1007 49 85.542
135 1414 7 95.623
136 1398 51 42.679
137 832 39 37.494
138 148 54 91.677
139 714 4 23.168
140 867 6 80.577
141 18 60 24.95
142 232 44 68.517
143 1262 60 96.556
144 1332 48 84.544
145 58 38 22.792
146 974 41 20.657
147 690 28 64.982
148 648 52 24.17
149 179 42 60.679
150 121 51 76.515
