150
1 1257 47 26.02
2 219 7 49.304
3 1250 47 13.985
4 1411 30 40.96
5 458 39 74.834
6 112 24 24.0
7 1038 57 55.0
8 218 5 78.493
9 1357 54 51.0
10 654 24 86.9
11 1094 37 11.0
12 1083 11 79.0
13 523 36 66.74
14 922 10 72.947
15 1058 26 3.4
16 959 11 46.0
17 698 58 50.0
18 120 58 4.0
19 496 34 66.1
20 844 54 99.14
21 1108 15 83.64
22 12 59 29.4
23 1053 35 15.94
24 923 46 21.6
25 200 51 75.15
26 226 35 81.7
27 947 30 63.25
28 1278 23 43.292
29 1192 57 30.637
30 243 25 48.955
31 159 47 89.227
32 1338 18 50.1
33 1188 9 42.1
34 28 36 45.04
35 857 27 8.487
36 1043 10 27.0
37 429 52 28.0
38 1047 59 76.3
39 764 53 92.6
40 914 51 21.356
41 234 3 84.72
42 5 43 58.04
43 274 5 46.5
44 403 27 57.2
45 1384 16 13.0
46 840 41 50.675
47 1385 19 27.0
48 1113 22 79.09
49 970 20 9.49
50 1192 23 62.38
51 1433 18 53.9
52 9 31 53.9
53 1040 16 77.547
54 1307 12 14.0
55 1157 50 12.0
56 967 41 4.0
57 443 11 67.0
58 395 55 92.9
59 623 31 29.524
60 622 21 44.0
61 905 31 85.6
62 1186 59 29.784
63 834 36 45.7
64 1069 34 26.95
65 569 48 59.057
66 1065 20 72.0
67 77 2 81.6
68 1256 48 28.45
69 837 40 46.74
70 1211 16 51.0
71 265 29 15.1
72 1205 47 21.0
73 358 58 38.0
74 1338 13 15.9
75 244 57 4.299
76 1400 21 81.8
77 1252 24 76.377
78 3 49 72.3
79 1169 31 48.9
80 878 57 88.344
81 1240 45 4.0
82 710 55 55.2
83 1439 4 80.19
84 1409 10 87.175
85 741 3 87.8
86 396 55 60.9
87 289 19 23.26
88 990 2 66.252
89 769 39 91.0
90 435 42 43.0
91 464 34 29.318
92 1007 14 75.9
93 501 51 84.0
94 1071 45 92.6
95 341 40 7.0
96 204 58 82.624
97 449 4 16.06
98 679 31 37.901
99 483 59 69.4
100 237 20 46.0
101 542 59 3.9
102 84 7 6.0
103 1059 38 68.049
104 1253 21 77.181
105 379 13 62.57
106 1050 41 38.926
107 591 1 69.899
108 1207 16 50.68
109 1318 52 68.577
110 1329 7 23.8
111 1275 3 96.284
112 709 32 14.0
113 322 14 51.9
114 513 17 80.0
115 616 39 41.19
116 46 23 27.96
117 258 30 2.0
118 789 23 88.91
119 549 18 69.66
120 684 54 55.0
121 883 28 9.79
122 19 16 53.2
123 1392 53 17.0
124 609 1 9.0
125 1205 58 31.82
126 131 1 63.674
127 782 57 83.42
128 276 8 44.0
129 38 18 26.05
130 1133 14 91.561
131 1048 15 80.244
132 961 53 45.0
133 1125 28 22.4
134 909 29 26.0
135 1238 13 25.9
136 1351 4 58.174
137 563 15 23.61
138 1094 60 64.0
139 1373 53 90.0
140 895 32 35.94
141 888 21 47.26
142 1021 27 62.22
143 918 13 95.1
144 539 6 8.993
145 157 50 72.0
146 77 56 42.5
147 550 23 55.0
148 178 20 82.2
149 34 11 47.7
150 1326 17 17.0