146
1 1255 48 20
2 1354 28 97
3 28 10 6
4 1028 45 49
5 1268 50 60
6 779 36 5
7 992 34 31
8 1 35 79
9 1426 55 94
10 449 34 7
11 602 58 10
12 547 51 12
13 1256 60 42
14 89 37 23
15 993 56 75
16 343 19 74
17 857 1 79
18 899 56 87
19 837 2 29
20 9 16 54
21 707 21 80
22 889 19 98
23 1296 44 10
24 1243 60 79
25 1424 16 65
26 1320 32 89
27 1168 16 32
28 315 55 14
29 485 22 55
30 565 22 64
31 974 44 32
32 450 9 84
33 169 37 61
34 177 10 86
35 1091 57 75
36 269 8 45
37 470 44 42
38 485 25 14
39 639 52 98
40 420 60 1
41 1148 43 48
42 265 30 38
43 1431 20 49
44 1161 56 6
45 1376 35 11
46 1216 34 7
47 563 46 99
48 1426 48 50
49 911 40 98
50 1065 38 72
51 591 16 92
52 470 48 41
53 888 28 18
54 494 3 21
55 1228 5 19
56 533 35 41
57 551 10 82
58 90 1 9
59 601 41 70
60 62 6 12
61 536 57 49
62 538 48 81
63 263 51 82
64 952 58 24
65 462 21 3
66 884 37 52
67 753 50 74
68 1326 43 46
69 443 10 91
70 186 36 30
71 22 7 13
72 760 20 78
73 1108 48 58
74 197 38 2
75 800 26 67
76 819 15 93
77 983 17 19
78 582 28 99
79 780 41 24
80 928 23 71
81 331 14 3
82 584 21 78
83 744 52 49
84 911 47 59
85 225 59 26
86 1231 34 85
87 444 12 99
88 738 51 21
89 574 5 72
90 1395 45 18
91 1419 30 5
92 287 38 4
93 382 39 80
94 1061 49 28
95 378 15 42
96 716 38 41
97 123 22 56
98 687 45 61
99 1209 51 62
100 1109 13 68
101 1063 41 15
102 832 30 72
103 241 57 89
104 910 22 79
105 1116 51 49
106 754 8 57
107 232 13 91
108 151 18 42
109 21 41 64
110 1268 30 64
111 1002 53 54
112 527 51 36
113 828 36 13
114 1383 11 72
115 204 46 87
116 1147 11 61
117 597 58 93
118 653 7 23
119 382 60 4
120 476 57 76
121 903 18 48
122 1106 54 65
123 409 46 38
124 1076 31 66
125 811 2 29
126 1422 9 95
127 1108 9 90
128 1085 46 84
129 32 36 76
130 36 51 40
131 1078 60 59
132 859 9 98
133 159 4 74
134 626 55 51
135 1056 6 55
136 15 35 64
137 1229 24 48
138 1200 15 20
139 825 22 59
140 1359 31 65
141 1042 4 30
142 343 9 87
143 1279 59 40
144 1124 48 88
145 1127 8 9
146 1134 55 54
