150
1 574 3 67.618
2 830 37 19.063
3 339 17 19.429
4 1065 3 46.296
5 1168 43 20.820
6 542 15 96.858
7 775 28 63.494
8 513 24 89.679
9 766 26 85.957
10 180 27 32.786
11 326 48 76.771
12 1250 59 49.289
13 552 17 47.384
14 1395 33 90.506
15 432 19 90.256
16 980 51 88.045
17 883 40 95.684
18 838 59 96.297
19 1385 20 7.226
20 980 31 29.359
21 905 47 87.489
22 84 32 85.161
23 562 40 12.483
24 452 3 26.849
25 289 29 47.316
26 215 44 27.704
27 1139 24 33.507
28 46 3 58.814
29 703 51 95.723
30 960 8 49.567
31 57 16 81.020
32 339 39 17.335
33 324 5 33.707
34 28 19 37.340
35 140 29 28.409
36 1314 44 15.464
37 606 43 33.121
38 1000 44 91.033
39 856 55 14.318
40 1093 28 12.287
41 990 15 47.760
42 1131 15 14.061
43 102 40 13.144
44 1220 47 28.858
45 423 34 15.086
46 1159 35 78.244
47 1322 15 27.769
48 225 46 82.803
49 1134 47 87.984
50 42 26 60.005
51 36 7 4.828
52 765 5 5.369
53 586 27 85.606
54 1399 39 13.549
55 1141 38 42.553
56 219 9 20.209
57 619 40 38.675
58 1022 20 27.562
59 1018 5 44.088
60 604 8 55.930
61 940 53 79.942
62 512 17 40.603
63 752 37 10.605
64 114 59 86.795
65 1353 43 99.561
66 156 57 14.363
67 292 24 41.063
68 990 19 2.101
69 928 49 75.965
70 311 2 44.493
71 80 49 76.916
72 861 32 93.527
73 61 42 54.458
74 948 47 21.561
75 553 26 47.638
76 1306 58 86.271
77 725 2 42.610
78 849 15 75.346
79 1261 48 44.587
80 1034 10 98.864
81 101 38 30.894
82 118 52 22.280
83 831 35 62.568
84 1272 12 90.618
85 1015 55 78.667
86 684 22 5.672
87 1349 11 61.805
88 960 11 63.311
89 906 22 19.931
90 988 42 56.769
91 856 27 48.754
92 389 47 43.331
93 776 49 4.505
94 311 22 2.243
95 38 25 30.008
96 633 52 77.149
97 163 45 68.361
98 1102 52 69.030
99 381 15 84.548
100 855 48 17.976
101 117 26 92.858
102 452 42 9.204
103 411 9 76.273
104 50 40 44.118
105 946 26 45.332
106 1144 5 56.191
107 1029 4 55.151
108 140 51 92.575
109 570 29 67.560
110 296 25 94.788
111 994 41 12.188
112 785 50 57.331
113 1170 44 53.735
114 704 58 65.176
115 547 50 23.176
116 515 56 22.261
117 889 43 53.262
118 820 33 56.397
119 1134 24 81.103
120 144 23 12.884
121 158 27 21.070
122 1152 25 33.323
123 609 25 80.109
124 775 29 55.047
125 824 32 65.112
126 264 53 89.619
127 268 54 41.889
128 935 52 58.110
129 920 56 51.359
130 719 31 63.942
131 343 43 25.575
132 752 58 43.606
133 771 30 49.935
134 430 41 55.927
135 461 22 12.886
136 377 26 96.196
137 662 45 95.815
138 534 16 90.581
139 207 17 7.028
140 95 12 2.348
141 742 19 97.843
142 1024 4 78.475
143 1203 5 95.124
144 308 21 76.499
145 592 19 79.091
146 1356 18 65.599
147 1110 24 72.831
148 1366 7 28.745
149 50 36 37.204
150 1213 50 77.732
