150
1 1208 37 55.806
2 806 21 93.182
3 796 39 43.802
4 112 29 64.380
5 878 26 31.821
6 648 6 21.167
7 562 46 28.089
8 650 46 65.522
9 125 60 70.582
10 1286 46 1.692
11 189 3 59.601
12 1387 27 71.104
13 560 38 37.031
14 668 59 30.023
15 231 24 66.252
16 1370 24 25.879
17 464 30 86.589
18 430 18 6.746
19 1312 39 16.152
20 610 59 63.138
21 907 56 51.077
22 319 49 64.539
23 553 44 9.485
24 473 35 70.956
25 764 20 51.812
26 900 30 71.210
27 495 4 74.331
28 1030 36 25.779
29 1366 29 1.491
30 948 6 31.904
31 372 47 31.851
32 1071 34 23.637
33 1392 57 67.113
34 470 42 2.557
35 1082 23 9.147
36 253 52 70.295
37 807 10 35.993
38 301 24 56.203
39 888 44 41.479
40 1186 3 18.166
41 271 46 68.141
42 1342 39 35.804
43 477 54 56.148
44 1254 13 68.538
45 172 45 86.230
46 839 29 26.741
47 1338 59 95.572
48 1190 28 14.494
49 838 56 51.436
50 1438 7 90.367
51 366 31 76.473
52 1350 43 57.539
53 355 26 62.799
54 155 12 84.221
55 1346 52 25.644
56 410 27 42.097
57 913 10 26.919
58 1364 28 34.635
59 593 52 59.086
60 1235 10 96.529
61 199 44 13.357
62 872 1 55.265
63 170 24 60.391
64 437 46 97.540
65 1119 18 31.769
66 774 59 85.310
67 857 14 1.744
68 1262 50 90.068
69 722 29 30.810
70 1394 34 38.335
71 92 14 26.493
72 1192 28 7.955
73 203 28 84.923
74 290 48 76.882
75 491 44 79.423
76 293 30 46.816
77 218 36 57.393
78 685 33 33.991
79 257 15 0.538
80 423 6 51.312
81 1429 58 43.308
82 1129 41 6.404
83 353 36 77.171
84 416 35 53.817
85 1436 38 90.944
86 397 9 45.151
87 339 44 27.412
88 1374 38 96.811
89 1386 33 9.491
90 653 6 86.624
91 133 56 13.811
92 407 50 32.888
93 1021 20 40.974
94 982 36 40.708
95 525 39 90.003
96 664 30 72.163
97 1225 36 42.928
98 729 2 61.140
99 787 11 12.539
100 592 2 5.929
101 920 51 83.266
102 1386 40 25.656
103 359 42 16.185
104 810 24 29.901
105 1423 34 90.430
106 1019 15 37.777
107 268 9 82.099
108 156 46 67.883
109 37 60 47.038
110 449 26 7.850
111 1189 51 89.816
112 791 34 23.145
113 831 52 54.056
114 899 49 57.589
115 450 34 89.274
116 447 46 96.580
117 701 8 72.060
118 721 42 32.875
119 899 48 21.402
120 823 2 28.362
121 370 55 49.863
122 1352 22 18.835
123 1174 22 15.216
124 66 9 74.832
125 428 30 90.657
126 1212 32 99.993
127 305 27 20.968
128 1398 60 25.302
129 619 39 97.972
130 448 30 84.380
131 1164 42 71.209
132 1403 15 27.873
133 374 27 0.754
134 314 39 48.339
135 96 33 52.900
136 505 19 30.482
137 632 52 95.992
138 789 23 86.658
139 90 38 7.921
140 204 35 12.470
141 327 23 21.671
142 1086 45 82.666
143 873 4 70.069
144 114 5 39.617
145 487 37 78.331
146 1234 29 1.893
147 200 6 72.199
148 1389 26 53.941
149 308 47 9.410
150 608 9 52.199
