150
1 973 35 74
2 1002 25 93
3 1100 20 60
4 396 29 46
5 1381 6 20
6 1059 43 29
7 289 39 73
8 955 53 6
9 1412 58 34
10 619 39 16
11 127 27 29
12 1223 12 19
13 753 22 41
14 942 54 65
15 37 24 41
16 1250 31 78
17 1088 11 45
18 541 14 90
19 1027 22 7
20 542 56 43
21 1114 25 90
22 1257 47 96
23 803 49 66
24 1230 38 49
25 272 17 9
26 579 52 43
27 1096 25 68
28 1088 31 54
29 1223 10 96
30 315 48 62
31 633 25 19
32 544 16 15
33 1187 56 31
34 847 40 12
35 601 24 5
36 1297 35 16
37 249 8 65
38 381 6 4
39 1311 35 92
40 364 16 63
41 1319 46 34
42 1339 33 18
43 76 7 49
44 506 24 23
45 952 25 12
46 1434 39 55
47 210 41 98
48 596 47 31
49 1432 27 72
50 1146 17 8
51 1420 54 19
52 772 29 49
53 655 11 9
54 1211 30 26
55 1356 20 67
56 477 33 86
57 364 30 1
58 503 53 23
59 973 54 81
60 472 58 59
61 1032 57 86
62 216 11 65
63 1319 10 48
64 512 29 47
65 1188 1 54
66 1261 33 96
67 1133 23 88
68 1194 18 78
69 11 32 40
70 77 3 54
71 1038 28 68
72 744 1 71
73 1378 15 1
74 968 38 93
75 973 24 11
76 404 23 54
77 1201 17 41
78 154 2 79
79 1037 31 83
80 1128 17 95
81 1200 59 31
82 682 22 33
83 415 9 60
84 1111 41 15
85 517 33 56
86 917 1 20
87 122 45 56
88 280 9 20
89 33 42 59
90 96 2 52
91 1166 37 36
92 1241 43 92
93 168 22 36
94 1236 16 90
95 288 41 3
96 500 46 51
97 53 31 80
98 993 43 94
99 4 9 10
100 32 42 31
101 935 42 21
102 563 46 48
103 1437 3 99
104 388 18 61
105 190 58 67
106 1219 5 19
107 581 49 48
108 1119 36 44
109 47 41 89
110 1405 4 75
111 757 50 66
112 1118 33 56
113 887 22 69
114 1192 30 74
115 1399 43 52
116 551 5 23
117 53 24 87
118 1115 37 49
119 1368 43 81
120 1329 58 22
121 422 29 76
122 397 31 27
123 662 47 63
124 1161 55 33
125 213 48 15
126 1170 12 76
127 747 14 4
128 40 18 24
129 823 53 59
130 1107 21 2
131 860 49 15
132 1086 28 40
133 126 11 17
134 1405 27 90
135 1200 48 78
136 851 46 85
137 212 12 79
138 1083 21 91
139 1379 36 9
140 77 7 23
141 619 34 79
142 765 32 91
143 815 32 32
144 200 20 69
145 999 51 34
146 821 4 95
147 682 25 8
148 1401 7 73
149 1006 34 16
150 1341 29 74
