145
1 869 60 6
2 125 22 42
3 1 33 32
4 1394 22 29
5 342 40 55
6 147 15 59
7 671 29 44
8 269 16 90
9 386 59 99
10 253 29 48
11 457 23 58
12 567 16 52
13 32 31 5
14 1394 58 17
15 978 13 68
16 1333 11 54
17 756 36 8
18 1290 30 34
19 849 31 47
20 333 27 26
21 344 35 92
22 864 13 23
23 1357 39 88
24 1026 33 97
25 1270 34 11
26 127 16 10
27 24 59 18
28 690 43 13
29 1242 32 81
30 1107 44 32
31 1047 3 26
32 1028 32 35
33 49 57 12
34 817 10 33
35 198 39 73
36 1159 56 66
37 1353 53 78
38 508 39 4
39 1129 5 35
40 1042 28 19
41 56 17 6
42 1325 35 95
43 42 41 85
44 1121 18 29
45 1211 3 86
46 962 50 61
47 1315 18 76
48 990 8 87
49 1379 58 76
50 88 13 54
51 24 46 3
52 479 11 60
53 821 51 70
54 1113 25 69
55 3 17 95
56 195 28 39
57 370 47 41
58 644 60 42
59 178 18 10
60 135 57 85
61 1267 8 96
62 680 34 64
63 1073 48 30
64 1154 7 59
65 947 20 14
66 139 18 28
67 618 2 58
68 63 12 91
69 1375 21 82
70 1189 50 41
71 475 56 62
72 1010 20 89
73 217 50 16
74 971 18 83
75 955 15 89
76 139 13 22
77 1385 10 47
78 863 29 58
79 1058 24 85
80 833 58 25
81 117 54 28
82 200 47 41
83 695 37 33
84 468 29 96
85 87 31 81
86 1190 12 17
87 995 31 41
88 848 20 61
89 223 12 41
90 915 22 43
91 1010 26 34
92 203 37 6
93 985 5 79
94 792 58 68
95 408 53 53
96 397 54 18
97 416 4 98
98 658 9 7
99 582 34 66
100 86 56 30
101 122 33 15
102 1299 43 97
103 501 22 63
104 780 12 28
105 962 52 75
106 1099 45 63
107 688 5 40
108 825 56 11
109 704 14 83
110 641 39 41
111 507 34 79
112 991 30 29
113 849 47 87
114 113 39 15
115 1067 18 9
116 1339 10 33
117 1102 54 12
118 670 41 27
119 735 10 2
120 40 4 15
121 1389 57 9
122 160 60 59
123 755 2 29
124 124 40 84
125 192 34 25
126 218 30 86
127 295 9 1
128 1381 17 80
129 1369 53 19
130 353 40 96
131 109 38 13
132 919 51 68
133 987 25 36
134 617 21 70
135 459 14 9
136 929 1 64
137 790 17 92
138 1210 21 45
139 250 39 7
140 334 40 61
141 623 17 59
142 460 56 76
143 1121 42 7
144 92 48 35
145 449 24 13
