150
1 723 3 80.24
2 239 47 11.611
3 1323 12 86.964
4 1184 27 63
5 100 52 41
6 1426 50 22.47
7 1348 28 24.4
8 880 30 74
9 383 27 15.062
10 767 37 31.039
11 420 15 69.58
12 1297 52 97.96
13 801 46 10
14 379 15 97.5
15 790 30 75.41
16 476 53 26.9
17 820 54 14.38
18 49 41 71.1
19 561 21 60
20 666 21 2
21 1171 20 8
22 617 55 85.793
23 41 11 21.6
24 520 34 11.5
25 915 38 45.61
26 614 5 12.493
27 481 24 12
28 1085 39 97
29 666 35 19.08
30 510 54 31.901
31 598 8 21.941
32 85 37 85
33 1199 60 99
34 1286 4 91.1
35 937 53 84.064
36 1157 28 25.3
37 1342 60 57.1
38 232 46 71
39 1397 35 75.7
40 484 47 10
41 1328 28 75.844
42 20 26 46.8
43 163 4 5
44 467 38 30.046
45 725 14 36.959
46 423 40 4.49
47 772 13 85
48 1206 51 10.69
49 465 31 56.42
50 1014 10 91.4
51 1057 31 90.8
52 963 44 35.8
53 315 35 2.67
54 935 34 85.15
55 150 37 52
56 112 41 13.11
57 225 57 22
58 1210 2 62
59 1230 39 33.499
60 1064 45 53.8
61 992 45 18.812
62 1042 48 85
63 593 35 33.6
64 1371 9 98
65 1376 7 26.41
66 664 28 16.02
67 133 16 11.213
68 21 43 29
69 1425 44 41.9
70 1110 35 53.7
71 1044 39 20.692
72 198 22 95.09
73 1313 43 5.1
74 361 8 17.85
75 659 13 36.07
76 645 20 15
77 921 43 58.405
78 407 52 13
79 1139 26 73.232
80 1241 48 93.389
81 1414 44 90.948
82 1132 59 62
83 51 60 73.0
84 1363 38 12.61
85 1388 4 42.731
86 1162 3 27.93
87 1256 8 34
88 727 3 46.0
89 1210 18 2
90 401 49 75.9
91 18 50 21.535
92 482 60 28
93 1072 15 56.962
94 388 15 46
95 90 38 8.31
96 903 9 6.57
97 455 47 57.7
98 609 32 80.46
99 517 13 38.971
100 201 24 32.51
101 744 44 36.491
102 56 16 82.01
103 39 29 25.44
104 720 2 40.858
105 1130 52 28.59
106 1178 49 8
107 620 45 50
108 773 37 88.017
109 635 60 21.3
110 716 11 56.6
111 1027 45 78
112 931 54 2
113 1186 33 69.8
114 205 38 60.05
115 397 34 95.8
116 773 56 67.8
117 432 3 73.0
118 156 6 56.6
119 387 24 81.92
120 378 1 78.658
121 465 52 87.08
122 337 46 4.49
123 30 43 78.887
124 144 12 91.26
125 1330 32 55
126 623 39 37.169
127 572 43 71
128 529 4 21.7
129 484 44 91.105
130 1193 2 56.72
131 604 49 2.38
132 1380 56 4.92
133 243 26 87.021
134 1291 49 10.69
135 633 33 35.26
136 577 35 45
137 711 49 82.799
138 675 37 32.4
139 567 49 31.19
140 944 13 7.4
141 114 17 10.687
142 154 21 19.3
143 880 13 60.8
144 570 35 44
145 830 23 33.974
146 1212 4 12.84
147 1104 23 65.95
148 1152 36 70
149 572 13 56
150 1229 15 62.81
