133
1 471 38 50
2 33 20 52
3 1057 40 64
4 1347 16 97
5 660 39 83
6 960 53 9
7 1166 34 52
8 230 29 33
9 563 16 49
10 385 27 43
11 403 45 79
12 653 40 60
13 234 38 76
14 776 47 10
15 644 16 81
16 609 21 64
17 386 11 31
18 1050 14 12
19 795 48 88
20 851 46 7
21 28 51 42
22 264 23 93
23 450 42 54
24 156 17 66
25 1431 5 96
26 1144 39 10
27 207 32 98
28 136 16 47
29 43 16 63
30 1378 22 21
31 1027 42 99
32 1014 15 91
33 1386 9 44
34 1282 29 41
35 46 1 3
36 1060 6 69
37 799 51 63
38 550 56 77
39 1283 30 5
40 1111 36 6
41 151 40 65
42 756 28 65
43 757 60 71
44 947 17 96
45 686 1 3
46 1206 21 87
47 389 10 73
48 1363 47 47
49 1131 20 37
50 558 26 44
51 753 46 82
52 1153 56 21
53 366 3 12
54 6 13 48
55 1139 32 36
56 1168 34 17
57 1171 14 82
58 377 41 56
59 345 46 73
60 553 51 31
61 345 25 53
62 1232 40 79
63 1305 8 89
64 1055 35 59
65 321 51 45
66 595 20 98
67 729 34 95
68 1110 41 55
69 1130 58 6
70 941 9 43
71 634 31 34
72 246 29 23
73 182 32 81
74 1373 18 81
75 347 34 31
76 1178 17 23
77 1412 52 43
78 1438 6 44
79 1151 58 12
80 18 22 27
81 45 2 85
82 198 41 65
83 280 38 96
84 278 32 55
85 217 29 45
86 526 51 8
87 937 16 52
88 328 53 5
89 667 10 84
90 786 18 63
91 236 50 52
92 1004 58 35
93 665 55 71
94 482 23 76
95 520 39 97
96 355 51 87
97 671 19 15
98 1288 34 56
99 1054 8 10
100 432 40 75
101 1151 34 57
102 763 54 75
103 1113 57 67
104 673 49 91
105 1189 3 80
106 613 59 20
107 529 51 41
108 121 8 80
109 975 1 92
110 153 42 85
111 968 41 36
112 50 6 5
113 1195 1 93
114 143 55 48
115 1089 15 15
116 397 21 95
117 582 42 2
118 791 2 20
119 22 39 63
120 28 52 52
121 407 44 94
122 960 35 34
123 1315 39 29
124 421 57 6
125 1359 8 52
126 1008 26 20
127 1323 57 78
128 1308 32 19
129 1031 27 90
130 902 31 49
131 1088 15 1
132 352 11 85
133 139 38 55
