150
1 147 25 77.181
2 571 45 43.548
3 627 51 40.725
4 934 39 70.16
5 1095 31 67.437
6 1098 40 2.214
7 598 32 40.822
8 124 49 12.081
9 996 46 16.615
10 659 12 79.413
11 1119 50 79.091
12 1306 7 73.024
13 382 22 51.996
14 362 19 94.776
15 68 56 42.088
16 533 4 32.689
17 503 42 28.358
18 1057 25 56.139
19 365 11 3.623
20 813 41 7.514
21 45 36 27.476
22 1287 49 6.661
23 683 18 48.886
24 369 19 19.445
25 1044 21 77.086
26 1191 39 87.207
27 420 18 50.853
28 609 50 97.768
29 211 21 72.064
30 1165 53 11.069
31 949 31 24.922
32 1199 4 51.292
33 427 17 56.935
34 497 25 70.767
35 334 50 63.967
36 530 59 71.766
37 1177 47 55.675
38 727 51 26.649
39 895 18 57.067
40 1271 54 19.133
41 799 45 93.733
42 54 35 37.883
43 232 15 34.9
44 808 12 85.916
45 862 43 34.68
46 382 54 77.801
47 325 21 69.037
48 1037 23 12.759
49 430 47 51.062
50 877 53 33.99
51 1003 19 91.398
52 189 38 2.618
53 732 41 27.674
54 889 45 63.544
55 922 21 24.575
56 608 14 44.656
57 848 47 30.885
58 353 26 48.542
59 814 8 27.364
60 1054 27 98.051
61 1190 10 96.358
62 189 34 38.663
63 1133 4 45.058
64 396 14 47.499
65 68 13 46.826
66 1151 53 44.075
67 1428 52 88.452
68 220 56 36.686
69 533 35 40.079
70 1272 12 97.846
71 1061 7 10.888
72 101 46 82.749
73 1156 51 50.359
74 238 25 40.02
75 469 13 4.879
76 732 38 49.723
77 1343 32 19.637
78 271 52 52.792
79 1159 12 92.008
80 462 50 3.34
81 1219 26 46.771
82 1323 11 0.923
83 22 55 25.849
84 297 50 10.932
85 884 22 97.497
86 818 56 24.713
87 239 1 38.261
88 698 23 58.886
89 762 6 75.964
90 120 33 12.346
91 951 30 13.149
92 898 40 98.833
93 262 36 58.221
94 222 22 30.227
95 585 33 89.229
96 1005 40 52.519
97 1088 51 96.405
98 1188 3 43.659
99 221 42 33.003
100 782 13 51.165
101 642 31 54.964
102 1179 40 92.615
103 1216 42 73.852
104 381 44 30.518
105 1071 49 61.666
106 645 37 23.497
107 845 29 55.198
108 825 28 99.732
109 756 40 85.508
110 641 51 46.849
111 522 32 3.628
112 1374 41 87.47
113 912 49 42.558
114 778 14 42.785
115 1147 28 85.59
116 729 19 27.25
117 687 37 87.916
118 1432 3 97.386
119 1204 50 42.259
120 841 20 98.943
121 1258 56 14.078
122 824 28 26.404
123 799 6 25.08
124 42 43 84.264
125 1420 48 75.013
126 768 15 95.841
127 591 3 69.352
128 23 49 55.263
129 541 6 42.495
130 351 16 38.389
131 523 51 3.832
132 1321 5 41.357
133 717 37 14.46
134 989 4 9.914
135 698 2 24.127
136 340 31 97.829
137 666 35 25.296
138 722 22 22.258
139 1098 41 84.541
140 569 52 89.457
141 94 57 37.996
142 1016 22 53.258
143 726 36 91.152
144 1150 18 51.607
145 1040 38 89.349
146 1038 34 74.651
147 1023 21 54.42
148 634 53 11.819
149 814 39 71.97
150 496 9 52.532
