150
1 1 1 0.999
2 1 1 1.999
3 1 1 2.999
4 1 1 3.999
5 1 1 4.999
6 1 1 5.999
7 100 56 33.125
8 801 60 21.222
9 148 60 21.222
10 235 60 21.222
11 132 60 22.222
12 132 60 21.222
13 789 60 35.416
14 977 60 99.999
15 1345 32 67.666
16 1234 45 65.456
17 17 45 34.123
18 18 18 18.0
19 19 19 19.0
20 20 20 20.0
21 21 21 21.0
22 22 22 22.0
23 1284 45 99.999
24 1437 14 47.236
25 345 56 23.444
26 1164 17 8.789
27 334 45 75.458
28 333 33 33.333
29 444 44 44.444
30 555 55 55.555
31 1265 45 38.999
32 1209 34 0.001
33 1 1 0.001
34 1 1 0.002
35 1 1 0.001
36 1 1 0.003
37 1345 45 0.007
38 1 2 0.001
39 1440 60 99.999
40 1440 60 99.999
41 1440 60 99.999
42 1440 60 99.999
43 333 33 32.001
44 333 33 32.999
45 21 22 21.212
46 213 21 21.212
47 1399 60 99.999
48 1398 60 99.999
49 1397 60 99.999
50 1396 60 99.999
51 1395 60 99.999
52 936 45 37.777
53 74 47 74.654
54 811 56 89.901
55 778 31 75.567
56 31 22 60.213
57 576 34 56.789
58 1356 20 35.453
59 862 12 99.001
60 581 57 99.003
61 402 53 99.898
62 1391 56 1.001
63 4 6 1.010
64 944 41 70.789
65 631 2 81.818
66 758 23 78.349
67 40 24 51.403
68 941 44 85.459
69 247 50 29.999
70 962 15 49.898
71 79 51 44.456
72 1095 54 30.459
73 921 37 89.989
74 123 47 40.391
75 1234 46 64.222
76 1172 27 58.194
77 1047 49 10.292
78 493 40 89.999
79 878 5 48.999
80 787 42 98.394
81 1021 16 74.569
82 445 23 38.987
83 830 35 35.353
84 1093 59 59.234
85 678 7 34.444
86 319 48 56.595
87 721 25 13.456
88 318 39 56.788
89 107 47 13.123
90 616 60 56.745
91 678 59 23.444
92 1050 59 1.111
93 489 59 1.123
94 567 58 5.678
95 1210 58 4.56
96 1257 58 6.67
97 1001 57 8.89
98 1288 54 54.54
99 124 45 56.777
100 845 58 5.5
101 1045 7 10.123
102 1059 20 34.444
103 63 4 56.793
104 406 22 30.509
105 626 10 90.672
106 28 30 84.982
107 982 14 45.628
108 898 36 49.093
109 1084 25 48.872
110 1093 47 40.999
111 171 57 21.999
112 112 1 22.000
113 113 13 22.001
114 114 44 22.002
115 115 37 22.003
116 505 47 22.003
117 638 6 33.003
118 410 2 22.003
119 1256 55 22.903
120 889 56 22.389
121 765 9 44.53
122 448 39 89.90
123 287 27 75.689
124 1227 59 39.592
125 1248 12 85.930
126 618 5 37.950
127 1289 3 89.9
128 864 17 84.128
129 287 15 89.402
130 640 51 48.234
131 368 16 35.346
132 334 45 29.391
133 345 31 19.984
134 336 11 14.130
135 1035 37 13.198
136 645 48 28.598
137 623 19 38.498
138 1125 60 16.489
139 1126 21 30.985
140 7 23 39.999
141 1 33 40.000
142 2 32 41.001
143 3 29 42.002
144 4 8 43.004
145 4 50 44.444
146 5 43 45.095
147 6 8 56.893
148 6 34 87.009
149 7 53 50.679
150 7 23 40.582