133
1 985 39 24.315
2 1042 55 67.051
3 459 8 66.835
4 1243 38 86.252
5 855 51 24.627
6 386 55 87.699
7 940 46 69.791
8 251 60 77.463
9 1259 19 99.464
10 832 13 82.524
11 339 56 66.98
12 757 32 19.468
13 881 13 23.61
14 369 14 68.569
15 573 47 75.228
16 93 59 79.345
17 992 46 81.602
18 631 9 88.894
19 140 11 73.079
20 262 57 72.594
21 318 31 44.931
22 41 53 17.113
23 26 52 64.061
24 1258 5 77.881
25 1314 21 71.885
26 1015 7 7.812
27 387 27 23.224
28 994 35 92.995
29 614 32 4.728
30 836 23 76.154
31 740 43 95.426
32 1252 36 5.221
33 338 56 79.276
34 457 40 38.919
35 868 9 17.99
36 251 13 37.875
37 445 58 73.521
38 507 39 12.225
39 1069 59 20.511
40 606 44 68.418
41 18 38 39.42
42 1183 18 10.497
43 461 10 7.169
44 156 60 23.987
45 1077 10 93.717
46 548 7 28.356
47 1328 31 36.388
48 557 45 28.426
49 899 16 13.522
50 311 8 78.718
51 428 16 20.454
52 1318 49 42.824
53 872 38 63.593
54 11 55 39.434
55 634 13 38.654
56 1297 10 86.394
57 682 46 43.702
58 206 17 28.843
59 1219 31 96.013
60 1136 42 40.816
61 368 32 30.617
62 422 9 34.658
63 1384 9 55.901
64 81 8 78.941
65 297 16 37.832
66 853 36 66.077
67 641 31 60.277
68 470 54 2.565
69 243 28 32.954
70 207 26 49.565
71 819 57 19.966
72 99 26 41.952
73 221 49 3.304
74 417 8 24.494
75 942 36 67.719
76 158 57 29.838
77 281 56 15.636
78 1168 44 77.701
79 851 15 2.532
80 1368 51 80.059
81 441 12 2.192
82 371 21 24.297
83 1244 13 78.406
84 352 10 53.995
85 250 52 78.964
86 596 33 94.539
87 82 8 40.485
88 214 60 30.39
89 284 15 35.732
90 112 45 70.092
91 390 54 2.255
92 624 32 62.03
93 349 13 14.248
94 100 45 89.33
95 495 44 17.974
96 84 19 62.435
97 1195 14 19.597
98 1064 42 59.274
99 794 8 35.659
100 839 34 6.384
101 702 39 12.242
102 21 23 25.625
103 1286 22 85.071
104 877 44 40.28
105 1336 35 49.01
106 1100 10 5.282
107 99 33 57.31
108 379 27 78.756
109 878 54 77.331
110 42 32 23.585
111 531 41 55.101
112 753 41 48.117
113 1062 41 63.12
114 630 30 1.769
115 629 23 83.917
116 1163 13 91.337
117 1248 18 76.86
118 31 8 63.533
119 463 28 75.448
120 1038 51 45.349
121 410 35 66.198
122 596 34 66.412
123 273 11 25.882
124 247 3 91.357
125 1376 5 99.799
126 1170 25 58.639
127 1148 22 60.751
128 336 1 91.979
129 1301 34 4.752
130 220 31 92.984
131 561 56 41.25
132 1097 20 98.506
133 245 20 26.408
