149
1 5 5 80.56
2 10 6 5.75
3 5 5 79.32
4 11 1 20.87
5 28 55 9.659
6 189 15 2.969
7 136 47 0.275
8 91 57 6.182
9 14 5 6.464
10 90 1 0.510
11 120 5 4.239
12 26 42 7.324
13 56 59 0.825
14 168 12 0.672
15 139 30 5.989
16 94 22 4.199
17 132 43 2.354
18 103 5 9.144
19 22 6 1.603
20 97 27 4.792
21 170 26 4.423
22 73 8 1.682
23 139 51 3.495
24 66 18 1.056
25 28 7 1.763
26 147 35 8.800
27 158 19 2.147
28 42 20 2.995
29 24 12 2.522
30 141 16 5.824
31 190 9 3.635
32 200 13 66.13
33 213 25 25.23
34 200 36 65.45
35 236 3  65.32
36 248 30 99.422
37 248 10 12.43
38 258 10 98.56
39 268 10 1.12
40 299 50 1.37
41 567 10 59.918
42 390 60 11.649
43 501 20 30.344
44 336 19 29.944
45 581 37 64.041
46 514 1 23.565
47 532 59 26.938
48 507 11 1.055
49 429 47 55.523
50 424 60 64.148
51 496 43 22.602
52 475 29 4.737
53 515 5 25.587
54 305 6 4.212
55 380 6 0.680
56 459 28 65.384
57 320 54 47.597
58 445 54 20.533
59 337 27 21.191
60 444 59 32.095
61 343 33 49.705
62 360 60 64.453
63 480 41 12.409
64 556 38 39.201
65 342 4 5.199
66 586 25 15.338
67 572 37 18.634
68 344 16 56.251
69 519 49 28.978
70 620 20 80.352
71 620 30 70.546
72 640 11 1.645
73 650 10 30.32
74 670 12 3.32
75 1072 56 29.115
76 836 5 12.540
77 1155 13 20.565
78 1119 44 13.941
79 720 53 10.895
80 1029 9 28.265
81 1046 40 5.758
82 834 57 0.536
83 753 41 17.641
84 1017 45 24.684
85 986 5 25.906
86 811 15 16.469
87 1049 32 0.764
88 853 26 16.520
89 953 36 27.748
90 1100 31 2.468
91 1083 37 24.732
92 933 37 1.186
93 768 11 8.887
94 704 49 27.230
95 1106 23 9.868
96 920 47 6.774
97 1142 60 12.965
98 765 30 26.025
99 821 5 15.389
100 873 5 0.882
101 899 56 27.785
102 732 15 18.177
103 775 12 18.058
104 973 9 17.537
105 776 15 27.145
106 1075 19 25.377
107 727 48 24.753
108 1024 23 26.797
109 1027 60 3.005
110 1200 1 99.12
111 1203 10 50.23
112 1220 1 90.54
113 1213 1 80.32
114 1250 12 40.99
115 1327 27 32.737
116 1380 44 36.959
117 1431 41 19.125
118 1324 37 21.575
119 1401 46 9.386
120 1378 16 5.133
121 1433 18 32.412
122 1404 2 10.054
123 1413 50 31.623
124 1304 3 0.496
125 1385 5 38.611
126 1309 22 4.694
127 1342 53 1.286
128 1378 15 36.946
129 1400 54 8.240
130 1376 60 12.334
131 1353 24 19.018
132 1429 29 5.446
133 1301 12 27.558
134 1433 9 31.273
135 1317 28 20.545
136 1429 52 3.595
137 1359 31 26.896
138 1378 21 18.258
139 1394 48 25.758
140 1319 4 10.907
141 1345 2 36.701
142 1411 54 42.330
143 1323 59 26.631
144 1397 17 30.051
145 1352 20 0.408
146 1357 34 4.213
147 1336 1 29.711
148 1404 13 11.436
149 1420 10 29.539