125
1 648 29 79.68
2 1266 38 80.73
3 1311 17 85.33
4 510 30 60.21
5 1316 49 80.44
6 219 18 23.54
7 1076 29 73.94
8 1016 10 57.94
9 1074 42 62.67
10 1193 4 72.47
11 1169 9 46.55
12 488 6 70.17
13 471 24 60.67
14 385 42 87.21
15 487 21 70.09
16 952 46 86.88
17 646 59 59.71
18 1096 58 19.4
19 6 38 1.69
20 710 13 95.18
21 1397 13 92.08
22 457 8 45.85
23 536 59 35.0
24 507 14 68.93
25 1430 33 40.13
26 1108 37 55.12
27 1421 56 95.51
28 179 21 10.39
29 372 16 92.14
30 768 26 48.56
31 334 38 79.09
32 1425 18 19.68
33 1405 2 99.9
34 67 2 72.92
35 452 45 59.69
36 950 23 68.94
37 1112 47 26.65
38 69 28 95.64
39 556 35 55.34
40 759 38 43.94
41 1330 43 15.78
42 1340 10 72.65
43 654 53 50.64
44 128 18 60.37
45 602 17 18.22
46 1209 8 88.45
47 297 45 30.72
48 180 59 5.97
49 860 28 71.51
50 624 48 97.72
51 1271 53 35.25
52 249 28 34.48
53 1236 39 92.69
54 404 34 99.62
55 64 14 19.79
56 958 15 3.83
57 723 1 48.79
58 704 18 70.08
59 75 13 24.28
60 587 19 62.01
61 55 16 77.64
62 694 25 57.79
63 21 40 26.85
64 1231 4 14.49
65 94 25 52.17
66 1122 49 79.75
67 61 15 24.54
68 1401 56 61.83
69 1375 4 98.29
70 886 55 48.37
71 905 34 6.6
72 1248 59 92.55
73 1018 27 11.13
74 499 13 73.35
75 237 10 15.86
76 1132 6 63.58
77 888 35 28.38
78 317 56 21.1
79 1266 48 17.21
80 890 54 4.25
81 939 14 14.63
82 630 1 48.26
83 1032 42 57.22
84 705 53 32.7
85 1420 43 51.25
86 107 43 70.92
87 663 47 74.47
88 701 11 90.12
89 960 35 52.05
90 141 7 9.67
91 945 38 13.09
92 234 35 30.44
93 635 1 86.18
94 1274 25 8.69
95 797 25 29.47
96 266 19 60.31
97 516 28 91.97
98 166 49 73.83
99 185 44 36.31
100 541 60 59.66
101 985 6 18.68
102 771 21 54.4
103 1356 58 98.35
104 399 59 59.8
105 218 7 88.07
106 1429 10 77.55
107 1336 56 94.26
108 627 7 22.96
109 530 16 23.15
110 799 22 15.52
111 1226 54 30.28
112 829 30 55.3
113 1028 28 26.26
114 342 17 73.72
115 447 37 51.92
116 900 10 20.73
117 575 56 85.61
118 1440 27 71.57
119 718 40 31.02
120 528 55 83.01
121 245 53 31.52
122 473 10 22.56
123 917 35 41.75
124 811 56 85.69
125 1085 14 21.17
