142
1 1031 36 47.1
2 753 40 93.6
3 626 40 11.326
4 263 16 62.13
5 776 18 51
6 1340 51 39.4
7 941 24 64.8
8 520 51 34.94
9 494 30 57.447
10 1111 56 82
11 58 35 67.661
12 970 41 81.596
13 1033 49 72.67
14 217 18 45.01
15 452 53 91.389
16 209 43 16.4
17 676 51 88.859
18 1177 59 63.45
19 398 18 32.15
20 1228 34 3
21 59 27 9
22 379 16 80.82
23 941 16 92.148
24 337 51 7.97
25 1374 53 81.498
26 241 46 52.56
27 688 30 19.2
28 1015 7 24.5
29 689 54 16.93
30 257 22 75.842
31 1413 37 13.992
32 464 22 18.93
33 470 43 24.93
34 651 48 83.3
35 941 22 88
36 945 12 98.603
37 1216 45 31.14
38 1217 53 68
39 953 51 97.5
40 1050 58 8
41 184 47 95
42 107 26 66.97
43 1431 10 67.5
44 1101 47 65
45 972 41 16
46 113 53 25
47 381 13 97.122
48 435 9 80
49 177 14 22
50 162 31 20.2
51 455 57 57.856
52 1021 58 34.562
53 1236 7 42
54 919 15 95.2
55 356 43 17.75
56 261 23 9
57 1268 34 47
58 1048 17 98.711
59 253 25 11
60 51 27 84.9
61 964 54 99.286
62 146 2 48.7
63 1197 58 24.2
64 239 31 98.702
65 761 13 40.421
66 1394 51 95.31
67 102 59 25.15
68 80 40 46.7
69 76 56 48
70 1399 25 50.059
71 346 43 3.734
72 684 33 82
73 845 32 10
74 175 57 89.266
75 721 35 51
76 1396 43 73.9
77 609 17 31.528
78 345 14 67
79 812 14 43.8
80 1266 4 61.577
81 994 1 61.04
82 103 44 85
83 460 20 46.699
84 846 60 98.47
85 334 28 11.16
86 908 22 19.379
87 484 57 27.686
88 839 1 16.5
89 154 7 78.03
90 84 21 57.3
91 369 53 42
92 1028 17 64.25
93 1288 37 9
94 18 49 21.2
95 1033 59 81
96 517 44 37.222
97 324 51 30.1
98 363 59 33
99 1322 31 3
100 1043 25 43.6
101 1203 31 15.544
102 1360 3 78.097
103 935 24 18.1
104 146 33 68.45
105 244 38 17.327
106 1376 29 93
107 1063 44 51.101
108 622 15 30.21
109 127 38 55
110 897 26 58
111 1254 26 14.579
112 1323 45 34.5
113 1419 8 58.46
114 982 52 98.851
115 598 5 51
116 739 12 69.389
117 739 50 65.76
118 1301 9 87.011
119 974 14 43.2
120 665 27 3.99
121 174 48 71.671
122 816 4 65.377
123 492 18 78.02
124 804 39 13.705
125 167 13 82.148
126 622 33 19.318
127 1389 38 29.277
128 1323 55 27
129 730 27 2
130 556 30 29.727
131 665 14 99.1
132 1063 35 13.76
133 104 24 20.16
134 226 12 3.462
135 472 26 7.8
136 182 47 21.782
137 1214 46 30.945
138 43 5 12
139 396 11 12.16
140 879 43 12
141 760 31 95.3
142 906 48 87.62
