144
1 1074 46 49.535
2 499 17 14.671
3 434 56 30.144
4 69 23 64.738
5 1369 54 74.22
6 461 10 71.291
7 328 50 22.977
8 117 14 51.017
9 656 54 33.9
10 397 26 52.533
11 164 56 96.651
12 387 40 81.298
13 47 42 9.518
14 648 51 11.183
15 303 32 63.006
16 216 21 66.44
17 1363 27 28.466
18 762 46 3.695
19 240 55 92.387
20 1329 56 14.747
21 762 53 43.241
22 261 46 5.292
23 257 37 41.005
24 182 30 29.199
25 966 17 75.062
26 160 50 91.606
27 867 11 48.043
28 1155 27 56.192
29 765 19 7.373
30 867 39 29.107
31 349 46 78.295
32 335 11 10.35
33 398 5 70.467
34 835 49 58.494
35 1244 34 34.597
36 78 7 5.604
37 432 5 24.305
38 919 10 16.158
39 318 46 42.349
40 708 12 40.937
41 922 21 37.815
42 500 38 64.109
43 923 30 63.524
44 1225 11 70.284
45 297 1 97.465
46 975 50 46.094
47 278 42 40.592
48 1007 38 46.259
49 768 37 53.357
50 735 13 97.593
51 29 14 59.212
52 189 19 74.364
53 460 25 17.243
54 446 31 24.136
55 844 58 74.405
56 381 36 49.2
57 1083 41 85.654
58 1068 18 11.392
59 1187 4 31.803
60 87 58 85.202
61 1298 10 92.061
62 619 14 23.829
63 262 16 46.704
64 865 20 80.195
65 1355 44 33.621
66 1211 30 2.756
67 630 43 26.663
68 882 46 94.065
69 1439 12 42.929
70 936 39 66.211
71 23 9 93.61
72 386 10 95.397
73 836 18 24.513
74 988 35 99.688
75 763 9 35.344
76 654 13 59.004
77 893 59 59.443
78 609 11 95.716
79 1257 58 67.05
80 678 20 75.248
81 1423 9 44.917
82 1209 11 57.399
83 466 3 69.29
84 443 60 97.846
85 1424 51 58.162
86 176 47 95.064
87 1357 19 70.011
88 200 4 3.469
89 190 13 99.457
90 64 3 25.131
91 39 57 73.002
92 380 6 85.94
93 149 19 48.601
94 395 7 2.217
95 358 34 54.613
96 1411 33 76.025
97 820 56 93.0
98 947 49 41.475
99 474 53 76.998
100 528 54 36.778
101 939 32 19.957
102 1393 23 13.211
103 1265 49 48.444
104 446 8 65.883
105 689 26 36.845
106 556 15 92.806
107 1276 9 88.437
108 716 59 67.923
109 1130 46 39.797
110 213 44 1.93
111 182 25 75.498
112 1256 42 20.206
113 998 59 19.573
114 1376 59 58.734
115 1387 49 61.921
116 813 54 97.927
117 349 52 18.719
118 9 49 98.842
119 286 43 48.514
120 81 43 89.31
121 438 30 11.44
122 1094 1 60.856
123 523 39 88.466
124 1391 1 20.239
125 1156 25 29.325
126 1385 19 98.73
127 1432 5 32.743
128 136 56 4.91
129 1350 1 44.691
130 635 38 67.882
131 198 29 96.695
132 397 26 20.395
133 554 40 93.595
134 1198 24 33.756
135 1293 4 39.794
136 711 13 61.871
137 1152 52 13.046
138 1333 21 93.856
139 863 18 88.252
140 780 14 14.168
141 708 47 94.777
142 1179 25 72.767
143 1222 27 93.708
144 825 24 96.765
