150
1 418 25 61.463
2 1346 44 34.95
3 1168 4 93.24
4 250 41 64.879
5 98 4 90.841
6 910 21 85.898
7 1030 20 88.798
8 45 47 43.163
9 1310 35 27.674
10 1178 9 59.547
11 1154 52 57.996
12 498 59 80.759
13 711 3 48.016
14 1345 23 90.807
15 1060 35 6.568
16 846 12 65.902
17 1234 8 58.824
18 1168 42 39.344
19 1113 12 70.49
20 825 10 93.337
21 1262 29 37.268
22 1059 9 20.483
23 218 49 58.369
24 373 48 11.033
25 1438 22 3.138
26 742 38 90.19
27 913 55 21.678
28 387 5 35.089
29 676 9 80.574
30 934 7 38.844
31 234 51 85.986
32 474 42 47.353
33 1222 40 29.765
34 40 2 10.533
35 1325 44 52.359
36 263 9 63.157
37 1257 39 32.207
38 344 6 45.706
39 541 15 25.013
40 162 29 26.983
41 867 52 15.984
42 927 9 40.187
43 1259 34 99.361
44 1397 48 9.329
45 973 44 45.068
46 110 24 51.241
47 141 29 89.588
48 720 52 93.65
49 649 52 64.67
50 1313 32 86.528
51 21 58 70.732
52 1296 6 82.661
53 402 27 43.156
54 1372 20 70.617
55 1286 18 38.585
56 1307 16 68.831
57 609 44 25.448
58 320 10 86.907
59 329 48 1.236
60 336 49 52.574
61 64 35 7.667
62 93 57 36.44
63 323 49 12.056
64 961 29 70.723
65 485 1 18.773
66 1191 32 0.413
67 303 20 9.833
68 41 50 10.253
69 1195 22 83.487
70 1177 9 60.632
71 1094 41 52.055
72 1130 17 35.925
73 1209 52 22.66
74 931 38 17.49
75 871 57 67.225
76 908 12 41.325
77 553 37 73.891
78 481 56 60.351
79 1391 14 96.489
80 1157 32 33.352
81 530 57 48.968
82 147 19 73.012
83 1436 21 79.447
84 1268 20 21.333
85 1351 20 10.885
86 579 12 59.062
87 873 56 83.291
88 185 41 50.636
89 1041 53 31.94
90 470 4 41.351
91 600 26 30.325
92 343 60 24.307
93 614 38 79.027
94 1165 25 95.132
95 566 19 20.193
96 827 44 91.448
97 1230 22 59.983
98 740 20 61.441
99 1210 58 83.238
100 296 10 14.4
101 502 33 58.377
102 33 14 23.671
103 1320 21 97.318
104 43 8 57.015
105 999 28 65.091
106 705 36 81.628
107 885 11 48.916
108 1211 34 8.048
109 3 55 20.235
110 1321 38 94.16
111 640 28 17.087
112 702 43 6.931
113 1006 55 44.302
114 1 23 95.581
115 1271 7 87.589
116 1137 32 72.413
117 1380 60 44.211
118 1154 43 79.341
119 834 28 1.704
120 428 37 52.259
121 554 37 82.746
122 80 41 43.612
123 1417 51 64.758
124 801 50 80.851
125 1440 58 82.721
126 681 15 4.311
127 553 44 24.516
128 161 13 77.576
129 383 12 71.509
130 390 29 62.102
131 256 11 19.476
132 1318 58 62.337
133 408 4 37.784
134 553 9 38.546
135 1031 19 40.841
136 837 44 57.752
137 433 40 9.801
138 1252 42 85.243
139 362 28 2.545
140 518 52 13.537
141 1229 36 64.654
142 1251 39 88.021
143 873 33 18.892
144 374 12 32.085
145 968 60 99.78
146 242 21 59.838
147 654 5 6.114
148 99 31 46.451
149 153 37 79.767
150 187 22 9.818
