150
1 418 22 60.010
2 475 9 94.508
3 830 22 48.904
4 1178 58 48.007
5 829 59 30.976
6 237 40 35.678
7 1182 18 22.732
8 1084 41 17.937
9 535 5 86.226
10 1199 40 16.386
11 38 12 77.302
12 1209 26 98.322
13 219 52 49.005
14 417 4 38.226
15 1035 33 55.402
16 843 7 17.935
17 155 49 27.595
18 927 39 37.561
19 865 31 37.839
20 1030 42 94.228
21 218 4 36.724
22 947 46 65.790
23 569 44 51.457
24 870 33 39.621
25 1104 52 59.252
26 154 60 44.416
27 1044 29 77.289
28 1392 22 53.703
29 458 16 8.248
30 681 60 49.374
31 733 41 32.722
32 1089 36 76.948
33 944 22 88.086
34 172 51 31.361
35 255 22 24.899
36 1419 3 41.544
37 1194 22 19.301
38 1026 52 87.859
39 440 31 78.518
40 855 13 60.808
41 1013 24 76.060
42 1090 1 95.710
43 317 12 50.657
44 197 13 98.929
45 1074 49 62.648
46 484 38 91.101
47 1205 5 85.247
48 99 49 86.246
49 580 55 74.654
50 783 16 51.498
51 906 55 23.546
52 1190 44 49.952
53 58 5 30.334
54 307 28 68.847
55 283 12 42.267
56 316 24 26.505
57 95 15 66.431
58 1317 57 49.770
59 629 5 18.279
60 785 15 48.620
61 1354 7 29.927
62 321 18 37.132
63 117 6 47.483
64 1382 29 90.479
65 157 40 28.239
66 32 20 27.843
67 898 1 33.608
68 713 47 91.288
69 365 10 57.250
70 1008 34 49.637
71 721 37 80.871
72 1271 45 58.742
73 1385 15 18.292
74 233 42 16.481
75 1071 49 75.708
76 1373 29 46.881
77 317 59 57.481
78 744 45 46.441
79 837 24 61.888
80 696 38 38.734
81 92 8 24.023
82 1026 57 39.576
83 690 49 50.651
84 687 38 29.437
85 696 55 17.787
86 599 8 58.249
87 1101 28 61.821
88 675 18 82.049
89 52 54 71.095
90 1224 21 54.776
91 427 12 40.823
92 463 60 52.629
93 967 28 58.813
94 1082 56 71.231
95 334 7 41.303
96 549 39 83.030
97 925 8 24.025
98 963 9 70.374
99 239 25 84.248
100 1362 53 70.328
101 1213 3 24.885
102 323 22 92.186
103 39 33 63.919
104 898 53 23.039
105 894 58 70.837
106 333 33 97.626
107 638 10 62.357
108 1171 58 18.798
109 284 52 84.668
110 716 16 59.290
111 980 37 83.886
112 871 35 43.821
113 771 49 10.373
114 591 1 21.892
115 1135 5 70.996
116 644 20 96.238
117 1096 58 26.080
118 284 19 67.970
119 901 32 86.392
120 1124 55 74.597
121 835 46 39.130
122 1207 37 94.619
123 1398 19 43.331
124 902 43 95.974
125 801 43 58.772
126 333 18 48.121
127 410 35 67.459
128 437 39 95.496
129 1208 38 18.679
130 472 11 55.661
131 469 52 98.152
132 346 36 69.364
133 85 29 56.079
134 1136 53 77.415
135 935 60 39.148
136 186 9 62.516
137 1305 28 90.536
138 1427 21 81.183
139 1119 27 24.775
140 441 14 45.714
141 1434 17 84.085
142 367 34 94.331
143 998 27 23.015
144 780 40 69.170
145 1080 31 53.215
146 709 13 11.117
147 36 33 61.921
148 1223 17 86.757
149 882 30 50.746
150 735 30 23.453
