135
1 365 34 93.4
2 1425 39 60.3
3 1271 50 87.0
4 803 22 21.2
5 1350 46 58.7
6 386 32 40.6
7 612 40 61.7
8 757 27 15.3
9 1127 55 32.3
10 1271 5 61.9
11 240 51 25.9
12 157 44 56.8
13 1350 9 24.9
14 861 21 64.7
15 534 27 26.0
16 424 52 22.7
17 219 26 36.9
18 765 29 46.1
19 1055 2 90.9
20 1409 18 28.4
21 757 4 22.1
22 328 41 34.7
23 167 36 70.6
24 576 6 1.9
25 1269 44 49.8
26 85 24 21.0
27 499 41 41.4
28 437 36 25.4
29 636 19 97.0
30 72 55 6.7
31 846 32 28.9
32 641 44 58.8
33 1242 29 22.3
34 1170 48 62.4
35 557 7 82.4
36 866 13 56.5
37 340 20 63.6
38 770 4 33.3
39 1249 10 51.6
40 356 1 63.2
41 1359 7 92.0
42 319 8 17.3
43 717 50 47.9
44 274 21 20.5
45 972 40 11.4
46 762 42 74.7
47 769 51 7.5
48 39 21 42.9
49 201 17 3.4
50 314 40 10.5
51 796 5 18.0
52 1090 36 10.2
53 565 33 44.5
54 653 44 97.4
55 621 42 52.4
56 303 23 62.4
57 1168 47 42.1
58 1353 15 72.2
59 1313 25 90.5
60 951 42 67.1
61 368 54 43.5
62 1395 26 76.9
63 128 1 10.4
64 188 39 43.3
65 269 27 77.0
66 1347 29 56.8
67 895 56 75.0
68 574 32 37.3
69 100 58 39.7
70 806 36 76.3
71 992 23 96.9
72 1255 21 43.1
73 875 44 40.4
74 1284 51 32.1
75 580 24 6.4
76 382 9 60.0
77 324 22 23.1
78 1023 27 3.7
79 900 38 46.5
80 537 27 14.4
81 1144 17 52.7
82 1156 24 66.5
83 630 30 71.5
84 938 46 71.6
85 1123 27 57.1
86 20 17 46.9
87 234 40 84.1
88 1269 32 91.5
89 79 30 58.1
90 194 32 76.3
91 149 55 20.8
92 1207 8 90.2
93 1204 46 15.7
94 1365 47 31.8
95 1318 29 18.6
96 708 26 68.1
97 722 21 6.5
98 940 22 16.3
99 174 36 89.9
100 496 38 50.4
101 263 8 21.9
102 392 43 8.8
103 247 46 79.0
104 1233 57 3.3
105 57 36 5.1
106 876 15 28.3
107 732 58 98.6
108 1229 25 76.2
109 582 39 68.2
110 422 59 5.0
111 982 33 4.8
112 669 17 50.1
113 1164 23 42.7
114 243 37 78.5
115 1024 28 64.3
116 192 31 8.5
117 1405 3 66.7
118 414 32 79.5
119 47 23 40.8
120 563 31 81.0
121 351 24 64.3
122 233 5 63.1
123 1411 50 61.5
124 98 6 98.1
125 1089 51 49.7
126 1177 51 99.4
127 806 36 0.6
128 44 19 2.3
129 970 33 56.5
130 418 1 98.5
131 614 8 75.6
132 241 7 69.3
133 642 19 11.9
134 316 4 88.3
135 1317 5 89.5
