150
1 210 26 32.838
2 563 47 80.269
3 783 51 83.636
4 1066 44 41.528
5 1083 53 41.561
6 706 42 93.662
7 1061 47 72.218
8 779 1 3.29
9 87 13 42.595
10 1068 55 9.389
11 873 10 97.855
12 12 19 57.521
13 771 5 64.368
14 308 8 36.446
15 1105 4 66.771
16 33 49 57.184
17 807 13 77.468
18 276 38 90.01
19 445 53 40.431
20 489 46 89.535
21 287 49 6.508
22 638 46 68.548
23 771 19 23.107
24 95 52 53.887
25 297 50 77.303
26 1044 8 74.658
27 608 27 72.143
28 451 50 48.289
29 181 47 19.402
30 324 30 20.557
31 1005 4 53.547
32 750 11 43.781
33 140 21 97.499
34 1021 43 30.082
35 599 2 7.897
36 890 56 72.688
37 844 21 97.542
38 697 17 78.209
39 926 43 24.705
40 150 51 3.656
41 1135 29 40.692
42 26 27 87.775
43 957 24 43.199
44 887 53 28.409
45 674 49 93.53
46 929 3 77.227
47 764 39 61.099
48 122 10 0.268
49 470 3 93.151
50 288 53 67.384
51 526 45 22.447
52 592 42 2.475
53 42 26 0.747
54 275 54 92.74
55 208 37 69.315
56 780 27 70.515
57 167 5 59.606
58 112 42 53.724
59 736 11 45.558
60 813 13 60.019
61 217 41 65.408
62 25 34 37.304
63 68 38 66.823
64 979 40 45.688
65 1008 33 8.507
66 235 59 23.317
67 292 34 8.137
68 1023 27 32.202
69 702 36 61.133
70 728 26 36.763
71 556 51 72.623
72 33 25 67.806
73 1036 19 14.469
74 213 21 16.804
75 624 31 6.444
76 771 29 26.433
77 664 9 34.836
78 822 19 8.825
79 308 26 60.223
80 950 25 71.438
81 548 40 15.722
82 808 43 34.214
83 74 29 72.725
84 298 25 66.332
85 920 19 85.446
86 731 4 55.46
87 877 45 2.576
88 778 20 5.732
89 430 46 8.006
90 200 55 51.714
91 1086 1 75.511
92 342 11 3.227
93 866 4 45.669
94 1069 7 82.48
95 803 28 66.861
96 1113 36 54.592
97 34 58 58.881
98 646 7 89.648
99 233 20 57.508
100 768 35 42.182
101 37 51 70.295
102 291 51 35.721
103 198 39 97.291
104 895 21 87.23
105 1105 44 15.665
106 137 55 68.413
107 190 1 3.407
108 130 37 88.521
109 210 46 84.485
110 292 42 51.013
111 169 3 12.769
112 805 34 62.147
113 177 13 23.934
114 324 16 63.087
115 509 55 69.375
116 804 34 10.625
117 1139 24 47.695
118 1054 13 58.559
119 147 6 25.363
120 222 39 20.101
121 341 2 63.786
122 510 11 76.074
123 515 7 35.911
124 70 7 70.89
125 909 39 58.738
126 557 39 80.959
127 886 12 20.407
128 766 51 79.64
129 92 22 26.641
130 424 51 29.826
131 711 51 97.817
132 968 52 4.601
133 275 3 18.975
134 861 13 52.087
135 44 30 37.599
136 1108 10 24.21
137 434 52 68.455
138 810 9 66.924
139 94 6 96.374
140 202 53 87.86
141 499 54 99.744
142 481 44 36.289
143 330 2 4.523
144 210 44 32.53
145 618 16 49.691
146 1041 13 17.22
147 107 48 8.508
148 165 13 45.273
149 607 22 93.267
150 629 57 76.317
