113
1 1019 32 97
2 469 18 72
3 917 1 99
4 1007 19 92
5 850 50 67
6 645 11 75
7 717 28 16
8 1020 11 89
9 349 22 42
10 724 54 66
11 688 60 57
12 541 27 9
13 1126 30 40
14 843 13 69
15 95 43 81
16 797 36 94
17 1374 51 74
18 818 25 93
19 1364 42 29
20 967 11 90
21 19 42 73
22 727 52 55
23 1212 58 83
24 1168 49 53
25 827 18 34
26 1109 48 35
27 129 30 73
28 1050 8 75
29 367 25 65
30 397 10 25
31 1184 51 16
32 78 18 27
33 1350 2 12
34 1111 57 10
35 581 21 25
36 1083 33 76
37 265 20 50
38 920 32 83
39 1440 23 98
40 1228 40 37
41 1170 30 64
42 582 8 85
43 388 4 32
44 278 26 65
45 624 46 7
46 33 9 50
47 1368 29 63
48 764 29 90
49 264 46 40
50 294 37 37
51 1001 19 39
52 2 54 87
53 404 8 75
54 154 11 65
55 439 6 26
56 118 17 72
57 1072 21 43
58 544 47 60
59 758 20 93
60 171 10 23
61 434 11 62
62 1265 1 12
63 1282 42 75
64 1179 7 86
65 1077 18 14
66 766 23 17
67 1248 8 83
68 857 24 22
69 119 55 86
70 1178 12 76
71 716 33 56
72 700 4 92
73 1064 57 10
74 112 47 67
75 1258 10 52
76 1332 27 64
77 416 58 2
78 1346 26 61
79 727 18 82
80 1057 10 46
81 966 3 40
82 868 13 27
83 910 16 7
84 1146 19 52
85 579 38 73
86 264 28 82
87 242 48 43
88 1257 6 16
89 493 8 48
90 750 52 65
91 521 16 84
92 408 26 97
93 1183 55 34
94 236 24 72
95 491 40 52
96 169 21 79
97 137 24 90
98 488 36 22
99 35 18 26
100 466 46 61
101 231 52 80
102 409 18 17
103 747 28 59
104 1187 58 11
105 442 30 68
106 106 43 33
107 303 60 35
108 851 5 46
109 1367 21 21
110 1421 23 16
111 938 4 84
112 1015 18 89
113 309 48 41
