150
1 383 14 44.843
2 623 27 50.449
3 317 23 53.957
4 1333 37 60.32
5 28 10 72.733
6 890 23 46.179
7 750 6 88.536
8 1311 53 4.73
9 1154 44 18.671
10 586 49 29.743
11 1240 51 16.139
12 1423 5 93.416
13 1175 55 63.872
14 614 34 51.244
15 489 13 19.871
16 1135 8 53.867
17 865 27 92.897
18 711 23 48.313
19 363 13 83.874
20 1286 38 30.239
21 692 59 66.001
22 1389 40 8.011
23 84 4 55.168
24 1212 37 0.477
25 764 8 85.832
26 436 17 61.664
27 746 6 86.222
28 788 52 55.944
29 1122 28 15.814
30 606 7 36.603
31 1210 25 75.465
32 1179 11 11.717
33 1005 6 19.511
34 1320 47 68.449
35 965 35 80.092
36 239 56 87.802
37 985 53 23.961
38 352 12 83.432
39 1428 36 21.341
40 385 38 65.215
41 785 5 18.374
42 179 60 15.516
43 1070 36 52.317
44 464 35 63.375
45 1370 6 41.448
46 283 57 22.559
47 158 9 26.42
48 161 41 62.022
49 247 43 11.727
50 1104 10 62.713
51 1229 2 30.971
52 870 6 15.888
53 1143 49 90.472
54 892 51 68.588
55 1332 1 18.631
56 172 53 78.684
57 1328 1 64.708
58 1235 45 64.055
59 129 57 79.323
60 1392 47 52.394
61 178 57 82.439
62 1079 41 4.335
63 1341 39 70.553
64 42 50 83.243
65 1352 28 53.166
66 469 49 27.578
67 1096 30 55.338
68 1006 11 61.263
69 533 59 61.871
70 397 54 72.048
71 48 33 10.361
72 569 27 17.88
73 907 38 4.04
74 148 27 48.692
75 1345 12 14.641
76 358 39 61.519
77 239 18 75.592
78 161 26 83.861
79 565 48 59.293
80 48 54 56.715
81 1063 41 25.54
82 793 54 42.068
83 520 50 77.334
84 512 7 79.279
85 80 28 34.126
86 1 43 29.429
87 1421 35 25.339
88 133 17 52.216
89 635 34 6.757
90 212 12 98.567
91 290 56 8.242
92 35 41 86.173
93 1072 17 57.747
94 746 56 19.158
95 73 22 24.022
96 1262 6 35.502
97 936 41 70.927
98 336 2 17.673
99 343 55 22.47
100 1259 52 57.453
101 954 41 28.991
102 698 45 19.468
103 169 1 2.708
104 977 39 28.756
105 158 38 51.675
106 1323 1 60.594
107 894 8 62.495
108 692 23 10.237
109 364 31 49.532
110 441 49 26.368
111 787 50 95.054
112 157 23 70.64
113 768 23 24.328
114 144 21 47.614
115 922 56 49.727
116 1351 42 89.522
117 530 2 75.755
118 492 55 94.07
119 1156 16 21.468
120 240 7 37.147
121 1171 14 1.648
122 988 24 5.795
123 448 25 68.533
124 309 53 78.981
125 146 8 42.827
126 317 59 0.252
127 1203 19 64.829
128 79 53 87.817
129 891 37 32.491
130 1181 25 45.572
131 222 3 61.004
132 1157 14 9.037
133 460 45 10.248
134 1415 48 40.425
135 58 37 14.64
136 1171 35 49.807
137 132 24 80.403
138 367 21 52.035
139 97 4 94.693
140 484 27 90.467
141 1150 26 56.257
142 1310 56 17.227
143 905 37 48.197
144 419 37 15.449
145 159 31 82.044
146 1208 15 34.576
147 158 35 55.98
148 109 11 10.797
149 1109 32 21.283
150 1203 34 25.463
