108
1 778 33 12
2 239 51 98
3 154 55 53
4 882 14 54
5 787 38 67
6 1141 37 45
7 1229 58 15
8 1310 56 35
9 121 48 47
10 949 30 78
11 571 41 89
12 179 51 43
13 393 47 34
14 263 56 14
15 404 8 8
16 567 9 19
17 121 16 88
18 661 32 89
19 1385 48 52
20 1029 7 76
21 12 16 52
22 161 48 5
23 727 54 96
24 1418 56 93
25 1116 50 26
26 1267 12 99
27 1048 22 25
28 444 19 23
29 1077 59 70
30 870 53 59
31 1132 4 30
32 568 5 93
33 1239 51 18
34 270 57 65
35 633 15 2
36 738 28 1
37 784 27 6
38 913 15 85
39 728 11 61
40 1292 29 33
41 204 48 65
42 1432 7 14
43 324 26 49
44 362 3 84
45 1410 52 98
46 70 1 99
47 802 2 90
48 1129 34 44
49 424 15 41
50 863 26 85
51 1376 4 6
52 501 49 32
53 1148 20 93
54 297 49 15
55 1345 41 9
56 97 34 11
57 324 12 9
58 1098 49 32
59 1005 42 87
60 746 33 20
61 1066 13 31
62 1341 7 66
63 369 55 93
64 1350 2 10
65 984 25 17
66 108 56 83
67 1255 23 74
68 1401 42 82
69 842 50 14
70 1137 28 39
71 845 33 42
72 1183 32 22
73 529 60 36
74 1334 15 26
75 587 47 95
76 713 57 76
77 298 54 90
78 189 46 11
79 1312 58 89
80 648 32 15
81 132 1 50
82 1163 33 12
83 351 13 13
84 496 45 93
85 547 57 7
86 832 20 42
87 1277 1 54
88 539 54 20
89 255 3 40
90 449 3 5
91 1205 19 65
92 1300 17 79
93 3 50 97
94 242 18 90
95 1285 41 28
96 892 38 30
97 765 17 70
98 1278 25 67
99 1421 57 79
100 131 5 82
101 906 22 5
102 438 22 32
103 592 1 35
104 89 47 95
105 1430 37 91
106 71 51 62
107 761 46 59
108 1222 21 11
