134
1 1209 41 67.881
2 277 7 15.181
3 1030 59 92.587
4 979 24 28.428
5 99 23 48.416
6 22 27 40.519
7 424 27 51.191
8 2 17 17.238
9 683 8 33.252
10 319 50 52.35
11 149 52 24.02
12 670 42 89.265
13 533 28 42.896
14 527 31 56.0
15 1043 17 48.584
16 1351 1 73.069
17 495 10 43.111
18 117 5 76.598
19 747 2 63.422
20 1282 19 43.615
21 1397 7 55.535
22 1143 2 50.266
23 473 37 40.274
24 1310 30 57.557
25 798 36 90.699
26 1385 30 51.309
27 1237 4 64.607
28 947 32 13.025
29 211 39 87.961
30 387 46 92.271
31 124 12 33.466
32 212 3 88.23
33 1089 58 76.082
34 816 38 21.744
35 973 23 52.117
36 13 21 20.26
37 779 21 57.76
38 194 47 64.734
39 149 29 69.832
40 540 45 23.196
41 575 48 66.179
42 1258 22 42.704
43 78 2 70.558
44 16 2 68.053
45 203 23 77.947
46 382 58 2.7
47 41 7 11.557
48 113 27 49.12
49 117 3 44.705
50 913 51 8.86
51 540 3 97.857
52 970 55 81.354
53 613 52 59.224
54 558 25 55.203
55 668 29 38.337
56 111 13 28.532
57 51 23 14.982
58 658 56 37.923
59 333 24 10.175
60 1433 44 34.143
61 1253 14 89.264
62 1108 10 53.575
63 253 19 68.769
64 539 17 62.018
65 22 55 13.485
66 1008 51 58.721
67 1391 49 89.5
68 1343 30 15.394
69 1341 37 39.471
70 103 8 14.381
71 139 38 76.375
72 64 55 29.05
73 1011 50 24.042
74 838 18 36.891
75 896 1 69.207
76 131 44 35.956
77 309 34 45.947
78 1365 35 92.343
79 735 42 30.373
80 478 21 39.87
81 208 36 44.9
82 622 25 19.438
83 46 29 40.991
84 560 16 54.375
85 75 26 25.757
86 763 45 31.877
87 579 27 64.455
88 53 39 59.474
89 302 54 32.249
90 708 17 35.16
91 17 8 48.681
92 448 46 67.877
93 250 30 42.244
94 117 26 75.729
95 593 17 92.09
96 594 36 25.232
97 885 58 70.69
98 513 57 40.651
99 1141 57 27.162
100 310 36 14.144
101 560 40 20.586
102 267 31 87.873
103 633 3 16.532
104 15 14 47.272
105 803 50 55.565
106 951 42 64.695
107 227 5 23.566
108 696 10 9.542
109 993 46 3.564
110 33 20 10.448
111 430 23 49.927
112 206 52 79.52
113 1171 55 15.456
114 543 46 22.134
115 152 1 24.133
116 291 27 17.608
117 1413 51 39.9
118 925 3 27.657
119 131 16 76.746
120 61 19 64.712
121 669 27 40.351
122 473 27 28.676
123 943 21 2.812
124 359 54 89.213
125 895 7 34.433
126 1003 46 98.46
127 997 40 23.578
128 525 39 6.984
129 217 8 37.24
130 1068 18 19.108
131 260 15 75.68
132 1139 10 46.468
133 822 25 72.686
134 1079 33 74.195