150
1 898 28 56.241
2 1286 47 62.272
3 381 26 99.123
4 1277 48 30.647
5 433 5 10.639
6 1214 23 72.544
7 311 37 40.524
8 372 48 75.321
9 501 44 41.82
10 954 45 68.562
11 552 54 83.905
12 683 32 70.118
13 962 48 67.2
14 1026 32 86.937
15 525 48 13.246
16 341 35 75.573
17 623 36 80.022
18 1236 50 28.149
19 423 3 17.488
20 25 31 62.206
21 1324 28 61.812
22 1281 36 60.135
23 1366 13 18.605
24 1272 1 36.906
25 1281 20 66.933
26 302 2 34.173
27 604 30 43.136
28 553 50 47.058
29 112 26 22.619
30 1426 34 24.074
31 1048 45 24.131
32 241 59 59.624
33 1032 52 67.171
34 633 1 22.329
35 373 14 27.164
36 621 45 73.779
37 51 44 13.99
38 1432 42 77.259
39 1418 12 8.021
40 174 35 71.065
41 1414 14 62.58
42 1315 3 70.631
43 961 1 15.606
44 339 6 85.483
45 519 1 75.825
46 956 1 18.943
47 501 1 97.709
48 803 1 94.442
49 1017 1 65.648
50 1120 1 53.087
51 342 1 16.927
52 879 1 43.578
53 796 1 8.796
54 657 1 85.17
55 430 1 91.748
56 262 1 27.115
57 1350 1 51.168
58 686 1 56.747
59 1082 1 70.61
60 1094 1 61.104
61 178 1 33.131
62 890 1 12.501
63 623 1 44.539
64 911 1 22.274
65 683 1 26.658
66 402 1 67.477
67 905 1 4.361
68 701 1 42.462
69 1077 1 90.05
70 1076 1 48.973
71 718 1 89.937
72 848 1 17.697
73 789 1 37.217
74 899 1 71.863
75 404 1 3.867
76 384 1 3.678
77 971 1 25.406
78 684 1 85.595
79 1166 1 43.317
80 1202 1 27.12
81 1339 1 34.468
82 1106 1 20.639
83 970 1 48.693
84 1092 1 17.867
85 993 1 51.261
86 562 1 92.746
87 1270 1 8.227
88 1214 1 20.179
89 1390 1 33.223
90 310 1 51.868
91 901 1 22.333
92 614 1 21.231
93 1175 1 44.719
94 729 1 54.866
95 149 1 80.855
96 861 1 92.057
97 840 1 99.956
98 1145 1 57.728
99 889 1 7.374
100 1321 1 33.514
101 878 1 54.038
102 1109 1 83.439
103 634 1 49.03
104 1056 1 57.986
105 1055 1 20.33
106 1097 1 7.727
107 98 1 91.514
108 267 1 63.997
109 991 1 59.205
110 1308 1 80.838
111 866 1 64.691
112 117 1 9.705
113 324 1 18.445
114 682 1 60.358
115 1216 1 95.677
116 1125 1 21.858
117 466 1 11.53
118 857 1 26.925
119 1244 1 14.839
120 609 1 5.884
121 757 1 1.336
122 497 1 63.891
123 1265 1 15.546
124 1410 1 72.247
125 584 1 96.401
126 780 1 6.23
127 1348 1 58.112
128 1153 1 46.766
129 352 1 47.276
130 1089 1 37.108
131 106 1 83.884
132 1163 1 17.085
133 1361 1 48.486
134 1379 1 89.742
135 711 1 8.982
136 392 1 59.336
137 514 1 34.212
138 218 1 53.936
139 23 1 9.887
140 265 1 22.157
141 105 1 34.939
142 1144 1 46.204
143 576 1 50.925
144 1320 1 3.874
145 797 1 44.916
146 434 1 76.181
147 1333 1 58.387
148 301 1 38.327
149 329 1 36.166
150 821 1 0.55
