150
1 542 18 96.077
2 954 15 77.303
3 1174 50 27.895
4 716 55 96.195
5 119 49 22.378
6 1395 31 44.203
7 32 3 94.291
8 663 20 44.732
9 164 39 7.793
10 995 22 48.546
11 534 31 82.188
12 159 39 33.245
13 1440 18 61.064
14 1356 14 75.060
15 239 43 82.310
16 465 4 99.493
17 1300 48 98.099
18 1265 32 56.969
19 1305 28 84.408
20 438 38 45.689
21 398 55 59.553
22 747 53 1.355
23 1256 25 75.501
24 1440 37 21.842
25 422 40 77.859
26 1276 50 7.351
27 1246 23 48.975
28 663 23 60.341
29 1187 8 51.470
30 1129 53 2.789
31 211 5 98.475
32 141 55 55.406
33 642 25 20.704
34 1280 1 39.477
35 228 37 29.178
36 1218 4 80.855
37 767 32 72.300
38 501 27 96.851
39 1139 56 26.206
40 1381 22 5.420
41 285 8 58.334
42 1313 21 99.289
43 928 34 17.771
44 728 24 15.403
45 386 38 48.366
46 855 49 71.639
47 1044 9 26.655
48 1418 53 62.131
49 994 60 98.823
50 1384 16 14.509
51 721 29 58.778
52 1313 25 57.897
53 1046 33 86.605
54 133 1 53.803
55 975 9 54.514
56 1246 11 11.108
57 1440 48 66.163
58 1400 25 61.409
59 778 28 72.378
60 1300 31 99.724
61 143 22 76.389
62 142 51 99.888
63 245 3 65.572
64 1111 14 4.265
65 936 37 3.044
66 431 50 21.352
67 1118 10 94.511
68 701 13 95.947
69 140 46 13.608
70 1440 2 56.716
71 757 27 32.928
72 950 7 51.050
73 1240 40 72.673
74 142 43 33.651
75 96 24 86.306
76 1221 10 73.249
77 1321 39 79.269
78 1369 9 98.287
79 652 14 66.798
80 1294 20 42.444
81 850 20 23.717
82 980 9 53.321
83 1164 26 58.533
84 645 37 56.268
85 1316 9 25.074
86 317 23 50.433
87 1034 47 81.505
88 834 15 30.088
89 871 5 36.783
90 741 2 20.845
91 289 51 94.128
92 857 1 51.931
93 126 49 4.516
94 980 12 35.524
95 359 5 84.248
96 61 8 34.193
97 638 36 77.736
98 511 1 41.465
99 728 8 8.314
100 730 56 40.584
101 822 21 69.455
102 1440 29 44.906
103 1017 8 31.526
104 489 21 7.988
105 1096 1 74.420
106 1384 54 57.297
107 1035 57 7.678
108 778 6 68.392
109 1107 17 14.463
110 1388 25 7.408
111 953 18 68.705
112 1050 15 57.603
113 1334 25 58.904
114 829 6 18.088
115 102 59 5.514
116 1040 13 88.139
117 957 43 64.271
118 479 3 70.004
119 555 15 36.575
120 1078 7 81.410
121 473 23 31.289
122 137 60 58.954
123 358 45 17.570
124 715 7 24.797
125 701 51 60.006
126 420 31 78.496
127 1252 43 31.779
128 400 15 47.248
129 932 48 99.144
130 1182 40 38.252
131 1362 6 7.139
132 171 39 6.150
133 790 55 68.143
134 1394 22 82.615
135 1073 15 35.355
136 758 40 65.219
137 716 40 91.425
138 851 6 2.233
139 1344 47 97.031
140 610 39 55.456
141 161 10 76.816
142 586 33 64.141
143 195 22 33.531
144 847 12 98.967
145 68 34 37.769
146 417 54 93.562
147 1090 37 78.358
148 598 25 88.149
149 796 1 16.329
150 650 26 6.722
