150
1 977 17 93.949
2 511 53 3.756
3 1174 18 63.743
4 1092 29 18.923
5 1095 41 75.303
6 499 52 94.64
7 396 10 20.306
8 173 1 12.051
9 557 58 51.039
10 325 22 6.359
11 538 43 1.923
12 249 47 32.137
13 1140 10 97.216
14 1137 3 21.596
15 331 52 4.622
16 176 60 21.13
17 932 1 13.496
18 640 49 52.386
19 822 20 70.7
20 1435 13 84.042
21 1052 48 55.519
22 1392 22 97.301
23 1345 37 73.339
24 572 25 55.256
25 776 13 60.956
26 1276 49 8.292
27 1263 11 49.072
28 343 35 14.637
29 798 21 58.467
30 1411 18 10.014
31 765 17 11.55
32 398 49 24.973
33 1390 15 73.892
34 1384 1 21.942
35 946 8 70.906
36 1043 14 84.909
37 1246 21 54.811
38 1187 48 77.347
39 213 43 92.104
40 46 34 32.67
41 109 58 88.776
42 412 18 93.983
43 481 39 52.389
44 1284 59 59.007
45 1409 10 26.493
46 1173 20 38.282
47 278 16 73.873
48 1115 4 36.961
49 1432 35 99.784
50 937 12 98.113
51 588 12 90.933
52 664 12 85.905
53 768 18 37.671
54 900 24 51.534
55 1048 31 15.184
56 1396 4 58.428
57 1223 28 26.986
58 999 15 44.4
59 790 27 17.153
60 640 28 34.988
61 662 19 83.978
62 15 14 61.641
63 1318 12 41.939
64 930 33 84.389
65 268 49 92.94
66 205 27 69.722
67 150 43 46.601
68 1006 43 75.653
69 568 45 33.888
70 1123 2 93.393
71 1110 17 13.268
72 442 53 66.508
73 822 9 71.621
74 894 53 29.035
75 351 1 84.108
76 407 39 5.795
77 922 57 13.564
78 181 44 11.269
79 124 13 14.293
80 880 31 53.013
81 1028 7 69.892
82 742 20 46.861
83 1151 38 56.03
84 1424 15 38.097
85 1371 54 67.588
86 734 20 9.392
87 1076 7 80.833
88 261 17 75.064
89 1181 18 30.007
90 323 20 11.929
91 888 9 21.256
92 370 2 49.398
93 151 24 3.314
94 577 57 43.737
95 1024 14 53.572
96 119 18 21.639
97 377 3 72.583
98 953 15 19.545
99 512 13 99.354
100 991 12 9.406
101 875 54 9.908
102 476 28 72.258
103 749 33 11.482
104 1019 6 28.925
105 314 15 38.513
106 140 37 72.55
107 288 60 44.911
108 1038 55 16.525
109 1286 30 75.536
110 1201 22 82.109
111 8 2 25.506
112 887 16 60.083
113 677 50 10.796
114 225 9 43.694
115 805 35 6.778
116 1079 42 37.471
117 1102 22 69.458
118 144 47 81.312
119 1425 42 69.517
120 614 52 70.199
121 919 44 68.819
122 714 60 32.294
123 1434 43 96.3
124 408 48 7.3
125 334 19 30.839
126 308 15 51.617
127 1107 23 84.286
128 1057 2 91.685
129 33 4 64.389
130 753 42 31.222
131 93 45 58.603
132 1116 24 85.949
133 1093 46 76.471
134 278 44 4.908
135 23 18 90.129
136 1170 26 68.651
137 218 48 39.615
138 329 18 80.43
139 1410 32 64.92
140 1044 29 51.704
141 378 39 8.104
142 867 34 21.266
143 257 7 96.603
144 815 6 24.04
145 707 3 54.047
146 1377 54 44.688
147 1024 39 66.215
148 1416 18 92.874
149 1428 18 13.089
150 883 25 58.287
