150
1 81 5 25.254
2 1162 51 81.0
3 984 60 86.52
4 1351 48 88.892
5 154 11 17.018
6 1162 12 13.0
7 408 22 69.0
8 722 38 44.4
9 1033 34 25.518
10 1335 25 67.0
11 470 50 12.906
12 419 1 7.04
13 962 1 18.1
14 1004 13 30.93
15 421 31 27.1
16 1410 26 34.43
17 471 47 40.77
18 1005 41 58.57
19 556 40 18.75
20 1179 5 98.01
21 852 16 63.82
22 350 24 77.0
23 1038 12 34.73
24 878 7 11.0
25 1168 19 6.15
26 861 46 30.0
27 313 20 94.13
28 366 27 99.33
29 1361 26 61.195
30 1353 28 44.5
31 817 50 97.129
32 1193 45 89.0
33 366 7 75.0
34 569 57 90.0
35 1231 36 0.875
36 1354 56 51.722
37 1290 51 49.435
38 709 46 86.8
39 317 50 99.0
40 1125 32 45.15
41 1128 60 61.0
42 615 36 39.3
43 1192 12 63.222
44 1067 26 38.574
45 1157 48 48.06
46 1424 21 30.32
47 1134 36 39.59
48 871 14 20.04
49 862 35 63.7
50 1092 57 26.91
51 100 43 57.4
52 917 40 56.74
53 405 35 60.2
54 968 20 48.9
55 209 9 40.408
56 109 15 3.06
57 5 50 42.0
58 475 52 94.0
59 906 36 23.67
60 514 44 83.87
61 1121 58 76.4
62 953 14 93.83
63 353 58 16.9
64 948 53 14.0
65 876 13 85.549
66 1085 10 2.0
67 1002 48 42.0
68 1401 38 80.0
69 272 46 67.76
70 254 32 33.95
71 1315 11 43.2
72 787 45 49.913
73 344 14 86.0
74 773 37 80.02
75 1388 30 74.7
76 514 51 46.2
77 23 50 0.503
78 48 49 84.12
79 1190 56 93.377
80 783 38 69.516
81 257 29 7.55
82 1074 5 76.552
83 226 27 83.56
84 1213 10 73.0
85 350 13 17.09
86 176 12 52.03
87 6 51 44.0
88 1163 49 35.8
89 425 5 88.929
90 70 17 93.13
91 552 4 84.9
92 402 9 1.0
93 408 26 33.5
94 1411 51 59.7
95 1034 40 61.7
96 648 25 59.18
97 560 29 63.7
98 920 13 86.19
99 961 12 33.0
100 168 22 92.603
101 299 12 41.0
102 85 53 86.35
103 603 58 67.6
104 619 5 41.5
105 125 15 69.71
106 45 1 95.695
107 1019 31 83.47
108 1372 55 21.967
109 1330 57 80.97
110 1160 44 69.2
111 550 31 37.0
112 243 45 37.9
113 165 12 67.54
114 222 6 64.7
115 385 15 16.37
116 127 49 29.77
117 1130 23 24.1
118 604 26 58.9
119 828 28 64.57
120 372 5 53.821
121 1007 21 86.0
122 1348 35 12.2
123 1111 24 19.4
124 1234 14 57.0
125 1103 40 96.0
126 1299 4 98.0
127 1001 2 43.0
128 151 28 25.6
129 1332 41 93.8
130 917 47 94.0
131 1214 17 4.553
132 15 31 94.905
133 825 22 51.965
134 501 40 88.0
135 796 25 80.8
136 1349 2 54.0
137 974 49 71.0
138 215 4 32.72
139 838 2 82.627
140 1194 51 49.809
141 554 22 5.7
142 621 35 9.87
143 222 44 96.02
144 79 42 18.0
145 1302 27 28.847
146 349 28 75.8
147 1348 56 23.88
148 79 4 55.23
149 450 14 99.0
150 464 44 49.2