150
1 20 10 80
2 10 10 30
3 783 53 61.948
4 978 14 47.622
5 706 54 85.88
6 116 27 63.374
7 1318 38 59.609
8 1102 17 78.991
9 1140 52 77.015
10 519 25 8.251
11 333 8 83.171
12 419 39 41.647
13 937 13 5.612
14 432 9 59.814
15 734 25 25.57
16 636 33 22.722
17 35 50 53.85
18 802 10 60.568
19 256 20 85.234
20 1153 14 84.563
21 940 50 49.888
22 748 48 52.668
23 610 10 45.039
24 546 31 44.977
25 897 32 30.896
26 1277 24 67.312
27 984 32 87.263
28 1110 5 63.978
29 1130 32 40.396
30 1316 38 14.633
31 1237 11 78.363
32 226 7 52.6
33 67 34 90.018
34 237 59 51.072
35 271 37 81.981
36 541 28 97.988
37 653 12 57.93
38 203 60 85.186
39 1270 6 33.354
40 1296 40 12.281
41 1425 23 54.863
42 1440 45 60.987
43 1195 18 66.126
44 933 5 18.349
45 29 45 13.241
46 97 4 44.493
47 66 8 24.261
48 1177 39 67.864
49 164 28 29.375
50 74 45 75.763
51 1197 59 87.799
52 1275 52 7.379
53 1285 33 19.91
54 184 37 97.876
55 814 25 58.201
56 1286 50 59.304
57 1396 44 54.886
58 826 22 67.52
59 1126 22 11.199
60 562 57 10.582
61 1153 25 75.101
62 503 38 97.844
63 1280 59 99.899
64 405 35 45.52
65 424 2 22.488
66 613 58 4.458
67 1113 35 42.912
68 1061 49 98.52
69 111 1 83.177
70 498 9 33.366
71 1122 24 99.737
72 1358 39 79.561
73 1309 19 65.52
74 1404 49 11.297
75 853 1 21.45
76 1072 33 51.956
77 524 51 44.843
78 244 22 89.852
79 1398 3 4.573
80 1269 57 60.912
81 36 37 71.027
82 1086 39 42.486
83 1120 42 46.549
84 703 12 64.519
85 48 50 26.077
86 571 47 9.424
87 687 55 92.952
88 585 44 48.243
89 386 22 12.681
90 414 20 56.242
91 1286 3 42.227
92 1374 49 80.606
93 1276 44 84.673
94 173 53 6.542
95 682 31 53.09
96 1232 43 84.139
97 1386 46 42.966
98 154 60 82.672
99 633 39 59.078
100 252 32 64.199
101 1301 14 81.463
102 849 29 79.148
103 808 18 51.707
104 907 50 11.078
105 1336 60 49.027
106 806 60 10.548
107 94 27 68.669
108 981 22 79.148
109 1391 22 71.362
110 237 10 71.416
111 526 15 14.708
112 670 10 97.867
113 1317 23 47.811
114 1331 38 59.049
115 257 6 21.595
116 234 27 15.875
117 1322 49 29.734
118 386 54 15.763
119 308 7 39.347
120 1242 19 46.6
121 827 13 8.433
122 1197 16 48.667
123 1232 45 57.656
124 347 54 91.92
125 458 23 42.461
126 272 4 5.097
127 1177 17 16.463
128 899 19 50.981
129 1422 59 87.046
130 236 41 57.191
131 1066 45 24.466
132 638 20 63.342
133 475 13 33.406
134 623 23 27.558
135 966 6 68.393
136 76 38 54.466
137 452 46 28.821
138 506 42 73.54
139 1134 7 26.384
140 178 8 14.904
141 338 53 46.873
142 239 14 60.149
143 1104 4 88.988
144 48 10 36.775
145 790 21 46.263
146 316 2 82.951
147 194 13 30.687
148 70 58 43.26
149 405 17 50.338
150 1065 33 28.74