143
1 434 52 80.285
2 1178 3 54.959
3 1197 57 15.961
4 323 44 92.654
5 605 55 87.145
6 250 19 43.510
7 807 43 33.983
8 118 58 63.780
9 1023 47 56.763
10 412 46 18.748
11 253 51 38.773
12 699 10 34.818
13 449 18 88.461
14 947 50 40.085
15 714 3 4.324
16 207 9 21.630
17 706 34 32.333
18 998 23 87.975
19 67 48 26.308
20 911 46 31.577
21 742 45 8.045
22 1165 7 44.193
23 101 27 31.022
24 773 25 32.496
25 190 33 92.781
26 104 15 71.290
27 1023 50 90.487
28 1428 23 50.453
29 602 40 36.755
30 959 2 17.461
31 932 8 16.507
32 870 50 22.674
33 1173 44 68.658
34 1252 5 43.941
35 430 57 19.623
36 724 45 84.776
37 102 43 72.064
38 631 18 80.330
39 1211 1 9.950
40 660 23 75.558
41 1246 38 13.082
42 340 30 41.207
43 1269 17 46.472
44 494 1 76.166
45 1333 40 57.974
46 1143 25 86.168
47 163 38 11.691
48 210 44 11.706
49 1060 58 58.664
50 1285 31 52.000
51 402 24 57.063
52 375 47 37.527
53 82 24 43.785
54 201 37 31.633
55 178 14 4.069
56 644 25 46.929
57 634 42 94.895
58 1357 25 21.378
59 718 13 97.438
60 1343 54 61.418
61 1309 46 32.329
62 1159 47 86.789
63 961 41 91.916
64 791 1 54.099
65 1137 52 44.449
66 727 15 88.289
67 596 7 66.079
68 735 46 85.152
69 890 36 27.614
70 1015 23 26.470
71 1363 24 64.987
72 843 14 1.375
73 931 60 50.367
74 679 30 44.709
75 1237 26 22.060
76 448 19 22.925
77 810 43 52.269
78 92 35 85.032
79 1107 4 91.469
80 801 41 91.270
81 293 57 46.956
82 1205 59 76.724
83 1236 37 23.237
84 205 7 34.174
85 1039 33 13.695
86 571 59 26.477
87 228 55 70.044
88 561 16 77.727
89 876 4 39.176
90 845 5 52.309
91 210 49 20.416
92 901 12 45.342
93 488 19 6.023
94 633 58 30.033
95 1152 21 90.164
96 65 34 25.640
97 407 15 84.524
98 563 49 77.517
99 9 29 39.771
100 659 40 93.429
101 963 28 65.470
102 569 29 54.254
103 834 8 29.483
104 1064 13 32.696
105 488 20 12.289
106 125 47 87.357
107 999 30 88.435
108 941 19 13.886
109 1356 57 2.695
110 706 2 82.497
111 314 13 32.374
112 837 11 87.190
113 466 26 79.824
114 722 38 29.123
115 673 41 29.570
116 1243 29 65.208
117 1407 16 45.007
118 294 55 7.822
119 213 1 60.314
120 817 4 77.400
121 512 25 12.754
122 973 46 19.412
123 1011 10 67.939
124 1247 38 62.711
125 1436 9 6.398
126 198 28 85.214
127 91 48 28.818
128 449 38 95.921
129 284 55 57.752
130 776 16 20.948
131 75 20 60.662
132 1187 59 76.218
133 980 31 95.192
134 649 44 32.551
135 806 46 64.763
136 525 24 97.017
137 554 43 17.201
138 413 19 52.865
139 327 34 3.953
140 1025 15 27.364
141 235 24 21.722
142 1304 43 78.478
143 634 37 2.407