150
1 422 36 71.717
2 278 60 70.129
3 1236 45 48.557
4 1284 36 92.562
5 458 43 16.675
6 257 20 20.861
7 677 29 22.922
8 782 45 56.757
9 578 55 86.679
10 230 47 71.686
11 283 36 61.308
12 1336 53 66.32
13 1423 39 48.155
14 840 44 97.488
15 395 31 60.675
16 1430 23 18.347
17 217 20 25.965
18 315 53 66.765
19 713 23 35.075
20 480 42 22.838
21 753 35 66.050
22 907 51 87.393
23 1130 21 11.084
24 671 42 96.417
25 715 20 38.805
26 1027 37 90.985
27 815 34 85.063
28 1052 41 85.058
29 959 27 52.138
30 1009 60 18.864
31 1181 56 26.006
32 650 32 37.813
33 713 50 40.158
34 911 42 35.256
35 1404 57 54.387
36 1021 58 31.520
37 1117 33 64.140
38 577 52 42.468
39 946 44 83.497
40 813 50 42.409
41 1327 35 89.164
42 1148 55 53.277
43 921 26 50.679
44 669 24 43.826
45 1220 26 57.802
46 880 39 37.132
47 346 44 39.532
48 1132 28 42.699
49 1297 23 85.094
50 736 42 18.198
51 1397 46 74.487
52 566 47 41.105
53 951 48 11.405
54 383 51 68.739
55 396 47 45.120
56 1188 48 20.541
57 1194 21 96.733
58 1428 53 12.391
59 624 48 26.488
60 705 30 51.754
61 1028 32 20.630
62 965 49 57.082
63 653 45 50.564
64 987 39 19.646
65 629 42 47.470
66 790 34 91.148
67 1375 56 29.038
68 697 48 15.912
69 480 52 55.492
70 939 20 37.517
71 1331 43 86.375
72 760 52 39.913
73 1398 43 27.376
74 1245 21 10.117
75 383 41 60.291
76 1336 28 34.789
77 1235 43 96.044
78 856 30 15.812
79 973 35 84.099
80 1157 21 82.138
81 1218 45 30.520
82 1080 41 76.036
83 660 30 73.917
84 353 44 34.680
85 972 34 32.592
86 702 59 72.350
87 877 55 72.429
88 624 54 29.332
89 721 59 76.122
90 884 34 58.522
91 1195 39 56.657
92 1153 51 76.000
93 1347 58 34.414
94 462 41 30.033
95 426 40 80.376
96 586 22 58.113
97 442 44 25.550
98 537 41 77.528
99 984 23 61.299
100 1061 59 28.624
101 490 25 72.998
102 1163 53 70.124
103 888 25 41.399
104 1420 44 90.575
105 1145 59 78.714
106 1083 44 82.604
107 740 51 23.524
108 1306 41 70.109
109 994 38 22.107
110 1174 34 86.738
111 1052 45 65.447
112 1402 38 31.602
113 1279 30 95.285
114 485 23 46.900
115 467 46 10.442
116 1393 27 87.867
117 1378 35 81.325
118 1244 47 98.907
119 522 45 59.983
120 779 28 11.722
121 341 54 81.945
122 523 56 94.900
123 1389 45 19.777
124 1015 53 46.714
125 689 45 35.181
126 441 56 35.436
127 418 44 67.513
128 1139 33 24.974
129 1221 50 97.697
130 529 45 61.429
131 360 22 68.325
132 776 26 76.720
133 827 48 43.069
134 1325 42 44.998
135 1050 35 16.277
136 484 49 88.581
137 1225 57 42.691
138 1064 24 67.335
139 471 41 87.840
140 1179 29 64.848
141 399 33 59.359
142 1288 46 72.212
143 1118 23 92.038
144 671 21 67.254
145 811 59 75.802
146 498 25 87.747
147 531 49 80.919
148 881 33 75.707
149 842 57 65.689
150 1235 37 23.041