150 
1 5 5 21.86
2 10 10 42.35
3 15 15 35.07
4 20 20 31.08
5 25 25 25.07
6 30 30 19.28
7 35 35 8.18
8 40 40 17.1
9 45 45 18.21
10 50 50 21.97
11 55 55 37.11
12 60 10 13.87
13 65 5 19.09
14 70 10 40.29
15 75 15 31.68
16 80 20 13.37
17 85 25 3.95
18 90 30 2.03
19 95 35 47.13
20 100 40 33.93
21 105 45 8.87
22 110 50 4.0
23 115 55 25.14
24 120 10 18.35
25 125 5 44.11
26 130 10 27.71
27 135 15 49.52
28 140 20 5.58
29 145 25 6.54
30 150 30 38.8
31 155 35 17.48
32 160 40 6.09
33 165 45 6.36
34 170 50 8.57
35 175 55 42.23
36 180 10 15.44
37 185 5 37.35
38 190 10 32.37
39 195 15 44.03
40 200 20 41.04
41 205 25 23.93
42 210 30 43.32
43 215 35 8.02
44 220 40 5.64
45 225 45 9.61
46 230 50 44.49
47 235 55 26.46
48 240 10 27.2
49 245 5 24.48
50 250 10 5.15
51 103 32 18
52 105 18 83
53 107 28 71
54 108 59 70
55 110 58 22
56 113 51 1.4
57 115 31 9.4
58 117 32 41.2
59 120 35 42
60 122 12 71
61 125 57 89
62 129 49 34
63 132 32 45
64 190 11 41
65 191 17 24.44
66 203 34 21.4
67 208 36 28.6
68 211 55 31.4
69 214 31 35.7
70 216 22 35.4
71 219 24 2.5
72 221 4 78.5
73 224 5 55.5
74 250 7 54
75 250 17 53.3
76 250 19 52.4
77 250 23 52.3
78 340 24 56.7
79 370 25 67.5
80 390 26 64.1
81 410 27 34.11
82 425 31 33.13
83 509 32 29.31
84 702 33 28.53
85 720 3 29.4
86 730 7 45.21
87 788 11 87.21
88 891 15 21.4
89 904 21 53.2
90 904 30 71.2
91 904 33 73.2
92 1104 44 64.4
93 1105 12 24.2
94 1108 19 21.2
95 1209 23 26.4
96 1271 24 45.2
97 1273 2 2
98 1299 22 3.1
99 1223 16 16.2
100 1282 19 19.2
101 1303 10 10.339
102 1305 2 5.456
103 1310 24 54.594
104 1315 4 20.945
105 1321 14 26.893
106 1325 10 22.897
107 1330 40 95.034
108 1334 3 9.58
109 1339 20 30.95
110 1349 15 30.847
111 1359 24 78.948
112 14 4 9.845
113 204 10 20.984
114 240 14 29.09
115 240 9 20.98
116 245 10 49.09
117 259 13 20.93
118 259 10 24.93
119 259 40 93
120 284 20 38.94
121 298 14 19.09
122 305 2 2.32
123 309 10 25.95
124 310 3 4.32
125 370 10 29.58
126 395 4 19.367
127 398 5 10.459
128 405 20 74.9
129 449 50 94
130 469 49 98
131 479 20 59
132 489 24 59.394
133 510 22 49
134 503 25 98
135 547 20 94
136 568 24 32
137 589 26 50
138 590 2 23
139 612 55 96
140 639 50 93
141 648 24 29
142 684 32 45
143 693 24 54
144 742 25 68
145 745 23 59
146 620 39 45
147 695 21 93
148 637 25 21
149 798 23 45
150 985 32 45