150
1 1061 4 32.441
2 1345 23 25.054
3 1030 32 17.147
4 871 35 53.764
5 116 54 11.074
6 1437 6 38.054
7 1004 42 22.322
8 961 13 84.225
9 28 54 75.257
10 969 1 76.871
11 1064 36 1.378
12 447 8 6.663
13 50 45 51.442
14 701 42 26.367
15 81 7 10.096
16 1225 49 25.263
17 1351 43 54.251
18 1392 47 49.776
19 1205 34 88.209
20 696 15 44.937
21 1311 41 85.991
22 248 4 90.379
23 971 42 47.318
24 925 11 62.255
25 932 38 28.223
26 951 5 38.953
27 279 45 5.029
28 639 12 88.969
29 950 3 61.905
30 548 56 33.721
31 1425 20 40.513
32 197 13 66.466
33 694 44 11.129
34 1271 28 65.103
35 990 56 95.537
36 856 53 50.071
37 737 59 70.724
38 543 31 70.908
39 404 40 24.93
40 373 39 5.664
41 278 13 32.893
42 460 26 14.668
43 55 19 19.053
44 633 23 58.317
45 1292 52 89.386
46 153 46 42.34
47 1281 28 37.138
48 332 22 76.541
49 663 11 71.29
50 1319 40 62.462
51 723 32 64.969
52 583 38 55.64
53 754 50 97.925
54 599 59 96.899
55 1129 25 21.19
56 1406 16 78.44
57 287 57 6.891
58 1285 24 35.088
59 1434 51 68.179
60 193 45 98.591
61 1346 36 98.174
62 410 30 98.172
63 1341 53 91.79
64 327 51 32.529
65 136 40 42.429
66 1393 17 46.693
67 207 53 49.517
68 845 19 63.438
69 995 20 51.307
70 1046 27 83.629
71 654 7 73.073
72 63 19 98.269
73 1001 16 47.739
74 194 21 25.459
75 1353 30 43.309
76 623 16 79.955
77 1116 8 73.332
78 171 19 13.825
79 1029 17 87.061
80 1019 60 26.715
81 776 21 94.592
82 1217 28 10.602
83 823 57 2.255
84 1245 56 83.489
85 1225 55 96.839
86 318 12 32.083
87 1392 37 91.07
88 541 47 55.947
89 1352 7 70.588
90 515 6 89.116
91 436 32 38.83
92 946 45 87.947
93 259 27 55.915
94 332 12 2.754
95 975 50 38.983
96 166 15 35.126
97 20 19 58.402
98 410 40 8.281
99 678 35 23.523
100 1078 37 49.632
101 1368 23 53.348
102 1007 58 48.259
103 805 41 27.529
104 800 48 69.502
105 50 53 30.467
106 247 57 32.197
107 978 35 76.247
108 506 52 81.864
109 751 20 56.158
110 754 41 33.209
111 347 43 25.894
112 315 42 7.589
113 1402 21 50.236
114 279 56 69.386
115 1304 13 1.993
116 794 10 3.132
117 765 43 66.625
118 83 39 41.649
119 1046 2 38.141
120 313 38 52.143
121 769 45 34.218
122 327 47 23.475
123 797 43 44.441
124 419 3 60.905
125 1268 14 8.954
126 252 60 38.381
127 1091 32 45.551
128 1400 28 89.756
129 1244 46 35.416
130 1044 7 67.018
131 1117 35 6.519
132 662 18 53.565
133 235 2 4.569
134 1052 9 13.573
135 791 43 20.164
136 653 40 54.661
137 299 40 53.052
138 979 10 93.942
139 275 54 94.193
140 114 14 80.097
141 672 3 95.339
142 909 46 65.715
143 1313 7 5.768
144 1103 23 87.163
145 981 41 90.237
146 303 47 73.792
147 679 47 53.474
148 629 40 45.446
149 383 25 83.8
150 1292 7 4.671
