146
1 555 22 2.792
2 1151 41 73.836
3 1430 55 9.538
4 113 38 38.785
5 1068 18 12.916
6 98 22 81.49
7 819 34 18.145
8 1204 49 62.488
9 658 22 96.858
10 1070 24 15.806
11 779 52 8.098
12 762 11 11.771
13 530 52 18.277
14 930 32 9.29
15 352 30 17.1
16 911 45 86.898
17 909 11 42.894
18 449 22 90.657
19 659 53 38.886
20 699 44 11.107
21 1169 2 91.629
22 1391 31 72.795
23 1420 13 60.269
24 982 55 58.089
25 317 21 32.033
26 509 53 97.896
27 897 14 16.272
28 115 32 81.822
29 66 17 47.876
30 553 30 83.782
31 1344 16 15.232
32 728 48 11.266
33 1320 7 68.933
34 771 58 90.303
35 1126 30 48.16
36 1281 51 71.257
37 352 48 19.125
38 355 25 26.699
39 1005 42 66.408
40 767 16 76.512
41 1274 58 38.543
42 1067 42 98.93
43 1400 12 83.212
44 623 50 45.571
45 1035 55 44.932
46 1057 30 59.934
47 759 10 83.081
48 1026 35 38.585
49 648 23 90.385
50 1405 36 21.698
51 531 6 47.842
52 1299 58 80.21
53 931 1 49.412
54 1009 9 89.99
55 1224 16 32.802
56 1148 24 40.903
57 688 24 56.168
58 872 14 20.935
59 355 34 56.681
60 1154 16 16.332
61 522 14 69.948
62 569 42 86.225
63 1315 27 78.737
64 581 4 58.252
65 1383 55 8.156
66 219 11 80.468
67 934 34 49.496
68 1065 2 41.748
69 1346 59 44.657
70 1290 6 66.693
71 13 60 89.316
72 145 21 96.636
73 955 9 90.422
74 38 24 95.321
75 1257 39 49.92
76 234 43 49.346
77 937 41 79.315
78 1264 54 59.301
79 52 18 83.709
80 652 30 42.585
81 216 39 28.278
82 76 34 31.811
83 600 10 2.83
84 108 39 83.777
85 883 59 37.177
86 731 42 11.292
87 989 2 54.014
88 808 9 3.1
89 581 37 87.141
90 704 14 34.133
91 347 42 51.762
92 653 30 2.739
93 984 16 38.224
94 1370 8 28.261
95 1154 50 4.365
96 1273 43 23.091
97 122 30 48.378
98 1065 47 35.796
99 633 30 97.404
100 1425 35 66.29
101 1150 17 84.862
102 1262 23 33.783
103 1232 7 18.246
104 577 2 39.042
105 644 35 10.859
106 486 30 47.234
107 211 51 32.682
108 1168 43 32.73
109 57 4 89.812
110 728 51 59.344
111 877 34 21.947
112 961 46 64.535
113 1080 10 90.757
114 529 41 34.496
115 544 42 33.435
116 548 6 67.368
117 847 52 35.346
118 565 56 32.465
119 420 14 28.749
120 1341 7 94.32
121 451 10 66.59
122 427 12 62.747
123 59 7 16.967
124 575 52 92.741
125 700 53 35.908
126 170 7 22.388
127 1394 33 20.512
128 272 38 6.988
129 219 27 18.085
130 1112 44 67.834
131 611 33 3.632
132 197 51 19.09
133 418 52 36.422
134 511 26 83.474
135 694 17 26.333
136 162 36 66.111
137 267 31 9.041
138 1292 48 95.028
139 424 34 13.097
140 1076 1 54.194
141 1376 37 4.369
142 444 22 30.312
143 1204 8 90.527
144 383 2 77.642
145 978 45 84.287
146 178 47 27.369
