150
1 805 43 37.666
2 900 4 53.781
3 1045 6 15.912
4 989 9 22.688
5 1335 55 81.289
6 282 2 24.839
7 520 41 76.199
8 148 56 70.915
9 1054 18 10.273
10 878 52 71.138
11 757 16 69.877
12 1043 14 52.453
13 1034 49 42.995
14 245 33 47.587
15 859 14 75.998
16 726 38 17.185
17 1221 22 46.972
18 347 26 61.057
19 799 7 34.564
20 609 33 3.435
21 646 22 76.845
22 716 32 19.113
23 509 31 6.424
24 1153 37 53.358
25 782 30 22.761
26 1205 1 2.159
27 1043 28 12.428
28 1276 44 44.498
29 196 56 72.09
30 1111 6 23.552
31 621 36 33.999
32 1391 3 42.442
33 1275 14 5.83
34 1272 22 95.5
35 1313 29 64.936
36 1118 49 16.24
37 251 26 73.379
38 536 17 2.613
39 1209 52 15.756
40 1186 20 19.161
41 761 22 78.878
42 1148 51 6.149
43 1233 29 15.482
44 31 52 83.751
45 1277 50 95.658
46 617 53 58.145
47 131 46 51.63
48 1395 44 40.545
49 1241 14 70.812
50 1391 40 74.222
51 527 9 4.411
52 156 17 85.735
53 779 37 76.143
54 1127 24 2.241
55 636 6 46.524
56 738 51 31.038
57 227 53 49.577
58 1341 35 14.399
59 1077 13 44.786
60 21 54 48.328
61 252 22 37.049
62 237 40 55.701
63 563 1 65.469
64 779 30 82.671
65 407 54 11.542
66 1283 13 2.561
67 1011 26 75.654
68 1431 9 19.107
69 827 15 33.079
70 559 6 43.206
71 323 20 37.646
72 884 26 44.832
73 135 4 85.903
74 916 48 73.662
75 165 54 76.88
76 1126 46 7.219
77 637 35 61.984
78 800 39 25.45
79 1228 12 30.879
80 983 41 47.489
81 346 8 79.448
82 1252 52 71.923
83 1092 60 42.03
84 1205 13 13.634
85 1088 12 97.66
86 1349 34 29.242
87 1244 43 73.946
88 367 11 8.706
89 205 46 18.952
90 1394 14 87.204
91 197 60 62.294
92 1344 13 69.992
93 1156 11 68.475
94 956 4 70.445
95 1395 5 96.169
96 896 31 9.82
97 485 17 34.376
98 422 34 6.737
99 92 9 99.481
100 1113 31 97.945
101 942 6 38.173
102 814 4 85.761
103 248 7 55.669
104 117 54 58.638
105 51 36 42.566
106 155 8 33.355
107 37 59 74.753
108 1177 7 9.858
109 886 19 14.554
110 1391 28 19.299
111 847 23 24.763
112 409 8 3.894
113 237 58 51.284
114 1303 2 78.591
115 98 56 65.949
116 279 18 9.067
117 1064 53 29.045
118 681 60 53.06
119 1177 35 32.224
120 586 58 55.209
121 221 6 74.501
122 1095 36 58.889
123 566 17 49.287
124 309 54 25.674
125 908 52 80.771
126 1437 28 9.236
127 795 43 25.456
128 1044 60 60.171
129 619 50 90.77
130 35 14 59.659
131 588 40 87.53
132 31 24 86.991
133 433 47 71.712
134 941 39 97.161
135 1053 26 27.994
136 866 18 72.604
137 160 7 68.264
138 1210 13 86.821
139 959 44 1.751
140 758 42 38.391
141 1010 6 28.7
142 1013 52 96.008
143 1434 11 88.164
144 174 5 6.976
145 606 42 5.549
146 114 23 65.775
147 585 33 3.384
148 848 11 92.053
149 951 40 42.203
150 1177 53 62.362