130
1 973 1 92.8
2 1138 10 54.7
3 1239 10 19.71
4 235 41 88.02
5 471 50 37.29
6 1132 7 88.23
7 181 56 11.68
8 605 24 75.42
9 1226 6 68.39
10 1426 22 32.47
11 114 51 24.01
12 1412 42 62.88
13 119 18 44.58
14 1366 14 83.44
15 1389 24 11.26
16 237 12 99.72
17 321 3 73.79
18 550 9 61.9
19 1276 24 20.54
20 481 56 46.04
21 28 10 81.18
22 521 55 8.15
23 1051 50 65.57
24 251 28 80.4
25 1350 28 99.82
26 414 5 28.89
27 339 43 26.07
28 224 22 46.61
29 256 9 64.68
30 1242 35 88.55
31 1298 7 34.38
32 478 57 31.35
33 201 22 87.49
34 587 24 74.11
35 502 28 77.55
36 870 30 30.81
37 785 8 1.63
38 637 60 98.19
39 448 42 63.65
40 610 5 9.86
41 62 13 72.77
42 376 56 71.23
43 580 10 14.64
44 429 31 27.25
45 660 31 11.21
46 358 42 91.56
47 1037 38 87.26
48 596 56 1.02
49 612 10 84.47
50 1152 47 54.0
51 1132 60 26.79
52 434 1 44.93
53 636 13 91.39
54 942 41 51.32
55 1310 60 4.19
56 1098 32 53.53
57 1030 37 89.21
58 351 58 79.75
59 1332 36 51.0
60 140 1 31.18
61 66 14 54.87
62 1271 31 35.23
63 1092 43 12.45
64 510 58 61.9
65 606 32 27.21
66 1236 28 75.77
67 95 33 48.58
68 541 29 11.64
69 1122 12 27.76
70 552 32 86.9
71 1071 13 27.06
72 212 14 57.26
73 909 44 38.4
74 238 5 61.44
75 1033 36 37.0
76 1012 56 27.42
77 1211 41 62.31
78 1119 26 14.63
79 608 47 25.07
80 815 20 55.49
81 603 39 27.28
82 1039 3 5.82
83 267 1 53.08
84 718 39 94.71
85 1299 5 81.91
86 1404 57 56.04
87 1370 32 7.22
88 1327 34 95.69
89 1226 60 23.11
90 549 14 84.74
91 830 20 74.14
92 1333 32 46.62
93 266 47 70.92
94 371 35 61.72
95 94 5 70.94
96 758 14 64.93
97 875 35 95.98
98 947 12 85.48
99 840 60 26.77
100 1417 25 47.78
101 923 40 53.51
102 689 48 86.08
103 1049 9 78.54
104 1409 46 57.38
105 192 55 18.24
106 1140 21 81.75
107 680 55 66.62
108 1358 42 64.38
109 491 45 68.12
110 478 27 34.81
111 1408 49 3.44
112 186 28 83.7
113 846 56 42.83
114 756 38 84.74
115 474 43 68.99
116 484 46 9.52
117 634 36 14.15
118 41 39 59.0
119 1238 8 16.07
120 1275 8 98.75
121 1018 35 37.25
122 779 8 19.26
123 980 39 53.58
124 870 31 84.29
125 907 14 88.31
126 960 52 71.65
127 255 56 78.99
128 1235 5 35.45
129 800 23 9.31
130 60 26 85.78