140
1 345 10 29.395
2 43 25 2.686
3 1012 19 9.33
4 11 42 79.788
5 880 54 71.14
6 588 30 78.34
7 359 49 62.392
8 940 20 82.541
9 462 33 3.502
10 150 24 40.547
11 772 54 24.966
12 238 41 48.089
13 1273 50 88.083
14 960 7 28.068
15 1221 17 59.914
16 1099 47 2.622
17 1163 13 15.519
18 912 3 83.391
19 1024 27 19.489
20 992 57 82.978
21 463 16 33.807
22 766 35 67.111
23 1258 22 5.236
24 79 2 73.430
25 721 31 49.948
26 624 50 94.329
27 1303 16 28.977
28 908 3 37.656
29 1416 15 11.375
30 843 40 96.485
31 1211 20 43.251
32 676 40 8.456
33 786 1 71.667
34 258 44 50.678
35 914 24 32.808
36 1387 3 75.352
37 769 25 83.600
38 691 43 25.371
39 1143 56 53.442
40 134 60 43.516
41 1269 60 15.770
42 6 54 60.048
43 737 52 93.745
44 977 49 10.775
45 815 34 89.998
46 689 26 55.046
47 462 8 42.735
48 867 40 15.238
49 1315 52 24.754
50 983 17 44.736
51 1364 51 53.278
52 143 5 35.465
53 736 23 77.311
54 159 17 88.168
55 786 10 73.409
56 992 38 40.643
57 213 19 60.417
58 1120 58 64.110
59 575 30 12.746
60 1294 45 49.619
61 443 1 31.046
62 88 37 57.857
63 317 35 94.360
64 120 49 42.693
65 1369 40 3.312
66 24 53 92.943
67 166 55 92.498
68 18 10 35.830
69 312 12 25.998
70 17 48 78.685
71 926 4 51.158
72 745 24 56.252
73 354 18 68.479
74 279 45 9.239
75 131 7 87.257
76 531 48 94.293
77 12 47 9.659
78 868 32 84.588
79 690 16 90.939
80 444 5 1.134
81 1073 38 52.368
82 1209 2 65.034
83 378 4 38.514
84 741 8 64.930
85 644 28 76.285
86 492 41 57.568
87 1209 52 63.191
88 1415 30 27.820
89 903 3 83.983
90 262 19 42.683
91 178 39 63.162
92 836 48 83.346
93 474 18 27.018
94 387 30 40.080
95 793 50 55.425
96 260 36 44.386
97 978 33 9.038
98 81 20 74.438
99 50 25 3.261
100 413 48 42.974
101 112 21 3.726
102 1297 28 97.579
103 1220 23 52.233
104 570 41 90.962
105 244 35 38.324
106 620 40 88.445
107 600 30 25.501
108 1050 24 90.904
109 586 29 89.456
110 1371 4 39.851
111 1314 25 62.502
112 1371 59 56.759
113 499 47 89.451
114 418 44 21.416
115 1277 46 0.385
116 303 46 88.058
117 189 51 23.512
118 750 47 24.486
119 1304 59 64.091
120 580 7 30.452
121 311 24 82.562
122 114 30 88.368
123 1344 16 94.537
124 869 3 39.079
125 544 59 80.132
126 958 44 15.711
127 1141 9 62.516
128 481 9 69.898
129 998 43 8.586
130 294 23 53.117
131 1381 5 88.856
132 1026 25 26.366
133 241 9 23.478
134 638 48 83.965
135 912 56 49.554
136 1340 1 15.236
137 763 40 23.076
138 903 41 65.795
139 981 16 56.294
140 1330 51 29.182