150
1 467 31 40.786
2 432 9 83.534
3 286 52 65.394
4 1300 31 57.400
5 1278 42 80.386
6 229 42 82.660
7 720 56 99.128
8 30 25 22.838
9 1149 6 3.862
10 1300 45 86.434
11 1374 2 28.523
12 463 8 15.470
13 244 26 63.463
14 1119 17 12.437
15 226 15 27.124
16 350 53 73.528
17 634 52 18.672
18 1023 8 7.723
19 475 39 78.868
20 1152 32 61.295
21 1269 11 97.968
22 934 54 12.559
23 268 38 22.575
24 1215 37 12.309
25 821 54 96.809
26 475 50 86.518
27 676 59 6.153
28 377 42 53.601
29 1166 50 48.936
30 237 10 15.680
31 469 8 55.677
32 145 33 75.748
33 1182 49 79.331
34 1288 4 2.908
35 934 52 59.787
36 1363 46 47.560
37 368 19 30.284
38 723 25 42.027
39 159 20 30.644
40 230 2 75.186
41 1267 1 67.886
42 223 5 88.722
43 923 36 26.216
44 1016 54 55.436
45 917 58 20.542
46 1208 29 59.599
47 551 58 38.241
48 291 5 39.891
49 1127 44 52.466
50 1011 51 64.661
51 40 44 39.351
52 550 10 51.000
53 50 22 66.203
54 649 33 31.126
55 359 51 83.286
56 200 22 74.901
57 1422 30 93.765
58 1134 23 77.789
59 821 28 64.253
60 938 53 61.826
61 1262 45 43.350
62 928 38 85.186
63 864 32 73.161
64 64 49 18.814
65 312 25 70.632
66 967 22 7.117
67 56 9 26.150
68 80 11 47.173
69 1069 21 79.444
70 761 32 65.405
71 411 15 22.898
72 627 12 79.861
73 445 23 77.631
74 949 18 45.446
75 1101 26 91.574
76 1202 13 35.535
77 808 33 52.680
78 398 43 41.864
79 154 15 78.298
80 308 44 67.968
81 313 30 62.190
82 271 6 14.417
83 445 6 7.314
84 424 32 44.904
85 621 10 66.051
86 364 33 21.801
87 436 44 35.824
88 1054 55 30.818
89 1295 46 71.854
90 391 34 70.009
91 177 5 42.886
92 429 26 12.979
93 1296 20 42.104
94 656 7 36.902
95 1186 10 51.692
96 1182 56 28.026
97 876 25 38.954
98 129 6 23.952
99 526 56 85.107
100 960 36 67.217
101 753 42 60.125
102 1219 2 22.249
103 713 23 63.952
104 1164 59 95.978
105 32 57 44.836
106 579 18 73.742
107 194 3 94.952
108 1099 53 39.794
109 685 54 35.381
110 907 25 88.823
111 185 14 54.847
112 1242 54 46.462
113 282 46 29.480
114 80 14 72.101
115 5 15 18.462
116 193 56 26.145
117 1115 10 6.794
118 697 40 33.163
119 178 59 31.745
120 389 4 41.463
121 1219 7 67.077
122 403 42 98.333
123 1391 36 46.294
124 370 53 54.017
125 1238 26 97.641
126 397 36 49.167
127 525 53 41.945
128 784 23 67.963
129 1187 47 16.381
130 1344 58 93.012
131 1310 57 41.615
132 1229 32 84.051
133 861 14 14.572
134 1172 58 58.177
135 100 45 41.213
136 634 46 31.258
137 188 49 73.161
138 1289 47 83.693
139 1092 47 12.297
140 1044 8 32.498
141 1083 53 60.511
142 1095 31 71.963
143 1353 42 17.396
144 1440 9 62.166
145 1196 57 49.283
146 803 12 61.209
147 337 4 42.304
148 1337 49 92.999
149 760 51 71.399
150 26 42 62.793
