150
1 185 45 25.682 
2 196 50 50.406 
3 1416 53 0.456 
4 27 55 2.476 
5 196 43 50.977 
6 182 32 5.050 
7 26 25 2.017 
8 28 15 6.325 
9 183 37 71.866 
10 182 60 83.036 
11 182 32 7.653 
12 184 34 79.878 
13 1418 46 0.825 
14 25 58 0.615 
15 1415 21 0.532 
16 1418 50 0.197 
17 1418 60 0.511 
18 182 50 21.728 
19 196 36 15.928 
20 1415 45 0.315 
21 1417 47 0.249 
22 196 16 37.066 
23 198 60 31.768 
24 25 21 6.336 
25 26 36 5.886 
26 1417 38 0.317 
27 182 55 87.349 
28 198 32 19.605 
29 197 57 42.536 
30 182 42 75.488 
31 27 57 4.733 
32 196 27 17.289 
33 28 40 7.310 
34 200 15 55.200 
35 197 43 7.522 
36 1416 23 0.524 
37 25 38 5.317 
38 1417 26 0.469 
39 185 52 91.493 
40 183 59 91.512 
41 1416 60 0.237 
42 1417 54 1.104 
43 182 39 42.636 
44 185 44 53.048 
45 195 46 28.582 
46 15 55 12.987 
47 25 28 4.325 
48 182 46 95.720 
49 1417 29 0.194 
50 198 42 14.874 
51 1418 53 0.585 
52 30 12 7.751 
53 1418 43 0.346 
54 26 17 3.817 
55 27 31 2.748 
56 27 38 5.078 
57 185 46 96.856 
58 195 26 40.759 
59 195 50 20.865 
60 184 37 45.840 
61 197 20 4.473 
62 26 28 3.732 
63 1416 39 0.484 
64 182 57 67.436 
65 197 48 22.867 
66 1418 37 1.073 
67 198 27 8.004 
68 27 34 1.386 
69 185 56 20.719 
70 1418 34 0.360 
71 183 57 71.067 
72 195 49 48.482 
73 1418 57 0.620 
74 184 47 94.060 
75 1418 24 0.497 
76 196 34 6.504 
77 183 60 65.920 
78 27 41 5.075 
79 197 48 36.043 
80 196 38 42.966 
81 26 22 6.955 
82 1415 35 0.976 
83 1416 40 1.023 
84 28 18 0.985 
85 195 48 23.632 
86 196 57 10.954 
87 1418 56 0.324 
88 25 50 6.927 
89 1418 52 1.109 
90 1418 60 0.578 
91 25 28 3.244 
92 182 55 73.624 
93 1415 34 0.707 
94 184 40 79.049 
95 185 49 65.457 
96 198 50 30.881 
97 26 39 2.691 
98 197 58 3.838 
99 184 47 27.868 
100 198 16 37.068 
101 187 30 99.500 
102 198 57 33.545 
103 197 34 43.091 
104 182 50 29.252 
105 183 53 40.388 
106 195 57 25.221 
107 197 20 6.203 
108 28 53 1.814 
109 1415 31 0.466 
110 1418 41 0.648 
111 1415 35 1.117 
112 183 32 7.415 
113 1416 30 0.720 
114 25 51 6.110 
115 196 59 29.049 
116 198 48 19.208 
117 182 33 85.859 
118 1417 52 1.051 
119 182 41 69.162 
120 1416 42 0.335 
121 184 60 25.546 
122 195 36 46.853 
123 26 19 4.621 
124 1420 20 1.250 
125 183 32 30.292 
126 1417 57 1.119 
127 28 28 5.160 
128 1418 23 1.000 
129 197 48 4.707 
130 28 34 0.205 
131 195 48 24.442 
132 197 43 33.262 
133 198 31 44.563 
134 1418 24 0.686 
135 183 53 33.894 
136 27 26 1.442 
137 197 21 14.936 
138 185 42 68.179 
139 1417 31 0.775 
140 26 16 6.803 
141 183 34 42.118 
142 26 60 2.321 
143 1415 32 0.939 
144 25 42 1.944 
145 25 50 6.619 
146 27 59 6.841 
147 27 55 5.346 
148 182 38 75.666 
149 185 48 25.641 
150 26 23 5.143 
