150
1 1406 51 76.884
2 310 17 67.726
3 208 56 33.415
4 347 2 41.74
5 154 7 13.383
6 972 38 45.49
7 428 13 32.373
8 1396 22 33.545
9 190 41 52.267
10 1008 26 9.065
11 1174 16 4.475
12 194 6 19.843
13 1421 49 29.063
14 1414 17 17.171
15 242 58 3.311
16 480 55 84.275
17 1176 16 6.545
18 1321 40 30.774
19 281 45 65.04
20 1229 47 45.291
21 314 60 64.228
22 1139 54 43.857
23 338 26 92.954
24 248 45 13.394
25 1189 28 35.133
26 239 59 61.16
27 1064 13 44.207
28 353 54 9.018
29 602 1 81.191
30 646 44 73.248
31 937 34 75.893
32 112 54 67.066
33 241 30 56.17
34 26 5 57.808
35 223 6 33.945
36 1317 6 95.662
37 617 43 5.388
38 56 13 22.744
39 1038 45 2.203
40 49 60 66.99
41 1080 58 14.378
42 640 56 13.477
43 564 7 39.416
44 447 16 20.556
45 464 7 30.84
46 1137 25 88.731
47 1328 6 45.403
48 7 12 19.667
49 1299 20 41.101
50 195 59 83.032
51 424 24 62.667
52 295 44 72.832
53 10 18 7.118
54 794 24 73.812
55 579 26 98.02
56 948 52 10.838
57 1184 31 21.919
58 21 45 73.413
59 144 60 75.362
60 1275 22 71.767
61 367 18 30.107
62 205 1 98.172
63 85 14 75.221
64 1267 26 69.17
65 161 38 84.904
66 580 29 5.938
67 1342 9 88.174
68 770 58 85.942
69 814 26 26.182
70 940 6 58.613
71 1008 21 23.788
72 412 19 45.607
73 690 25 21.45
74 108 23 14.354
75 187 48 82.179
76 42 49 12.677
77 491 35 15.026
78 14 9 68.453
79 717 34 15.519
80 471 28 53.116
81 507 60 39.725
82 795 45 54.069
83 1439 59 29.771
84 1248 42 71.776
85 608 40 76.651
86 171 42 49.842
87 722 48 13.439
88 1351 48 85.331
89 993 9 35.999
90 672 58 63.225
91 1150 10 64.27
92 1440 47 68.566
93 1104 59 75.478
94 550 42 4.86
95 389 24 39.682
96 1120 33 70.756
97 965 41 18.753
98 280 9 28.194
99 52 37 67.138
100 158 57 78.21
101 696 18 25.292
102 1355 21 9.417
103 541 17 10.495
104 624 5 50.032
105 1033 3 48.083
106 802 46 87.165
107 1374 7 65.733
108 276 53 70.783
109 1029 36 42.469
110 351 30 44.86
111 1062 31 83.531
112 366 13 20.923
113 242 13 45.158
114 959 5 85.292
115 628 41 53.936
116 446 47 89.981
117 423 47 31.238
118 425 33 29.602
119 893 55 47.86
120 746 34 25.236
121 377 36 57.632
122 599 10 2.064
123 774 10 29.228
124 264 33 7.569
125 1219 53 50.914
126 76 8 86.605
127 856 37 90.894
128 1093 13 60.692
129 1403 29 45.001
130 89 46 68.697
131 356 53 80.876
132 1017 46 60.241
133 1287 20 16.667
134 564 15 12.611
135 1128 45 54.048
136 913 28 34.252
137 487 35 73.307
138 1045 4 45.68
139 1039 2 29.293
140 523 50 36.46
141 630 35 40.82
142 1391 5 67.941
143 745 1 7.106
144 365 11 23.646
145 147 47 44.695
146 88 1 60.572
147 447 25 54.487
148 1150 52 46.757
149 587 49 84.974
150 951 58 70.044
