150
1 944 58 82.297
2 316 22 56.72
3 775 47 23.739
4 381 37 63.339
5 1032 41 45.899
6 572 28 41.764
7 1250 35 61.27
8 144 36 55.53
9 1103 27 56.583
10 106 21 43.265
11 451 46 52.642
12 489 50 98.508
13 53 7 6.493
14 1162 50 31.09
15 971 34 67.409
16 657 42 44.008
17 489 1 87.368
18 511 6 24.016
19 649 29 93.502
20 1121 42 64.272
21 1142 25 15.491
22 956 5 9.037
23 1161 4 20.619
24 858 3 29.664
25 1398 7 30.29
26 1090 16 32.319
27 200 27 56.204
28 304 14 98.971
29 409 23 57.306
30 516 18 37.24
31 143 24 79.856
32 222 22 78.776
33 866 49 23.126
34 1325 34 19.143
35 817 31 80.729
36 973 30 58.908
37 627 10 47.655
38 262 54 84.208
39 417 52 97.238
40 874 39 74.02
41 289 51 26.452
42 1150 24 96.985
43 1306 31 62.669
44 957 19 8.591
45 66 2 46.736
46 1292 28 23.852
47 227 33 65.127
48 146 44 65.365
49 156 57 48.671
50 438 21 66.535
51 337 20 16.093
52 836 33 14.583
53 768 15 80.459
54 118 59 78.666
55 486 40 35.74
56 487 60 66.268
57 1124 41 37.438
58 924 60 71.416
59 987 3 29.436
60 389 2 66.664
61 312 14 67.968
62 1308 57 89.667
63 852 28 95.519
64 365 42 70.182
65 775 23 90.257
66 608 24 61.77
67 1041 21 37.613
68 518 21 79.844
69 876 28 86.966
70 519 10 25.226
71 830 55 97.347
72 346 39 19.043
73 1310 3 11.913
74 858 47 38.745
75 1327 42 7.46
76 424 23 44.578
77 541 16 22.595
78 261 59 25.969
79 693 60 79.306
80 334 27 15.579
81 968 41 27.496
82 1384 45 96.852
83 968 12 89.329
84 1127 37 79.109
85 670 35 26.329
86 618 60 16.783
87 259 20 63.46
88 1319 26 38.361
89 1103 57 96.355
90 123 60 92.031
91 840 5 2.905
92 1200 20 39.31
93 111 31 97.406
94 540 28 77.538
95 158 40 92.695
96 749 47 35.249
97 49 52 21.904
98 324 59 29.045
99 122 60 65.831
100 889 21 27.334
101 625 29 53.218
102 1169 60 89.658
103 807 43 29.3
104 504 17 10.724
105 314 26 67.317
106 532 1 86.516
107 1243 45 67.074
108 1103 2 70.968
109 1146 57 71.025
110 1374 25 29.304
111 930 53 26.981
112 488 52 82.043
113 789 57 49.726
114 203 53 11.816
115 45 41 44.509
116 64 21 29.202
117 534 12 66.333
118 153 1 18.017
119 1253 48 58.751
120 273 45 72.22
121 1269 9 87.196
122 660 30 75.055
123 192 34 45.906
124 920 2 96.648
125 95 2 26.427
126 1128 55 45.14
127 369 60 39.838
128 830 14 79.777
129 1160 9 32.159
130 615 32 65.423
131 142 19 27.663
132 482 5 63.263
133 382 58 68.911
134 342 41 83.428
135 536 55 97.123
136 1269 27 57.01
137 801 59 90.735
138 597 44 10.421
139 1279 15 25.111
140 445 7 83.982
141 1112 28 47.485
142 246 43 83.976
143 413 55 53.688
144 197 36 1.678
145 825 20 14.964
146 1196 42 5.808
147 1130 9 22.531
148 165 43 6.462
149 380 19 76.594
150 561 32 59.519