133
1 1129 15 73.55
2 391 5 89.684
3 563 6 19.753
4 404 19 77.91
5 948 11 38.266
6 934 32 19.663
7 257 37 10.223
8 258 45 51.623
9 315 56 43.147
10 1041 27 16.545
11 932 4 66.616
12 339 3 63.846
13 1273 6 97.994
14 1284 42 82.112
15 654 59 71.267
16 405 52 2.461
17 357 37 35.134
18 767 26 97.678
19 371 54 76.171
20 750 27 80.539
21 791 30 46.057
22 595 48 31.392
23 555 40 31.742
24 971 34 14.006
25 618 45 4.889
26 844 1 5.339
27 272 32 88.096
28 1275 52 67.433
29 859 15 46.491
30 916 45 61.317
31 664 2 72.837
32 224 35 93.041
33 1261 54 1.141
34 1145 47 70.327
35 1033 9 21.969
36 342 34 92.845
37 161 52 44.708
38 402 10 46.566
39 300 5 16.648
40 1138 5 57.9
41 1393 59 64.429
42 67 11 43.199
43 596 49 54.634
44 968 10 83.702
45 595 30 2.394
46 648 24 15.76
47 518 53 38.044
48 380 33 39.459
49 1332 6 82.185
50 183 9 96.846
51 458 53 4.664
52 927 47 55.784
53 102 45 16.842
54 978 12 22.959
55 456 14 82.109
56 389 38 7.783
57 426 41 95.421
58 660 14 69.527
59 562 43 38.753
60 448 22 70.585
61 251 38 22.018
62 630 33 82.157
63 141 9 2.561
64 539 40 2.084
65 782 31 46.704
66 1276 30 40.13
67 868 3 71.214
68 353 47 87.655
69 1375 51 35.019
70 1008 7 43.705
71 1185 29 95.8
72 1150 7 23.274
73 1040 50 32.359
74 697 52 52.123
75 1120 51 60.566
76 1071 9 58.099
77 949 50 22.479
78 865 19 42.123
79 1304 16 44.786
80 1297 14 52.784
81 1405 25 61.328
82 513 42 55.341
83 580 1 32.323
84 617 44 92.063
85 84 23 69.717
86 621 7 45.176
87 606 31 54.214
88 1073 13 6.974
89 739 21 9.615
90 702 45 17.407
91 1206 24 9.58
92 413 51 86.654
93 1038 47 36.564
94 579 2 40.071
95 928 44 82.592
96 391 14 12.7
97 940 49 89.413
98 692 12 46.071
99 171 22 26.784
100 858 53 87.188
101 305 26 97.239
102 182 49 15.296
103 1121 51 59.817
104 442 36 92.285
105 439 30 38.296
106 1349 51 55.154
107 345 17 3.202
108 812 47 25.745
109 289 29 13.024
110 295 57 26.339
111 931 8 63.655
112 630 55 20.258
113 685 13 60.096
114 784 54 13.634
115 964 18 68.111
116 494 5 10.277
117 1082 43 49.825
118 14 44 8.135
119 988 46 22.635
120 1178 60 74.353
121 1005 52 27.017
122 1254 14 93.493
123 1209 30 58.381
124 1286 22 18.217
125 207 43 88.808
126 580 14 38.317
127 761 35 37.387
128 1193 37 92.741
129 317 13 22.402
130 528 28 39.105
131 1010 27 29.985
132 257 50 14.758
133 50 30 2.869
