107
1 406 23 41
2 201 40 24
3 758 21 94
4 1423 40 1
5 1032 17 20
6 360 48 32
7 509 34 48
8 829 8 36
9 734 41 66
10 1219 15 13
11 860 50 4
12 440 6 82
13 252 33 13
14 569 29 87
15 1147 48 68
16 1373 53 98
17 1203 29 17
18 121 29 70
19 1290 39 7
20 945 58 53
21 1318 14 33
22 528 30 77
23 147 9 2
24 720 9 35
25 292 8 82
26 1035 6 35
27 6 11 66
28 1014 13 76
29 805 29 69
30 557 3 99
31 433 52 28
32 394 56 18
33 1021 56 37
34 34 11 93
35 927 39 69
36 522 44 81
37 154 35 18
38 742 8 27
39 1139 56 20
40 505 36 70
41 833 11 12
42 1125 37 91
43 103 43 75
44 137 52 92
45 949 47 98
46 1093 42 38
47 1307 51 91
48 811 8 28
49 1414 1 85
50 663 7 44
51 260 22 48
52 995 44 50
53 568 3 15
54 88 21 13
55 89 27 85
56 989 14 73
57 393 45 42
58 1266 7 6
59 976 22 16
60 214 58 83
61 1209 9 4
62 1127 33 82
63 1411 28 97
64 1030 58 78
65 972 15 19
66 1105 28 82
67 110 48 30
68 1318 41 29
69 56 26 92
70 1208 25 17
71 1291 40 61
72 1258 17 57
73 6 33 69
74 680 36 81
75 460 46 21
76 27 45 8
77 500 44 70
78 904 24 11
79 711 28 96
80 1121 6 83
81 1388 30 36
82 734 34 62
83 431 51 6
84 1050 18 77
85 171 50 88
86 207 27 37
87 359 58 18
88 96 10 59
89 235 27 59
90 880 15 40
91 993 43 52
92 133 2 10
93 964 58 12
94 554 48 46
95 987 38 4
96 633 50 16
97 1202 14 99
98 377 22 52
99 133 38 65
100 517 48 70
101 363 23 77
102 521 4 66
103 1104 24 76
104 253 10 55
105 1022 54 12
106 846 34 45
107 933 48 75
