136
1 642 34 35
2 628 55 2
3 601 35 83
4 1252 6 50
5 987 46 85
6 324 34 53
7 1389 44 64
8 1189 21 98
9 1245 21 94
10 743 52 50
11 936 57 24
12 421 46 39
13 1388 15 84
14 942 34 83
15 364 35 69
16 299 8 50
17 970 48 69
18 569 34 85
19 1105 19 13
20 329 48 9
21 55 23 20
22 371 26 99
23 1252 34 5
24 1209 58 98
25 841 48 6
26 1418 32 93
27 1001 48 70
28 1131 39 27
29 1122 28 16
30 84 56 12
31 673 41 78
32 1179 7 89
33 267 39 81
34 1056 28 97
35 124 47 45
36 453 11 97
37 99 12 92
38 550 20 5
39 893 12 10
40 448 10 37
41 636 1 65
42 1077 7 45
43 446 12 3
44 1033 2 35
45 1237 59 1
46 201 42 3
47 630 18 89
48 919 54 48
49 782 54 34
50 921 51 25
51 923 35 88
52 612 2 51
53 174 5 97
54 783 24 79
55 526 60 77
56 1044 17 44
57 582 5 47
58 133 2 25
59 140 40 92
60 615 49 10
61 653 43 70
62 501 47 89
63 1408 3 68
64 757 54 86
65 377 49 8
66 1301 59 57
67 1169 14 76
68 448 10 95
69 861 5 90
70 95 45 41
71 1350 53 8
72 1120 49 2
73 1121 28 81
74 1109 30 46
75 600 33 58
76 1217 5 55
77 205 33 50
78 195 5 5
79 1177 5 11
80 1047 18 3
81 1127 14 50
82 753 2 52
83 783 47 8
84 1221 56 49
85 419 14 89
86 1165 30 7
87 1021 33 4
88 1091 8 42
89 904 13 89
90 1158 12 12
91 385 44 45
92 1168 2 61
93 923 37 2
94 686 29 40
95 185 41 64
96 239 19 94
97 1036 48 53
98 746 56 72
99 1094 33 26
100 1105 37 94
101 860 18 5
102 1337 33 20
103 301 25 41
104 883 35 63
105 98 23 26
106 662 27 8
107 1371 45 43
108 892 41 4
109 1385 15 4
110 786 37 86
111 66 4 7
112 1324 23 73
113 1192 7 82
114 236 44 13
115 448 41 18
116 143 24 53
117 1162 27 82
118 721 51 21
119 755 57 84
120 338 46 92
121 464 8 25
122 503 31 77
123 394 2 16
124 840 7 58
125 1295 55 46
126 56 35 30
127 468 14 97
128 282 16 32
129 484 48 50
130 1215 6 78
131 437 46 98
132 1389 26 20
133 120 23 31
134 470 17 77
135 203 9 44
136 541 32 54
