150
1 716 15 10
2 538 43 2
3 431 45 52
4 500 59 98
5 961 7 3
6 1377 11 56
7 18 1 20
8 752 14 24
9 1132 32 74
10 1205 59 97
11 131 24 20
12 952 55 3
13 188 25 72
14 1354 51 28
15 1098 23 98
16 790 7 93
17 125 5 56
18 501 34 37
19 443 59 69
20 1124 51 89
21 31 56 4
22 375 60 83
23 1175 50 3
24 88 2 30
25 682 46 76
26 1020 5 42
27 1392 38 41
28 135 12 46
29 1077 28 25
30 429 7 53
31 296 59 2
32 387 47 84
33 1411 15 36
34 651 39 49
35 585 12 11
36 897 57 8
37 1167 55 18
38 1318 21 59
39 628 13 25
40 618 23 46
41 1023 33 98
42 912 40 86
43 1304 18 48
44 1399 16 42
45 497 37 16
46 790 46 31
47 1324 60 67
48 843 8 18
49 248 60 37
50 685 17 47
51 236 45 45
52 1145 18 28
53 574 22 3
54 515 32 61
55 728 39 29
56 151 9 71
57 381 41 54
58 1417 22 23
59 104 34 63
60 253 39 70
61 1201 29 37
62 1063 13 28
63 937 28 3
64 504 16 58
65 1060 26 59
66 20 14 96
67 1006 10 10
68 26 42 5
69 1080 42 31
70 1361 5 20
71 1226 4 22
72 422 43 87
73 49 55 57
74 1434 40 13
75 1344 51 78
76 70 52 90
77 1327 24 27
78 548 48 58
79 1173 14 55
80 955 41 79
81 1169 8 67
82 45 21 52
83 1264 12 36
84 220 5 11
85 51 13 50
86 191 8 50
87 160 32 41
88 932 38 92
89 1244 19 50
90 546 34 30
91 1358 34 16
92 1410 38 63
93 71 57 34
94 511 52 20
95 910 19 49
96 1064 13 60
97 211 36 15
98 771 23 76
99 975 11 43
100 336 55 74
101 335 32 61
102 140 7 57
103 831 35 74
104 1079 7 34
105 113 39 50
106 10 56 55
107 146 37 93
108 1322 55 61
109 599 45 8
110 362 29 63
111 602 54 57
112 812 5 32
113 1200 57 15
114 731 32 72
115 687 17 90
116 1286 7 16
117 16 55 19
118 612 28 27
119 996 53 61
120 204 20 92
121 335 49 33
122 1127 16 17
123 957 16 82
124 594 44 35
125 689 5 98
126 974 16 95
127 1331 23 79
128 1215 52 68
129 1358 37 80
130 53 21 94
131 733 41 82
132 452 36 35
133 609 20 58
134 437 49 6
135 824 8 56
136 1141 35 72
137 1141 53 58
138 200 49 41
139 283 52 90
140 1305 33 97
141 181 14 29
142 1349 3 65
143 660 22 15
144 1225 57 10
145 530 43 3
146 1257 26 91
147 737 11 61
148 301 1 96
149 296 40 88
150 111 35 47