150
1 9 9 99
2 18 9 99
3 27 9 99
4 36 9 99
5 45 9 99
6 54 9 99
7 63 9 99
8 72 9 99
9 81 9 99
10 90 9 99
11 99 9 99
12 108 9 99
13 117 9 99
14 126 9 99
15 135 9 99
16 144 9 99
17 153 9 99
18 162 9 99
19 171 9 99
20 180 9 99
21 189 9 99
22 198 9 99
23 207 9 99
24 216 9 99
25 225 9 99
26 234 9 99
27 243 9 99
28 252 9 99
29 261 9 99
30 270 9 99
31 279 9 99
32 288 9 99
33 297 9 99
34 306 9 99
35 315 9 99
36 324 9 99
37 333 9 99
38 342 9 99
39 351 9 99
40 360 9 99
41 369 9 99
42 378 9 99
43 387 9 99
44 396 9 99
45 405 9 99
46 414 9 99
47 423 9 99
48 432 9 99
49 441 9 99
50 450 9 99
51 459 9 99
52 468 9 99
53 477 9 99
54 486 9 99
55 495 9 99
56 504 9 99
57 513 9 99
58 522 9 99
59 531 9 99
60 540 9 99
61 549 9 99
62 558 9 99
63 567 9 99
64 576 9 99
65 585 9 99
66 594 9 99
67 603 9 99
68 612 9 99
69 621 9 99
70 630 9 99
71 639 9 99
72 648 9 99
73 657 9 99
74 666 9 99
75 675 9 99
76 684 9 99
77 693 9 99
78 702 9 99
79 711 9 99
80 720 9 99
81 729 9 99
82 738 9 99
83 747 9 99
84 756 9 99
85 765 9 99
86 774 9 99
87 783 9 99
88 792 9 99
89 801 9 99
90 810 9 99
91 819 9 99
92 828 9 99
93 837 9 99
94 846 9 99
95 855 9 99
96 864 9 99
97 873 9 99
98 882 9 99
99 891 9 99
100 900 9 99
101 909 9 99
102 918 9 99
103 927 9 99
104 936 9 99
105 945 9 99
106 954 9 99
107 963 9 99
108 972 9 99
109 981 9 99
110 990 9 99
111 999 9 99
112 1008 9 99
113 1017 9 99
114 1026 9 99
115 1035 9 99
116 1044 9 99
117 1053 9 99
118 1062 9 99
119 1071 9 99
120 1080 9 99
121 1089 9 99
122 1098 9 99
123 1107 9 99
124 1116 9 99
125 1125 9 99
126 1134 9 99
127 1143 9 99
128 1152 9 99
129 1161 9 99
130 1170 9 99
131 1179 9 99
132 1188 9 99
133 1197 9 99
134 1206 9 99
135 1215 9 99
136 1224 9 99
137 1233 9 99
138 1242 9 99
139 1251 9 99
140 1260 9 99
141 1269 9 99
142 1278 9 99
143 1287 9 99
144 1296 9 99
145 1305 9 99
146 1314 9 99
147 1323 9 99
148 1386 54 99
149 1386 54 99
150 1440 54 20
