150
1 890 48 18.134
2 54 48 90.414
3 154 16 48.818
4 588 45 16.793
5 1257 12 39.553
6 1399 48 31.161
7 771 40 91.019
8 444 52 15.386
9 177 16 53.909
10 1103 30 8.043
11 1037 58 22.451
12 1369 51 79.538
13 705 21 87.157
14 252 47 79.336
15 1127 20 9.144
16 1252 19 52.172
17 636 2 17.445
18 1282 32 82.630
19 490 44 48.654
20 5 27 93.841
21 1284 46 53.671
22 1058 17 7.962
23 665 52 23.510
24 826 23 44.115
25 276 39 12.933
26 839 34 47.939
27 254 34 43.803
28 457 25 98.725
29 1191 20 61.624
30 232 1 52.480
31 885 47 97.397
32 520 4 13.782
33 128 46 25.891
34 467 41 69.117
35 965 1 55.537
36 118 25 21.044
37 485 6 65.746
38 658 60 33.894
39 1255 2 21.838
40 369 13 45.429
41 1350 36 31.138
42 578 37 7.256
43 1147 27 99.179
44 1155 47 50.429
45 906 25 74.371
46 550 4 60.532
47 1398 26 96.893
48 377 42 74.496
49 687 5 20.853
50 829 27 66.646
51 1032 47 19.486
52 1411 9 61.857
53 155 23 53.246
54 309 45 13.545
55 122 3 4.547
56 1148 8 74.493
57 575 26 20.036
58 622 28 87.852
59 39 29 58.394
60 768 24 73.404
61 801 9 6.405
62 23 51 98.018
63 302 4 21.417
64 956 26 3.969
65 825 48 16.931
66 361 57 74.627
67 603 9 19.344
68 1316 38 69.949
69 358 18 23.318
70 1180 11 32.343
71 1035 13 92.812
72 1209 54 0.019
73 1400 34 72.473
74 54 38 57.324
75 145 21 39.191
76 637 37 92.597
77 948 19 35.134
78 1139 12 87.309
79 1241 27 61.654
80 393 54 73.739
81 1135 49 2.417
82 1112 53 72.598
83 1079 33 75.718
84 965 33 86.731
85 589 4 42.993
86 1017 57 75.580
87 698 46 65.099
88 1112 26 99.776
89 764 17 57.765
90 967 20 68.761
91 921 18 92.642
92 1036 20 92.959
93 243 44 88.612
94 104 52 44.509
95 101 13 61.752
96 228 43 73.916
97 441 11 97.778
98 668 8 92.364
99 442 10 93.599
100 577 5 2.443
101 1344 18 68.132
102 1368 49 19.442
103 626 24 51.510
104 112 9 73.719
105 336 2 93.215
106 1182 6 71.669
107 1205 9 3.984
108 680 19 42.279
109 1021 53 92.462
110 485 7 23.765
111 1264 41 13.220
112 1077 15 71.687
113 462 44 95.707
114 141 49 43.653
115 62 57 35.467
116 1116 50 86.475
117 537 50 45.028
118 203 40 5.402
119 1375 44 78.658
120 456 32 65.202
121 744 34 56.696
122 1355 50 64.200
123 892 40 10.570
124 69 59 53.045
125 1331 58 54.825
126 212 34 33.006
127 200 6 16.511
128 779 45 91.502
129 75 17 50.146
130 1287 56 68.102
131 1073 35 60.955
132 536 21 80.143
133 207 11 58.671
134 474 13 43.221
135 3 4 50.522
136 596 50 47.400
137 930 16 37.594
138 805 11 87.081
139 428 19 61.779
140 1144 15 9.175
141 700 21 16.751
142 1394 47 47.854
143 1418 51 6.866
144 1350 57 33.495
145 1209 55 19.730
146 433 56 33.978
147 499 40 17.234
148 614 36 14.527
149 639 36 34.334
150 752 17 16.737