150
1 914 1 68.621
2 409 14 89.803
3 1350 9 83.978
4 346 33 86.095
5 278 59 89.011
6 1095 41 15.523
7 276 48 31.321
8 721 7 6.645
9 637 56 89.282
10 724 54 86.99
11 317 26 46.258
12 1166 42 1.028
13 302 3 65.225
14 1328 20 45.72
15 1092 57 73.782
16 1040 56 64.017
17 1172 24 46.261
18 225 19 98.085
19 514 30 21.623
20 1086 31 32.371
21 456 54 82.034
22 181 13 97.824
23 988 25 16.206
24 350 29 20.623
25 487 56 90.116
26 1144 3 99.362
27 73 35 24.9
28 149 42 95.712
29 968 47 19.499
30 1045 41 80.654
31 1019 6 13.723
32 16 30 89.112
33 1317 50 58.509
34 493 53 53.461
35 1292 43 34.234
36 903 19 11.365
37 1005 43 81.339
38 758 6 48.813
39 1183 58 42.294
40 542 60 26.144
41 900 35 7.966
42 102 25 61.335
43 961 11 97.801
44 659 28 0.275
45 293 7 11.521
46 206 25 22.406
47 533 5 82.648
48 60 50 40.415
49 1187 56 75.632
50 187 35 27.279
51 358 52 17.688
52 791 28 78.68
53 1293 6 18.625
54 1182 42 42.518
55 392 48 89.632
56 889 56 26.275
57 294 53 62.992
58 442 11 49.145
59 811 26 68.703
60 483 31 25.061
61 730 31 19.541
62 630 20 61.904
63 1316 41 57.909
64 419 57 85.819
65 135 24 17.743
66 299 41 28.343
67 665 25 10.158
68 1179 2 83.845
69 876 41 84.151
70 1106 42 10.875
71 460 2 60.531
72 499 39 13.711
73 952 19 17.488
74 247 47 79.425
75 131 32 75.492
76 493 31 6.333
77 676 16 93.474
78 386 27 94.927
79 10 49 12.861
80 417 36 36.803
81 690 10 76.843
82 208 21 17.938
83 473 54 28.946
84 1046 35 35.819
85 818 20 53.793
86 610 55 64.522
87 1348 22 67.66
88 563 28 77.322
89 120 38 29.015
90 1123 58 47.407
91 445 59 45.036
92 169 35 48.533
93 685 14 75.648
94 988 8 73.835
95 781 15 33.324
96 183 26 64.285
97 227 58 26.412
98 1236 45 7.595
99 1376 29 95.256
100 453 1 90.783
101 671 33 26.624
102 1365 48 1.04
103 837 53 64.125
104 177 3 61.053
105 129 50 51.081
106 938 2 84.798
107 543 59 52.628
108 623 3 12.188
109 386 40 83.645
110 1062 9 29.704
111 1274 60 46.831
112 1189 43 59.727
113 280 25 17.682
114 292 59 42.35
115 597 46 8.827
116 115 22 65.217
117 695 27 68.717
118 16 12 67.855
119 432 46 38.072
120 240 51 13.043
121 733 37 94.546
122 1414 26 85.348
123 1135 3 46.426
124 776 39 9.804
125 746 4 15.311
126 8 39 16.943
127 57 54 29.596
128 720 45 90.197
129 201 8 92.213
130 1366 2 40.239
131 582 8 59.9
132 489 32 9.658
133 328 16 58.006
134 2 25 96.308
135 497 44 45.906
136 145 22 62.083
137 145 22 16.785
138 263 47 53.935
139 585 17 13.123
140 1227 42 99.647
141 153 16 81.904
142 1008 17 92.665
143 1221 17 98.942
144 1289 42 86.241
145 306 11 98.261
146 1296 18 69.931
147 471 28 68.346
148 1011 27 56.311
149 384 28 56.145
150 53 34 76.99