125
1 1301 55 16.5
2 377 60 95.0
3 307 39 39.181
4 249 12 60.0
5 677 26 26.193
6 1149 43 35.1
7 113 9 30.0
8 1393 14 90.05
9 376 28 23.0
10 951 53 92.0
11 332 49 71.4
12 1273 13 21.394
13 709 14 23.0
14 1236 44 49.247
15 432 12 8.66
16 379 40 89.7
17 1143 16 68.59
18 1322 9 78.08
19 1235 7 32.32
20 563 59 75.57
21 1136 3 22.992
22 815 6 76.9
23 1322 38 31.0
24 143 35 95.956
25 1425 4 75.2
26 237 50 63.0
27 1177 8 43.47
28 940 55 81.765
29 943 36 13.1
30 211 24 75.17
31 114 26 27.7
32 1162 55 27.183
33 975 38 4.03
34 724 16 27.24
35 994 41 82.91
36 1381 55 38.231
37 863 49 83.465
38 753 30 15.0
39 1182 37 47.0
40 1129 58 13.6
41 1080 32 76.0
42 171 39 10.4
43 705 15 66.92
44 428 13 75.5
45 792 17 86.7
46 308 45 31.8
47 91 43 36.603
48 1092 54 53.664
49 1372 36 44.511
50 265 18 84.1
51 1152 26 21.0
52 396 8 63.2
53 719 53 49.32
54 289 41 27.5
55 1422 56 95.062
56 585 43 74.6
57 459 48 32.0
58 621 17 53.5
59 1194 49 50.011
60 922 10 63.251
61 221 47 21.4
62 571 24 39.554
63 818 24 78.59
64 741 47 1.79
65 1250 4 90.9
66 275 17 66.957
67 1034 14 64.0
68 974 45 37.51
69 187 42 97.91
70 1110 18 88.6
71 1115 59 26.713
72 830 52 35.4
73 814 6 79.0
74 179 30 4.56
75 817 15 1.3
76 432 41 49.1
77 1381 7 93.31
78 491 26 48.0
79 678 35 43.0
80 628 37 28.0
81 398 40 25.0
82 678 57 22.828
83 247 48 6.16
84 274 31 89.279
85 1375 33 97.537
86 667 21 69.493
87 131 48 29.9
88 46 20 13.165
89 1295 46 23.9
90 945 47 47.0
91 602 52 45.685
92 786 50 49.4
93 1131 8 42.7
94 145 54 27.865
95 1377 28 72.1
96 812 25 26.97
97 295 14 38.525
98 622 42 48.0
99 677 44 25.56
100 1000 58 9.1
101 408 38 72.0
102 368 3 10.668
103 613 17 85.13
104 1201 35 97.764
105 564 10 50.0
106 217 6 15.7
107 1008 41 76.99
108 183 42 65.977
109 117 27 24.0
110 384 29 27.286
111 1228 48 48.2
112 1088 3 13.729
113 783 44 80.0
114 404 7 58.53
115 415 54 74.0
116 13 14 12.52
117 27 18 83.9
118 651 57 12.837
119 536 46 43.2
120 1297 25 17.21
121 1318 29 3.79
122 1331 18 70.936
123 755 53 51.0
124 1124 17 22.97
125 901 27 70.856
