150
1 663 10 84.722
2 911 25 66.293
3 986 24 52.316
4 512 30 9.714
5 761 30 80.806
6 219 28 97.458
7 1080 48 6.134
8 661 43 2.996
9 574 34 91.873
10 335 60 66.856
11 324 30 34.559
12 1098 58 72.296
13 834 30 91.19
14 886 51 89.137
15 527 51 78.283
16 1359 28 50.564
17 61 20 78.78
18 1160 1 30.352
19 499 23 7.104
20 709 46 27.245
21 557 35 68.417
22 332 35 75.327
23 7 33 39.293
24 208 42 71.649
25 1032 43 41.387
26 914 9 9.329
27 1367 54 64.01
28 591 57 91.544
29 296 31 66.761
30 205 9 71.541
31 1320 48 99.392
32 1212 27 59.912
33 229 36 66.952
34 337 32 83.227
35 228 5 37.002
36 232 37 89.77
37 1054 30 89.446
38 204 25 27.053
39 1355 45 94.516
40 677 21 62.07
41 640 46 30.85
42 618 1 55.655
43 686 43 22.841
44 1294 34 14.907
45 165 45 47.784
46 768 29 37.352
47 894 22 91.305
48 1273 42 83.619
49 152 57 80.647
50 1243 2 4.791
51 816 33 5.104
52 1276 3 40.817
53 1160 3 10.906
54 76 54 58.371
55 1251 47 92.932
56 1035 49 23.004
57 81 26 70.328
58 1196 1 90.432
59 486 20 39.47
60 945 32 46.154
61 1083 26 21.45
62 236 2 38.488
63 296 48 27.408
64 1151 20 6.462
65 591 30 32.558
66 577 52 46.203
67 1371 46 96.704
68 32 1 34.467
69 904 54 77.628
70 772 44 9.322
71 25 58 25.005
72 1293 49 20.827
73 622 24 1.885
74 622 29 10.45
75 602 1 82.435
76 1008 26 60.268
77 417 6 7.04
78 1172 43 1.347
79 524 16 16.438
80 597 42 66.556
81 1049 31 26.77
82 273 25 74.318
83 140 7 77.894
84 1170 13 95.833
85 621 7 82.627
86 1016 32 75.321
87 239 43 8.443
88 464 16 78.241
89 1234 25 33.319
90 831 52 50.548
91 996 33 70.749
92 814 53 98.491
93 719 59 56.176
94 467 7 85.571
95 1407 23 18.399
96 619 6 84.872
97 850 21 28.64
98 729 51 91.49
99 293 13 70.171
100 476 39 63.177
101 675 3 9.729
102 222 24 16.122
103 183 14 74.626
104 776 48 7.118
105 166 50 56.675
106 929 9 9.863
107 931 5 25.272
108 6 55 70.012
109 454 19 50.331
110 254 4 55.708
111 824 52 14.003
112 1075 22 13.895
113 723 42 44.438
114 330 13 80.766
115 1033 32 91.07
116 1379 54 61.667
117 198 49 98.468
118 540 54 2.672
119 320 2 33.552
120 732 43 85.478
121 1057 37 1.517
122 528 36 28.466
123 1146 17 11.094
124 838 12 10.296
125 924 24 45.609
126 1204 6 15.761
127 1227 36 77.619
128 424 21 55.43
129 810 21 60.752
130 612 53 26.468
131 812 58 10.805
132 355 11 58.776
133 964 60 81.245
134 685 10 51.855
135 561 11 67.298
136 719 44 28.613
137 352 36 72.969
138 1291 12 64.394
139 639 32 20.938
140 732 57 46.052
141 111 17 14.788
142 176 2 56.623
143 1244 8 3.743
144 949 14 97.54
145 1015 33 93.663
146 1088 42 60.173
147 789 50 74.932
148 835 2 51.321
149 1193 6 42.759
150 215 57 99.129