150
1 67 33 27.504
2 65 32 93.770
3 1197 2 40.796
4 702 8 44.508
5 217 12 89.116
6 851 43 75.227
7 1427 59 82.210
8 1078 18 63.701
9 908 57 0.435
10 576 21 13.770
11 1366 28 30.314
12 908 16 21.293
13 1059 45 47.643
14 1015 4 64.191
15 1001 60 54.522
16 414 20 27.053
17 1184 44 35.706
18 834 58 43.538
19 641 33 11.249
20 422 9 15.829
21 1321 5 27.464
22 559 11 49.101
23 915 6 46.268
24 419 14 21.448
25 737 23 64.122
26 490 48 94.609
27 1364 16 16.193
28 1424 12 59.601
29 1070 29 98.672
30 288 19 2.421
31 727 3 72.980
32 106 58 70.056
33 405 12 98.872
34 893 29 14.542
35 1105 54 80.824
36 13 43 93.561
37 152 24 1.481
38 973 6 10.578
39 1207 38 59.386
40 662 1 83.911
41 1310 3 24.317
42 606 42 45.231
43 222 30 72.627
44 961 23 80.470
45 10 7 67.914
46 731 54 43.470
47 25 16 7.364
48 716 27 91.626
49 1090 43 63.236
50 1394 11 16.098
51 1054 44 10.600
52 497 8 64.518
53 680 29 47.211
54 910 1 83.706
55 160 31 79.924
56 975 4 41.420
57 195 8 72.701
58 732 47 21.913
59 372 57 25.999
60 865 54 28.224
61 790 6 84.553
62 521 21 65.625
63 111 11 51.259
64 1060 28 25.362
65 39 38 18.342
66 577 16 35.480
67 870 44 14.135
68 1396 9 96.570
69 184 15 3.449
70 273 43 74.062
71 268 30 72.696
72 1390 3 75.931
73 1104 2 77.182
74 292 41 5.046
75 183 33 27.110
76 1359 1 38.469
77 1235 47 41.516
78 617 31 52.924
79 1274 35 4.790
80 114 25 84.827
81 1028 28 19.040
82 714 5 86.453
83 234 21 57.632
84 885 41 15.376
85 1385 7 89.906
86 1014 53 73.476
87 733 55 65.313
88 115 57 94.005
89 6 23 16.324
90 1431 50 60.149
91 965 8 63.819
92 1002 47 27.292
93 639 18 86.144
94 699 13 12.455
95 1304 48 43.397
96 1206 45 9.041
97 1401 11 32.467
98 1070 34 82.820
99 619 24 85.015
100 820 5 5.974
101 505 52 10.520
102 124 55 89.857
103 785 34 29.541
104 703 51 84.680
105 739 41 38.811
106 1011 14 23.935
107 32 19 98.636
108 884 13 5.393
109 507 6 35.976
110 767 11 16.635
111 875 56 11.751
112 1073 48 32.790
113 1063 8 10.013
114 459 19 36.936
115 1320 45 68.026
116 945 9 39.499
117 522 32 81.572
118 1413 4 1.976
119 586 18 87.629
120 656 37 2.393
121 8 28 47.966
122 186 7 15.294
123 1159 13 31.314
124 1260 26 17.244
125 712 8 19.404
126 1205 28 70.507
127 978 25 42.543
128 673 44 82.115
129 1324 46 84.271
130 99 23 83.242
131 960 39 81.308
132 44 16 24.828
133 858 16 85.013
134 977 17 39.210
135 1095 52 43.703
136 104 58 74.863
137 694 22 11.187
138 267 11 71.363
139 249 28 86.415
140 179 39 5.274
141 548 20 41.441
142 765 13 4.040
143 781 7 0.383
144 200 43 94.696
145 874 50 91.061
146 725 34 26.847
147 917 51 2.537
148 165 15 85.210
149 747 31 46.620
150 62 2 86.393
