117
1 628 42 27
2 381 7 73
3 1005 54 30
4 1284 1 68
5 279 13 71
6 435 1 32
7 199 37 23
8 548 50 4
9 659 19 82
10 1268 6 33
11 1382 56 72
12 1154 29 84
13 248 18 69
14 618 18 81
15 1038 13 77
16 118 48 81
17 245 54 3
18 233 9 43
19 752 48 91
20 210 44 18
21 987 3 12
22 1404 55 12
23 236 24 33
24 310 21 44
25 1116 60 32
26 297 47 3
27 470 54 53
28 1190 11 40
29 421 18 85
30 980 33 63
31 824 32 64
32 302 3 28
33 558 27 15
34 783 32 24
35 914 25 6
36 48 43 59
37 789 35 23
38 978 1 34
39 297 29 37
40 316 40 85
41 989 49 89
42 1188 40 33
43 545 12 61
44 1195 5 51
45 704 22 52
46 155 35 3
47 1228 25 32
48 41 33 74
49 1258 47 20
50 246 22 57
51 1014 24 55
52 961 50 67
53 1234 21 89
54 1345 49 21
55 1398 41 18
56 1430 13 91
57 165 23 30
58 422 28 38
59 745 15 7
60 1083 31 58
61 1182 52 58
62 565 34 7
63 387 1 45
64 1054 51 9
65 1128 25 20
66 1078 44 7
67 312 50 4
68 767 10 23
69 1119 42 66
70 531 14 12
71 523 12 10
72 1191 2 7
73 833 13 10
74 1366 45 81
75 923 51 97
76 1338 58 59
77 407 27 83
78 1177 33 54
79 217 9 30
80 443 38 3
81 635 6 36
82 561 35 43
83 578 56 97
84 757 43 50
85 409 42 45
86 1227 21 81
87 1190 22 23
88 124 37 77
89 1088 4 93
90 628 41 51
91 1065 27 59
92 1208 37 9
93 479 42 97
94 1349 26 81
95 1088 21 8
96 576 19 14
97 1084 51 97
98 701 8 1
99 874 54 57
100 619 52 38
101 155 12 6
102 555 53 90
103 531 32 58
104 219 53 96
105 1347 51 94
106 64 31 36
107 413 47 4
108 1366 35 74
109 1326 45 91
110 970 10 94
111 952 26 14
112 169 48 19
113 1137 51 13
114 916 11 80
115 816 47 12
116 888 25 83
117 717 41 39
