150
1 280 54 16.294
2 640 41 65.080
3 1054 17 78.205
4 1179 17 79.983
5 1220 40 62.732
6 585 37 59.412
7 6 24 18.100
8 1158 58 91.030
9 887 29 83.644
10 1276 27 90.812
11 588 56 79.145
12 976 47 4.515
13 8 4 73.264
14 1143 35 69.531
15 24 4 17.049
16 1040 16 82.026
17 943 4 57.032
18 1143 22 3.958
19 1201 29 98.510
20 218 13 60.443
21 893 32 57.663
22 737 18 97.267
23 1380 13 3.225
24 1218 50 2.793
25 710 45 15.931
26 1104 52 50.198
27 632 3 71.950
28 231 8 87.457
29 1327 49 16.744
30 342 2 90.310
31 1264 41 43.099
32 270 17 23.219
33 1423 44 8.115
34 972 39 94.224
35 302 35 56.502
36 842 58 81.876
37 1269 46 97.056
38 626 38 20.869
39 650 27 4.084
40 256 48 16.087
41 681 20 90.118
42 1 34 47.913
43 1252 11 48.819
44 737 31 53.765
45 976 32 36.543
46 198 32 69.092
47 1314 34 17.918
48 1028 8 54.255
49 856 26 34.408
50 36 35 70.597
51 1259 38 59.127
52 1281 42 1.006
53 1418 58 2.674
54 424 48 7.884
55 787 22 39.216
56 828 8 91.488
57 306 29 6.303
58 897 58 19.294
59 156 13 2.228
60 900 31 50.969
61 1391 49 67.804
62 1223 7 52.189
63 1011 10 73.921
64 833 22 84.609
65 28 36 53.362
66 424 30 57.802
67 355 20 18.701
68 150 9 46.002
69 949 19 7.666
70 208 43 17.414
71 753 45 45.183
72 1285 17 3.748
73 222 9 13.987
74 443 40 98.136
75 818 26 61.686
76 618 47 6.175
77 624 7 77.916
78 1268 29 75.168
79 1017 4 3.994
80 1130 44 98.960
81 678 44 37.855
82 1379 39 37.262
83 1355 24 0.053
84 282 10 14.958
85 587 52 23.848
86 976 33 70.356
87 1162 50 17.603
88 846 30 73.874
89 311 50 16.797
90 1236 54 92.718
91 136 4 97.777
92 673 15 95.330
93 226 51 11.330
94 523 18 95.361
95 252 31 72.873
96 1257 19 50.826
97 846 2 48.444
98 1196 40 88.055
99 452 13 42.183
100 5 19 7.674
101 523 5 58.157
102 1262 28 17.656
103 688 59 24.688
104 28 49 70.718
105 932 18 78.159
106 1024 32 32.686
107 1002 12 29.398
108 420 45 12.259
109 506 16 11.458
110 665 22 41.764
111 357 24 49.473
112 204 8 5.570
113 130 59 15.743
114 250 35 33.535
115 1028 53 79.907
116 205 50 2.256
117 580 49 26.791
118 745 58 68.855
119 661 37 71.077
120 280 35 85.454
121 1303 24 74.348
122 464 2 63.220
123 734 44 49.943
124 628 29 17.047
125 859 29 22.235
126 1328 57 60.339
127 671 16 57.087
128 1418 18 75.452
129 608 2 80.693
130 90 39 25.428
131 952 37 66.443
132 120 4 43.266
133 1401 29 53.015
134 1239 22 62.137
135 302 16 78.832
136 684 55 17.530
137 14 28 69.093
138 914 28 69.500
139 707 43 7.609
140 286 31 25.411
141 982 50 71.814
142 41 46 19.971
143 760 36 15.677
144 658 5 40.681
145 622 56 63.927
146 125 4 50.902
147 847 43 16.903
148 416 30 91.261
149 499 31 47.415
150 1180 23 55.518