145
1 1414 10 8
2 625 31 4
3 1377 32 31
4 772 17 48
5 529 18 7
6 514 49 45
7 689 25 7
8 1388 27 58
9 401 18 52
10 1039 25 8
11 349 42 82
12 687 58 58
13 498 39 56
14 1398 38 86
15 1411 37 90
16 1099 46 28
17 101 16 46
18 1196 31 49
19 152 11 78
20 468 52 47
21 381 59 4
22 26 17 72
23 339 48 76
24 288 57 93
25 1354 12 14
26 744 52 58
27 94 22 44
28 836 45 55
29 148 11 13
30 770 18 17
31 157 18 63
32 647 39 8
33 70 39 21
34 947 52 40
35 335 34 28
36 361 29 86
37 522 20 71
38 659 17 28
39 1205 44 14
40 727 43 19
41 1187 15 42
42 631 28 6
43 473 32 14
44 1101 49 75
45 140 8 61
46 142 32 63
47 360 54 17
48 715 45 51
49 1337 18 12
50 342 13 75
51 32 18 68
52 542 39 96
53 40 34 78
54 754 12 83
55 150 48 37
56 1347 37 90
57 1098 54 85
58 635 29 46
59 177 51 74
60 763 29 71
61 1130 7 32
62 632 35 68
63 44 35 35
64 1262 4 86
65 483 28 41
66 285 13 22
67 1208 10 69
68 526 45 15
69 390 26 37
70 1116 20 56
71 614 11 95
72 1367 60 27
73 909 52 97
74 993 18 46
75 99 9 64
76 887 33 67
77 1172 51 89
78 1249 21 16
79 732 20 95
80 751 48 41
81 39 33 41
82 56 53 49
83 517 56 53
84 1134 58 67
85 67 26 69
86 418 48 5
87 926 7 75
88 447 22 4
89 1148 48 82
90 1182 2 2
91 882 26 59
92 235 5 3
93 620 58 30
94 468 33 25
95 775 8 29
96 221 22 30
97 1324 39 67
98 163 54 36
99 557 48 43
100 212 5 30
101 1372 23 49
102 634 18 11
103 407 55 97
104 933 12 47
105 708 14 61
106 799 40 99
107 501 2 22
108 1420 3 25
109 108 41 21
110 826 37 11
111 24 10 20
112 1378 15 74
113 76 53 55
114 872 10 72
115 1171 27 88
116 660 24 39
117 193 57 88
118 1341 60 66
119 762 5 14
120 1039 49 38
121 1038 31 3
122 285 47 92
123 821 59 17
124 369 26 14
125 761 31 89
126 168 49 53
127 1111 50 47
128 300 2 47
129 476 35 97
130 857 10 46
131 1089 51 7
132 142 12 61
133 1120 2 29
134 126 53 24
135 978 54 50
136 1344 24 54
137 712 12 73
138 1029 41 46
139 263 53 53
140 928 11 46
141 1420 53 42
142 1164 45 33
143 21 53 15
144 181 3 91
145 1360 18 64