143
1 440 3 51.559
2 730 33 84.17
3 1218 11 16.193
4 1125 4 0.328
5 375 42 94.86
6 1273 28 92.547
7 1258 51 1.469
8 746 40 21.114
9 1196 18 99.147
10 699 46 33.53
11 848 5 34.136
12 452 6 62.722
13 613 41 36.909
14 1225 29 34.698
15 624 46 82.719
16 812 42 60.749
17 684 43 56.413
18 128 5 47.559
19 972 20 38.023
20 1188 40 5.973
21 589 21 36.388
22 816 55 85.279
23 1091 38 41.099
24 1299 35 88.651
25 904 40 17.714
26 5 4 28.517
27 19 3 42.91
28 345 58 45.781
29 169 5 95.844
30 66 48 84.16
31 109 14 24.216
32 247 58 42.214
33 419 41 9.737
34 272 58 32.262
35 739 4 10.617
36 1435 56 28.603
37 968 22 5.939
38 1148 24 48.475
39 263 21 77.744
40 316 31 76.059
41 956 21 52.708
42 808 28 96.445
43 1145 60 2.041
44 602 57 77.207
45 1389 2 44.73
46 1327 36 77.937
47 526 20 88.559
48 1292 9 65.329
49 510 23 33.676
50 473 58 0.213
51 950 42 81.076
52 903 37 53.456
53 1105 3 11.303
54 1192 5 10.448
55 347 57 22.407
56 904 21 98.648
57 1139 60 30.105
58 538 11 25.49
59 603 48 24.268
60 617 34 86.413
61 280 9 22.996
62 611 38 58.857
63 352 7 83.142
64 954 25 59.665
65 111 27 28.742
66 1340 33 91.208
67 605 23 26.031
68 855 25 0.226
69 795 38 98.325
70 167 32 4.627
71 76 24 63.287
72 401 44 30.66
73 1092 51 32.662
74 722 41 12.661
75 647 34 37.409
76 313 13 41.622
77 1066 7 45.867
78 688 39 20.597
79 621 30 25.322
80 648 37 62.718
81 978 18 54.172
82 1101 16 59.249
83 18 9 60.172
84 181 52 14.655
85 597 44 39.08
86 873 36 53.303
87 732 24 57.785
88 661 55 34.709
89 158 50 82.785
90 13 7 92.095
91 970 56 44.261
92 934 3 35.43
93 128 24 66.893
94 652 33 44.452
95 138 35 66.839
96 391 29 59.352
97 99 8 62.112
98 488 55 68.819
99 273 6 79.084
100 1255 48 96.946
101 1069 51 13.316
102 55 44 20.907
103 651 33 39.166
104 1198 37 67.347
105 1192 5 50.399
106 10 4 46.839
107 841 54 34.147
108 1288 45 34.135
109 1008 37 58.186
110 332 11 91.872
111 1224 9 88.38
112 876 23 54.819
113 444 16 86.99
114 1107 45 31.74
115 377 54 36.137
116 684 38 14.127
117 1321 22 59.954
118 845 36 19.523
119 984 23 27.435
120 196 58 81.977
121 1135 42 5.555
122 176 13 57.69
123 1400 31 53.437
124 152 59 0.097
125 1420 44 47.343
126 1002 9 16.941
127 270 17 13.609
128 639 8 52.545
129 1134 30 50.691
130 747 27 88.37
131 1329 42 4.184
132 1128 23 96.339
133 577 34 83.442
134 660 20 46.893
135 420 54 28.513
136 967 32 80.965
137 486 2 78.301
138 577 25 54.144
139 751 45 57.4
140 1094 12 8.836
141 1188 25 33.147
142 1160 46 88.207
143 1050 12 18.755
