115
1 647 55 83
2 713 12 31
3 1050 42 23
4 370 6 42
5 858 41 9
6 961 42 46
7 1295 4 80
8 1284 56 2
9 698 15 11
10 44 51 27
11 469 31 30
12 419 47 6
13 893 18 2
14 1110 49 47
15 1143 37 24
16 1160 29 4
17 466 50 29
18 17 54 63
19 1046 15 40
20 1004 27 79
21 1361 3 52
22 99 41 92
23 465 9 73
24 1038 38 18
25 332 46 72
26 938 40 17
27 139 53 77
28 601 43 79
29 774 32 95
30 935 20 96
31 200 39 53
32 887 4 68
33 80 3 48
34 213 40 63
35 127 21 92
36 993 21 91
37 1440 20 90
38 773 16 88
39 413 21 94
40 728 25 68
41 1435 26 39
42 1022 38 15
43 351 9 97
44 826 19 34
45 4 36 84
46 299 50 88
47 1411 20 52
48 857 60 66
49 301 24 21
50 1159 40 22
51 691 45 99
52 220 54 74
53 1058 58 2
54 1393 46 48
55 1266 31 75
56 84 54 72
57 638 19 2
58 1092 13 18
59 1278 39 72
60 1282 45 49
61 467 53 96
62 814 59 27
63 628 19 95
64 2 5 36
65 1100 8 56
66 953 49 3
67 1406 9 55
68 911 51 54
69 1036 38 77
70 1134 22 92
71 845 46 21
72 523 20 77
73 854 57 25
74 218 47 86
75 1050 38 43
76 346 33 4
77 1437 24 20
78 1339 18 21
79 426 60 81
80 393 54 19
81 26 22 85
82 831 17 83
83 1418 30 76
84 882 40 65
85 1286 48 52
86 977 56 76
87 1182 53 24
88 1233 50 47
89 229 29 55
90 1327 27 36
91 1244 2 14
92 887 11 44
93 1137 40 17
94 1110 31 19
95 1253 45 69
96 192 34 42
97 1182 47 47
98 744 41 90
99 499 7 71
100 39 7 81
101 88 31 71
102 1007 50 93
103 32 23 7
104 223 9 40
105 165 17 22
106 1427 7 65
107 300 25 86
108 24 26 45
109 1329 14 98
110 1086 51 78
111 526 21 63
112 932 32 96
113 428 5 48
114 1179 33 28
115 472 38 51
