150
1 1107 26 44.974
2 82 44 72.892
3 1366 9 90.894
4 380 46 15.882
5 442 34 90.064
6 119 37 66.951
7 633 37 31.515
8 616 8 84.455
9 1303 39 52.178
10 1173 43 73.189
11 773 36 74.633
12 519 45 96.635
13 1202 6 37.56
14 155 35 74.079
15 1125 24 21.809
16 736 29 57.229
17 1077 50 79.231
18 1253 9 16.674
19 59 54 85.957
20 290 10 39.37
21 1128 29 52.821
22 778 47 94.282
23 610 23 24.399
24 676 3 50.668
25 460 8 49.088
26 563 59 59.256
27 886 21 22.423
28 1061 43 43.762
29 1364 38 43.82
30 663 9 90.534
31 1014 40 26.045
32 553 13 88.517
33 1305 50 9.647
34 867 49 55.181
35 755 56 51.887
36 941 42 10.61
37 468 51 83.811
38 859 60 14.78
39 777 35 73.414
40 692 9 97.649
41 633 32 87.342
42 336 45 30.516
43 922 3 73.647
44 1122 27 55.404
45 1007 20 53.222
46 395 22 7.534
47 165 57 17.384
48 420 22 84.858
49 1226 49 66.529
50 896 22 24.131
51 928 40 28.223
52 821 52 44.694
53 362 28 1.675
54 125 3 25.038
55 1147 41 37.177
56 320 52 8.301
57 576 29 11.501
58 159 29 63.424
59 361 17 51.201
60 234 36 72.217
61 568 39 52.293
62 671 41 58.527
63 733 55 75.794
64 465 41 73.761
65 1179 56 20.7
66 964 19 61.254
67 157 9 69.646
68 1422 6 26.232
69 810 52 50.479
70 367 56 8.591
71 985 59 14.995
72 391 46 25.446
73 782 26 71.387
74 828 53 57.77
75 1117 55 57.47
76 385 40 81.733
77 56 33 18.008
78 585 24 28.25
79 497 41 77.133
80 421 16 25.819
81 147 9 37.373
82 734 58 18.446
83 469 32 30.993
84 1227 33 72.096
85 101 48 18.709
86 140 21 47.147
87 141 42 19.946
88 735 46 45.216
89 458 9 37.144
90 1288 43 71.098
91 259 18 83.344
92 302 48 15.706
93 1206 59 17.404
94 1062 1 4.67
95 302 60 57.664
96 709 1 36.675
97 667 28 28.481
98 993 16 62.51
99 211 37 20.414
100 1258 40 36.826
101 1418 56 26.238
102 1092 34 80.082
103 352 4 36.071
104 271 33 13.112
105 278 16 5.567
106 1183 49 60.566
107 529 43 71.384
108 1261 9 84.912
109 1327 52 40.413
110 515 55 84.595
111 937 5 85.593
112 384 56 32.712
113 715 8 37.906
114 408 20 19.44
115 716 47 36.067
116 840 56 16.537
117 93 29 91.197
118 814 31 78.911
119 586 54 61.56
120 295 18 32.702
121 937 2 53.645
122 693 41 11.554
123 516 41 65.063
124 158 8 29.729
125 349 5 93.023
126 136 25 50.288
127 1290 45 45.423
128 1397 12 72.196
129 1102 19 64.217
130 1101 60 75.042
131 87 21 80.179
132 785 50 77.073
133 1117 8 56.283
134 1189 58 6.472
135 932 15 46.628
136 361 55 5.877
137 77 59 3.446
138 787 57 83.863
139 1180 44 68.259
140 959 52 60.244
141 931 21 76.013
142 1080 6 23.302
143 909 19 99.947
144 1071 19 42.872
145 167 25 36.444
146 1086 54 72.15
147 755 30 31.509
148 1432 7 59.43
149 268 16 54.976
150 1128 60 2.596
