150
1 676 56 45.796
2 343 34 13.085
3 1259 46 54.788
4 1332 15 70.963
5 1302 33 96.447
6 367 23 97.301
7 308 43 42.276
8 1333 9 91.842
9 661 11 94.398
10 737 2 61.221
11 80 57 38.488
12 304 60 79.537
13 158 27 65.578
14 884 35 65.588
15 589 56 27.45
16 816 40 52.254
17 483 35 53.855
18 394 52 79.765
19 63 35 59.925
20 1030 16 82.409
21 1427 26 26.694
22 454 35 37.436
23 318 36 38.549
24 857 17 11.741
25 1372 57 96.758
26 950 3 99.688
27 794 4 95.249
28 1202 4 81.517
29 807 37 9.709
30 1339 28 68.008
31 1435 17 66.816
32 1245 5 51.44
33 512 23 85.795
34 489 10 57.448
35 295 56 15.014
36 648 52 61.356
37 1146 21 91.121
38 440 15 64.249
39 591 6 1.122
40 394 2 72.503
41 1126 36 51.908
42 1141 52 55.472
43 394 37 45.784
44 1270 18 48.394
45 496 48 78.862
46 580 46 0.24
47 75 20 89.733
48 646 57 91.405
49 463 56 3.047
50 443 1 80.38
51 189 26 28.685
52 736 31 7.244
53 1023 54 49.581
54 256 30 90.118
55 1020 58 81.831
56 625 18 97.984
57 1196 35 55.46
58 286 9 95.074
59 990 9 85.642
60 105 28 53.053
61 347 41 28.561
62 42 51 62.673
63 1114 58 49.588
64 1170 41 60.911
65 648 53 82.75
66 395 2 52.229
67 1169 51 0.745
68 1353 9 33.593
69 637 27 37.461
70 1263 36 12.061
71 60 59 92.655
72 1419 56 36.936
73 1144 60 84.312
74 523 56 49.417
75 123 22 37.626
76 14 17 81.478
77 193 14 81.951
78 578 13 62.346
79 125 20 84.381
80 960 3 4.75
81 709 42 56.37
82 1350 50 66.852
83 719 44 9.066
84 367 42 24.964
85 1372 32 74.702
86 279 37 54.679
87 1314 12 65.601
88 503 43 15.471
89 488 43 49.047
90 1429 48 45.749
91 702 6 24.357
92 549 27 93.007
93 1265 23 76.866
94 646 59 70.633
95 1202 3 75.366
96 328 19 82.412
97 1252 45 26.43
98 370 1 94.515
99 580 18 58.286
100 658 27 16.686
101 46 37 6.564
102 211 44 43.601
103 611 40 76.105
104 981 9 14.405
105 257 58 83.336
106 20 2 4.614
107 1064 5 3.788
108 671 40 62.584
109 649 39 2.002
110 554 7 80.501
111 755 3 79.715
112 1021 14 29.503
113 364 18 21.267
114 1360 40 77.763
115 563 48 99.625
116 1092 13 16.033
117 263 53 97.861
118 1265 59 33.698
119 71 38 52.895
120 885 35 42.157
121 1279 17 25.492
122 892 22 14.629
123 170 11 20.126
124 383 24 51.16
125 687 55 83.66
126 479 21 16.724
127 596 36 47.201
128 1230 25 54.011
129 1406 30 23.47
130 383 36 72.479
131 175 27 61.593
132 1184 22 77.333
133 1053 53 13.593
134 907 30 5.075
135 46 31 67.178
136 775 12 34.59
137 377 15 6.829
138 192 25 86.59
139 457 5 16.152
140 250 51 67.935
141 674 21 62.804
142 231 5 89.148
143 278 54 45.326
144 1022 14 37.24
145 508 8 19.23
146 279 23 50.617
147 855 39 32.637
148 1071 16 49.572
149 271 45 69.18
150 465 37 81.81
