150
1 892 46 83.167
2 135 56 57.606
3 925 18 5.091
4 451 32 14.984
5 1419 48 2.309
6 607 26 15.449
7 530 7 49.135
8 847 4 3.52
9 171 34 63.134
10 595 2 20.633
11 549 50 87.872
12 997 8 63.138
13 1015 9 86.922
14 606 31 86.432
15 332 60 84.688
16 996 11 99.277
17 816 18 87.163
18 852 32 38.274
19 233 49 19.376
20 755 29 73.893
21 286 23 87.723
22 696 25 54.223
23 312 56 72.716
24 1346 43 18.57
25 494 10 98.353
26 1212 33 42.965
27 751 25 49.459
28 24 48 29.978
29 1010 47 7.727
30 471 30 83.847
31 424 20 0.874
32 1 29 60.91
33 1254 16 7.849
34 13 60 46.852
35 76 40 29.586
36 1389 27 65.413
37 142 11 18.487
38 199 20 9.979
39 965 2 20.455
40 558 37 82.207
41 7 33 32.09
42 1227 31 33.566
43 1234 27 12.351
44 986 51 38.02
45 1103 58 69.327
46 365 38 66.814
47 243 37 30.151
48 686 11 91.482
49 769 39 1.739
50 1079 25 81.84
51 428 12 11.791
52 131 9 63.546
53 1365 11 3.587
54 374 31 70.889
55 311 23 53.156
56 442 55 65.079
57 1282 12 54.001
58 442 48 58.937
59 1050 30 9.495
60 833 13 8.634
61 411 19 7.108
62 541 20 44.411
63 78 7 78.961
64 1235 47 55.271
65 241 19 74.855
66 407 4 82.925
67 894 13 12.281
68 866 57 91.741
69 551 58 80.439
70 490 32 9.726
71 55 18 51.182
72 771 39 74.433
73 989 17 55.518
74 1404 9 58.788
75 90 11 10.189
76 903 41 72.313
77 549 46 76.628
78 992 38 4.431
79 151 41 54.96
80 819 21 78.71
81 258 8 2.783
82 349 60 50.468
83 1387 6 68.906
84 803 28 83.652
85 279 16 16.575
86 502 15 56.427
87 319 25 79.499
88 506 40 91.425
89 1196 37 3.709
90 308 45 61.85
91 1095 20 67.18
92 172 7 29.348
93 839 6 21.859
94 1377 58 70.952
95 783 37 70.538
96 373 7 29.379
97 702 13 78.259
98 505 36 93.768
99 580 47 39.232
100 1311 1 20.321
101 598 48 76.301
102 854 53 91.533
103 1004 25 19.924
104 855 42 25.908
105 702 10 45.108
106 909 8 26.075
107 366 51 62.091
108 1010 20 92.299
109 516 10 89.037
110 53 12 99.826
111 623 34 10.128
112 777 34 88.872
113 1408 35 71.224
114 1024 56 82.685
115 1054 50 35.765
116 564 3 42.246
117 985 2 26.907
118 619 34 33.24
119 1407 31 71.26
120 1400 41 6.351
121 490 17 32.56
122 841 4 21.822
123 1431 33 87.787
124 268 44 56.265
125 1310 52 4.699
126 1400 7 78.323
127 647 5 67.246
128 1227 9 13.447
129 1176 2 93.289
130 232 1 91.499
131 757 45 2.519
132 1229 55 20.239
133 1372 23 45.798
134 855 18 40.856
135 619 16 0.273
136 1018 37 33.721
137 709 44 96.914
138 921 39 6.573
139 696 2 40.961
140 1343 2 99.22
141 256 33 16.898
142 691 12 65.536
143 858 56 26.582
144 1324 29 85.649
145 1204 5 33.514
146 1145 20 8.938
147 612 41 12.112
148 112 13 39.097
149 1253 22 90.15
150 984 25 50.421
