117
1 1088 52 63
2 407 21 66
3 261 58 9
4 499 44 15
5 908 22 63
6 333 33 92
7 64 60 9
8 715 22 18
9 723 10 37
10 1389 15 67
11 872 11 4
12 1332 6 74
13 522 59 84
14 1066 23 70
15 947 11 12
16 1399 5 51
17 1217 58 28
18 338 40 97
19 264 34 1
20 657 51 34
21 1424 33 9
22 896 33 60
23 733 11 9
24 388 18 71
25 492 53 12
26 385 57 75
27 1178 4 39
28 881 55 9
29 244 31 24
30 511 3 43
31 656 28 16
32 119 4 74
33 525 15 85
34 1110 51 44
35 66 24 8
36 142 45 41
37 856 22 8
38 313 54 99
39 1424 41 54
40 510 42 24
41 183 32 54
42 864 6 85
43 649 46 30
44 187 1 57
45 805 41 45
46 1134 43 35
47 919 15 98
48 31 30 99
49 660 17 42
50 1083 16 8
51 994 60 57
52 238 38 23
53 305 11 87
54 775 51 73
55 176 22 83
56 709 49 22
57 772 15 11
58 730 31 70
59 302 23 52
60 655 10 7
61 808 40 56
62 564 42 31
63 1119 58 57
64 806 33 69
65 645 39 92
66 1437 38 37
67 831 9 73
68 200 42 70
69 197 34 3
70 1019 40 91
71 137 3 38
72 730 29 11
73 1111 15 69
74 306 13 27
75 341 31 25
76 927 46 59
77 812 49 16
78 54 52 2
79 878 33 38
80 1427 12 7
81 819 49 2
82 282 41 99
83 1285 40 10
84 50 38 82
85 1170 57 36
86 551 37 40
87 400 50 35
88 1324 60 90
89 639 2 31
90 662 15 78
91 1180 12 33
92 1095 16 26
93 1281 21 76
94 977 45 61
95 32 12 88
96 911 36 7
97 713 23 31
98 865 19 45
99 78 29 84
100 1239 42 81
101 1039 29 42
102 266 13 12
103 721 44 23
104 325 37 4
105 1186 57 25
106 332 36 99
107 459 39 30
108 1351 58 75
109 984 27 5
110 715 12 44
111 1206 53 35
112 1363 7 9
113 1281 37 16
114 1079 50 63
115 630 6 56
116 793 52 46
117 606 43 27
