150
1 128 11 73
2 862 49 5
3 1024 12 97
4 515 26 16
5 744 53 3
6 489 23 68
7 471 53 62
8 1128 13 90
9 403 37 36
10 434 52 9
11 792 20 44
12 1302 3 67
13 616 27 2
14 727 19 23
15 126 34 20
16 895 35 1
17 594 53 26
18 285 19 45
19 1116 59 22
20 320 51 88
21 1113 14 86
22 1389 15 42
23 1306 51 70
24 1365 46 62
25 905 9 71
26 1192 28 33
27 1317 57 94
28 1316 14 57
29 1328 26 35
30 747 49 75
31 1107 27 80
32 1420 51 71
33 1263 53 77
34 821 36 91
35 824 35 85
36 887 45 57
37 1380 41 17
38 433 9 3
39 365 58 87
40 1285 29 73
41 721 53 63
42 1333 5 43
43 763 37 81
44 1144 15 40
45 1298 35 47
46 628 52 52
47 356 22 81
48 1364 21 50
49 158 20 1
50 488 27 96
51 856 13 55
52 173 19 72
53 81 48 2
54 408 12 8
55 1277 30 14
56 965 9 72
57 219 40 14
58 1232 6 25
59 766 44 92
60 273 7 64
61 789 17 8
62 684 43 4
63 262 35 39
64 124 7 41
65 592 7 39
66 21 54 74
67 55 52 2
68 1211 12 80
69 327 7 20
70 739 12 97
71 1219 22 16
72 5 58 4
73 809 57 28
74 758 51 90
75 809 16 23
76 645 8 78
77 1378 8 32
78 2 53 27
79 572 25 35
80 42 25 10
81 699 41 68
82 951 23 66
83 314 52 94
84 1228 19 32
85 1248 56 33
86 700 14 13
87 128 11 41
88 799 30 7
89 169 8 61
90 1146 49 66
91 618 37 68
92 780 10 82
93 1072 34 39
94 653 33 79
95 827 16 19
96 818 28 87
97 807 9 8
98 373 24 91
99 768 27 49
100 617 46 80
101 1391 18 12
102 305 30 49
103 751 32 40
104 1017 11 44
105 1000 51 33
106 990 12 45
107 1149 18 7
108 258 22 41
109 1215 38 2
110 521 46 24
111 653 55 56
112 1426 28 40
113 844 3 16
114 866 23 98
115 1028 10 40
116 1086 12 70
117 410 49 12
118 57 32 74
119 1271 48 80
120 51 7 71
121 1348 3 5
122 565 33 94
123 1007 10 40
124 734 8 81
125 1301 56 1
126 1276 3 62
127 359 41 4
128 467 27 63
129 1347 20 80
130 847 35 79
131 43 24 54
132 536 35 64
133 562 43 88
134 782 39 41
135 788 43 62
136 466 36 57
137 1042 57 8
138 731 14 44
139 1147 30 76
140 829 2 94
141 549 12 39
142 1312 47 44
143 986 13 93
144 288 15 18
145 760 21 19
146 237 13 94
147 1167 31 26
148 718 39 70
149 1232 47 93
150 486 14 18
