150
1 1010 24 19.885
2 336 31 39.047
3 821 44 65.802
4 215 7 18.168
5 849 7 40.774
6 975 41 91.329
7 338 43 61.278
8 953 58 20.186
9 943 48 13.392
10 302 7 94.436
11 964 53 72.866
12 1 12 25.464
13 317 52 36.969
14 573 57 22.696
15 1039 5 6.495
16 72 53 63.377
17 1427 29 91.415
18 523 28 73.429
19 586 16 12.752
20 771 41 52.209
21 1411 53 4.216
22 305 8 58.382
23 1154 19 2.229
24 821 4 51.363
25 369 29 69.602
26 75 41 6.450
27 1178 26 46.851
28 1323 53 51.707
29 1188 58 53.100
30 1408 14 52.687
31 1293 3 89.215
32 900 57 59.334
33 737 37 23.261
34 1080 21 43.560
35 1062 46 65.724
36 869 18 67.179
37 492 12 3.015
38 82 7 59.721
39 487 54 86.982
40 606 56 30.866
41 298 7 54.501
42 580 46 77.480
43 1250 14 90.234
44 981 59 0.722
45 1439 33 26.780
46 1226 57 7.199
47 691 16 53.216
48 1042 13 72.017
49 969 1 22.079
50 992 1 54.197
51 1288 40 49.746
52 85 59 40.210
53 1292 39 54.101
54 1019 30 2.580
55 906 44 21.255
56 325 24 27.208
57 204 21 2.445
58 1226 18 31.937
59 656 46 80.304
60 306 1 36.470
61 951 45 3.728
62 752 25 65.018
63 119 54 13.827
64 1081 11 68.754
65 343 40 19.735
66 1132 38 5.891
67 596 6 28.337
68 286 30 72.635
69 754 60 57.982
70 884 50 99.790
71 436 48 93.735
72 581 5 24.198
73 1189 48 33.219
74 1278 43 86.838
75 310 12 42.955
76 1286 35 75.571
77 1245 46 17.719
78 720 33 59.928
79 1363 44 42.211
80 301 18 98.272
81 1210 45 68.311
82 689 5 33.444
83 1394 47 83.081
84 698 17 93.278
85 67 56 74.118
86 1171 16 22.880
87 32 58 0.480
88 838 54 52.875
89 173 17 27.046
90 1366 32 31.292
91 320 21 73.282
92 1228 30 42.465
93 556 10 92.864
94 851 14 30.613
95 1327 6 52.945
96 542 51 2.898
97 1118 58 81.215
98 707 56 83.719
99 784 41 19.809
100 454 56 39.039
101 1300 42 76.128
102 1015 28 51.964
103 1209 43 1.220
104 739 32 90.257
105 570 31 42.918
106 516 11 2.154
107 90 4 87.455
108 297 30 99.083
109 292 35 71.924
110 538 23 67.256
111 133 55 34.576
112 163 50 12.875
113 993 19 68.109
114 1195 29 39.384
115 755 32 13.106
116 909 53 4.877
117 526 34 70.329
118 1065 51 94.766
119 639 40 4.109
120 1075 44 91.183
121 856 10 21.237
122 926 33 25.134
123 1033 36 65.139
124 1217 33 82.868
125 40 19 31.612
126 1339 44 8.564
127 715 23 51.062
128 292 49 91.446
129 319 42 23.896
130 1429 13 93.272
131 1222 24 39.962
132 1229 21 77.302
133 1408 20 62.489
134 1159 56 11.133
135 430 4 97.810
136 538 14 1.092
137 464 36 73.051
138 1017 41 56.547
139 834 21 94.866
140 565 43 10.272
141 1079 36 70.234
142 42 42 92.137
143 850 7 46.874
144 200 26 70.654
145 799 37 34.645
146 580 43 73.267
147 426 17 42.521
148 288 7 41.465
149 197 45 24.413
150 744 23 25.278
