150
1 47 50 98
2 740 8 27
3 1414 1 4
4 344 56 38
5 1208 3 78
6 108 19 35
7 496 51 70
8 764 27 51
9 408 30 25
10 1116 29 13
11 650 24 84
12 1350 4 94
13 601 58 75
14 586 27 57
15 870 21 26
16 47 33 65
17 1141 53 17
18 678 47 36
19 312 17 10
20 281 5 19
21 892 55 52
22 1112 19 13
23 1311 16 33
24 252 20 38
25 1214 54 82
26 968 57 49
27 395 52 56
28 1409 26 92
29 962 26 30
30 594 41 78
31 201 15 46
32 1233 22 11
33 1400 11 69
34 458 5 80
35 469 4 99
36 974 9 11
37 1080 25 63
38 211 34 52
39 232 56 49
40 693 55 50
41 407 58 97
42 1253 24 48
43 743 38 93
44 837 21 10
45 591 15 39
46 1118 10 40
47 121 50 36
48 1333 44 11
49 486 6 82
50 396 53 9
51 974 23 16
52 434 56 73
53 428 11 45
54 247 42 18
55 1148 12 97
56 507 28 82
57 387 19 63
58 966 7 34
59 301 55 24
60 526 24 43
61 909 52 15
62 274 45 14
63 790 57 75
64 230 42 55
65 1245 11 47
66 426 48 45
67 675 13 64
68 505 54 9
69 846 44 10
70 895 47 32
71 1205 32 57
72 1141 58 14
73 606 50 95
74 971 58 14
75 830 17 62
76 178 58 11
77 893 9 62
78 1354 48 55
79 246 15 10
80 994 16 77
81 605 19 35
82 1400 55 21
83 937 18 99
84 444 55 84
85 273 3 84
86 71 41 55
87 958 59 74
88 428 41 25
89 185 37 59
90 510 38 43
91 20 11 78
92 847 48 21
93 1384 3 31
94 628 14 28
95 1037 26 99
96 969 9 42
97 736 39 65
98 1155 41 74
99 1414 27 26
100 1365 36 56
101 470 19 33
102 1354 42 48
103 23 33 84
104 779 49 58
105 759 32 57
106 1177 38 10
107 14 6 69
108 1168 40 8
109 504 49 30
110 576 21 24
111 1272 40 34
112 380 16 83
113 334 53 5
114 1011 53 52
115 100 11 23
116 782 14 68
117 1429 19 24
118 737 57 97
119 393 7 38
120 31 19 58
121 1030 31 71
122 1337 31 51
123 1149 7 8
124 1033 7 41
125 668 9 16
126 427 4 35
127 1306 45 74
128 826 6 68
129 358 5 50
130 1120 21 98
131 153 14 31
132 1161 11 92
133 654 52 61
134 1092 53 77
135 1046 5 67
136 1358 36 46
137 436 1 26
138 744 51 34
139 99 1 36
140 260 14 90
141 512 54 2
142 199 38 84
143 286 27 71
144 1278 50 49
145 314 22 8
146 175 41 59
147 613 55 55
148 1302 59 32
149 742 27 97
150 821 59 30
