150
1 48 48 7
2 46 46 1
3 51 27 95
4 63 35 90
5 34 34 5
6 24 14 60
7 90 48 80
8 24 24 19
9 52 52 1
10 31 31 1
11 6 6 2
12 21 21 6
13 16 10 22
14 44 23 42
15 18 12 90
16 85 46 14
17 52 28 6
18 116 59 72
19 6 4 15
20 5 5 13
21 49 25 65
22 112 58 11
23 53 53 2
24 100 55 42
25 42 42 4
26 2 2 1
27 19 19 4
28 45 45 6
29 9 9 8
30 107 54 34
31 48 48 4
32 25 25 1
33 16 16 5
34 40 21 20
35 31 19 80
36 34 34 3
37 24 17 80
38 15 15 7
39 31 17 30
40 20 12 16
41 21 11 85
42 39 21 19
43 37 37 3
44 18 18 5
45 7 7 13
46 72 40 19
47 46 46 3
48 31 16 63
49 76 41 80
50 12 12 5
51 7 7 5
52 13 13 4
53 114 58 60
54 91 47 34
55 15 9 15
56 6 6 1
57 51 51 1
58 40 40 2
59 41 23 60
60 34 21 95
61 45 27 60
62 80 43 42
63 100 51 60
64 52 52 3
65 53 31 18
66 12 7 91
67 31 31 2
68 54 54 1
69 24 24 5
70 19 19 1
71 56 31 39
72 54 54 8
73 22 15 78
74 30 30 12
75 37 20 42
76 46 28 75
77 15 15 1
78 25 25 3
79 49 49 5
80 47 26 7
81 107 56 8
82 10 10 5
83 95 49 51
84 104 56 42
85 33 33 4
86 29 29 1
87 55 30 20
88 21 21 13
89 52 52 4
90 36 23 44
91 44 23 78
92 32 32 1
93 20 20 3
94 18 18 3
95 63 35 80
96 101 55 15
97 8 8 2
98 24 24 1
99 54 54 2
100 45 25 27
101 44 44 2
102 34 34 4
103 111 57 24
104 35 35 4
105 43 26 96
106 39 39 2
107 63 32 18
108 21 21 1
109 17 17 7
110 6 6 5
111 20 20 3
112 18 18 6
113 22 22 1
114 74 40 80
115 86 46 26
116 67 38 6
117 91 50 13
118 9 6 63
119 109 55 80
120 57 57 8
121 105 53 39
122 28 28 5
123 13 13 5
124 80 41 20
125 10 7 68
126 31 16 20
127 109 57 28
128 28 28 9
129 18 18 1
130 65 34 28
131 25 16 64
132 70 36 21
133 111 59 18
134 17 17 6
135 10 10 5
136 103 55 36
137 67 37 60
138 3 3 9
139 42 23 20
140 67 34 40
141 9 9 4
142 41 41 1
143 40 24 50
144 24 15 96
145 41 21 57
146 3 3 4
147 56 56 3
148 14 14 3
149 39 39 2
150 69 35 95
