150
1 1177 35 1.547
2 264 5 8.599
3 1093 2 77.772
4 1402 41 84.964
5 402 32 77.414
6 898 47 84.768
7 965 40 34.149
8 1170 42 19.417
9 322 10 53.315
10 211 41 70.452
11 1438 26 74.251
12 974 18 63.914
13 1352 50 22.495
14 843 58 11.601
15 641 22 11.998
16 1274 41 95.331
17 1182 43 63.029
18 377 26 40.13
19 74 42 28.968
20 609 44 58.055
21 1200 44 90.743
22 665 2 13.821
23 224 26 84.735
24 463 12 5.951
25 577 35 35.505
26 290 9 95.077
27 1186 24 26.276
28 769 40 27.211
29 1011 4 40.11
30 1361 47 89.511
31 1215 9 48.273
32 410 3 20.418
33 88 49 84.917
34 112 1 38.935
35 653 23 41.018
36 331 57 23.012
37 1113 46 59.787
38 45 7 82.395
39 277 40 82.346
40 1191 36 47.558
41 1094 21 28.832
42 723 17 26.378
43 1178 37 1.025
44 122 32 63.419
45 1107 32 70.537
46 442 39 37.61
47 605 48 4.27
48 977 28 70.434
49 109 14 37.519
50 513 54 39.466
51 909 31 5.105
52 760 20 31.093
53 94 58 9.488
54 940 34 81.269
55 746 38 72.362
56 928 22 48.224
57 874 58 80.611
58 776 47 56.697
59 281 33 97.633
60 1324 11 93.426
61 483 41 57.567
62 1305 5 62.607
63 1268 11 94.427
64 626 35 34.871
65 1432 41 85.366
66 452 45 25.847
67 710 2 60.6
68 537 12 74.565
69 203 54 68.927
70 797 21 53.508
71 1063 11 4.302
72 1116 10 67.034
73 186 36 48.575
74 1000 25 41.395
75 1405 58 65.295
76 21 51 54.085
77 271 42 26.541
78 1169 3 13.68
79 1075 48 19.978
80 1176 51 92.408
81 1401 48 20.462
82 705 7 91.054
83 811 14 47.555
84 399 14 94.46
85 786 49 42.707
86 1346 7 43.734
87 116 33 1.028
88 99 56 69.994
89 91 56 72.277
90 600 47 60.974
91 1317 18 13.847
92 998 44 2.472
93 978 5 28.45
94 270 5 51.225
95 1165 51 47.488
96 280 45 88.979
97 161 30 6.644
98 963 23 13.84
99 950 26 55.071
100 1294 59 71.904
101 905 15 34.74
102 950 50 11.15
103 1154 26 60.004
104 646 38 6.242
105 1427 54 83.573
106 1293 43 14.598
107 41 41 69.616
108 1363 3 4.845
109 569 19 45.303
110 81 56 64.253
111 94 16 93.846
112 714 30 91.206
113 1423 52 47.866
114 110 40 45.335
115 1330 44 42.599
116 707 37 75.453
117 558 37 29.65
118 386 7 67.998
119 624 30 97.365
120 458 12 31.686
121 345 8 13.368
122 620 22 72.86
123 777 24 89.077
124 883 58 44.838
125 1055 21 83.168
126 1061 36 26.53
127 697 48 95.176
128 464 26 79.022
129 1151 46 53.521
130 634 8 59.385
131 897 20 86.247
132 956 17 26.359
133 265 55 83.578
134 502 3 75.603
135 1336 51 56.485
136 551 6 14.33
137 854 48 56.812
138 107 28 93.213
139 666 15 8.116
140 562 12 55.451
141 678 5 21.801
142 1377 4 7.503
143 1287 11 74.85
144 723 13 83.792
145 536 6 16.551
146 188 16 14.023
147 1190 53 86.626
148 140 50 47.099
149 155 42 24.551
150 534 47 64.471