150
1 1171 3 43.0
2 423 30 81.33
3 1339 52 16.023
4 672 5 25.0
5 92 27 86.02
6 782 27 28.36
7 936 12 68.59
8 273 30 76.8
9 901 40 38.0
10 483 9 19.5
11 1099 24 77.2
12 644 43 54.898
13 963 5 65.3
14 1028 11 84.217
15 489 3 3.17
16 1243 43 7.0
17 307 25 56.72
18 1232 10 11.0
19 905 11 98.2
20 715 28 97.048
21 503 44 27.5
22 245 18 45.6
23 1353 42 94.3
24 361 31 77.28
25 891 15 1.0
26 680 58 32.0
27 537 29 40.5
28 800 59 87.0
29 1076 59 27.169
30 1234 32 6.277
31 1381 30 89.8
32 862 35 58.493
33 1004 45 16.58
34 203 27 83.0
35 899 35 6.49
36 190 10 10.876
37 994 9 45.864
38 1027 60 44.71
39 1430 30 42.3
40 487 21 61.9
41 1317 58 58.852
42 52 52 11.64
43 892 55 85.88
44 183 3 60.0
45 585 11 67.0
46 740 39 40.1
47 717 12 8.0
48 874 14 98.63
49 950 56 74.37
50 917 43 74.3
51 545 39 36.0
52 430 28 60.977
53 1336 13 7.017
54 183 53 5.53
55 738 30 42.4
56 1288 48 28.25
57 1038 32 50.75
58 829 29 63.95
59 568 31 90.598
60 1203 31 8.39
61 830 59 79.353
62 1156 5 59.55
63 34 38 32.77
64 152 48 39.65
65 579 39 18.6
66 631 7 56.0
67 451 37 74.491
68 393 37 57.189
69 1216 2 39.25
70 1177 13 52.28
71 98 43 69.0
72 75 37 36.596
73 665 39 63.8
74 241 39 78.93
75 337 2 72.29
76 181 26 43.92
77 123 10 92.397
78 965 40 45.161
79 1238 12 35.378
80 704 36 51.281
81 399 7 43.3
82 85 60 86.0
83 1168 28 97.46
84 1146 25 96.0
85 339 20 95.6
86 102 38 17.67
87 381 20 95.0
88 811 39 76.0
89 708 49 19.5
90 345 26 80.884
91 673 57 3.7
92 1191 46 42.063
93 194 26 96.0
94 482 7 42.26
95 594 35 65.0
96 708 54 90.721
97 1245 16 53.0
98 1363 11 96.384
99 1421 15 9.689
100 205 37 90.6
101 589 23 7.0
102 1275 56 56.0
103 154 26 81.0
104 1338 54 43.1
105 98 23 32.445
106 351 2 20.56
107 413 16 90.619
108 1259 35 58.457
109 1129 49 3.0
110 253 2 83.9
111 256 45 39.0
112 1356 28 73.8
113 1279 27 90.2
114 109 45 37.632
115 933 22 18.575
116 1286 30 48.88
117 1364 5 13.9
118 361 6 46.1
119 570 6 90.97
120 289 50 10.0
121 590 46 61.83
122 8 37 25.966
123 1044 10 71.0
124 1247 4 65.0
125 439 10 30.58
126 310 55 3.0
127 979 20 46.416
128 360 58 63.0
129 825 39 15.4
130 694 33 66.9
131 89 32 59.0
132 962 45 27.4
133 1014 34 35.343
134 306 58 64.16
135 650 9 6.0
136 1380 22 97.0
137 779 40 78.0
138 1430 47 4.0
139 21 60 36.6
140 1351 31 83.0
141 211 5 95.93
142 877 20 17.8
143 1291 26 54.3
144 1395 48 24.1
145 783 14 86.304
146 1406 54 81.827
147 391 5 53.5
148 1242 38 54.0
149 1346 26 45.6
150 25 30 17.9
