150
1 1169 41 88.074
2 161 30 9.792
3 761 19 59.697
4 141 51 29.427
5 82 49 2.582
6 103 33 90.497
7 1031 44 55.393
8 663 40 12.484
9 1059 52 53.666
10 1260 16 25.027
11 142 17 19.463
12 119 11 2.791
13 284 16 4.203
14 431 58 80.837
15 827 42 90.131
16 450 11 37.215
17 1217 52 3.652
18 426 56 69.577
19 46 54 74.275
20 465 59 92.911
21 373 56 52.948
22 303 9 7.265
23 423 12 42.587
24 1254 25 55.871
25 969 33 47.005
26 87 19 7.983
27 28 41 53.045
28 1322 5 0.063
29 5 51 84.272
30 855 43 27.373
31 988 19 12.846
32 1158 59 84.498
33 364 60 47.295
34 1155 38 94.644
35 514 39 69.409
36 245 56 26.899
37 1411 18 28.507
38 1176 33 73.8
39 1240 13 9.676
40 1286 30 29.665
41 1227 55 10.043
42 251 12 4.9
43 1132 34 99.08
44 350 44 12.221
45 442 48 43.801
46 425 41 9.775
47 567 38 53.558
48 1329 56 44.253
49 995 50 20.02
50 807 54 62.855
51 817 54 16.542
52 1194 47 33.355
53 794 47 39.504
54 761 11 96.432
55 1063 39 28.126
56 1292 29 40.602
57 465 31 88.977
58 1043 39 0.265
59 955 59 28.329
60 577 50 87.865
61 959 30 99.77
62 672 9 80.579
63 247 34 27.583
64 1373 22 83.396
65 132 40 99.472
66 540 24 8.911
67 815 17 78.605
68 404 49 63.729
69 151 45 32.526
70 858 34 24.469
71 346 10 67.817
72 1401 8 49.721
73 573 49 37.546
74 756 17 78.299
75 952 31 89.03
76 989 22 80.788
77 928 17 3.889
78 103 34 77.006
79 581 32 14.143
80 369 25 64.978
81 451 45 19.636
82 327 49 49.604
83 348 46 35.772
84 472 58 16.899
85 16 58 25.018
86 363 42 71.325
87 892 4 27.92
88 1342 52 65.208
89 1250 45 86.874
90 182 18 22.956
91 334 12 86.847
92 610 49 19.748
93 209 40 79.538
94 1048 52 22.196
95 838 30 52.623
96 882 28 60.196
97 974 49 79.704
98 124 18 80.685
99 44 25 16.699
100 410 4 26.144
101 3 19 85.159
102 345 40 30.695
103 398 54 80.326
104 378 15 76.295
105 1167 21 77.162
106 545 34 79.543
107 1021 19 65.858
108 432 58 18.552
109 607 28 46.347
110 1214 45 34.566
111 513 15 61.111
112 364 57 53.994
113 997 12 70.877
114 965 25 53.194
115 1087 8 44.941
116 1362 37 24.502
117 671 19 83.786
118 567 3 28.777
119 1030 23 24.043
120 884 43 63.631
121 814 30 93.682
122 145 19 76.336
123 525 22 68.131
124 598 38 82.091
125 897 43 28.525
126 696 53 94.614
127 277 22 74.35
128 972 44 43.209
129 1076 45 20.31
130 889 27 95.444
131 668 45 92.573
132 85 3 6.585
133 735 10 80.538
134 382 34 31.683
135 7 37 31.853
136 94 6 90.383
137 703 25 97.149
138 93 49 74.179
139 185 45 16.15
140 445 19 3.153
141 93 51 29.031
142 1210 23 39.309
143 490 40 54.033
144 1222 2 87.527
145 435 40 41.698
146 952 34 98.178
147 57 54 67.953
148 1383 7 92.981
149 609 7 57.077
150 1047 50 66.634