135
1 997 13 45
2 870 33 85
3 1261 17 37
4 1153 34 76
5 829 56 70
6 460 34 54
7 468 50 80
8 1371 30 76
9 119 38 17
10 1030 20 59
11 456 59 78
12 451 3 19
13 795 37 96
14 253 20 44
15 1356 58 21
16 1426 60 13
17 502 60 24
18 1082 15 84
19 1282 31 39
20 193 23 35
21 664 44 81
22 1111 24 71
23 1204 29 6
24 345 42 79
25 575 40 95
26 657 54 59
27 1285 16 98
28 1016 53 6
29 477 59 35
30 1428 19 8
31 219 20 42
32 1122 32 17
33 1175 43 38
34 180 29 83
35 122 35 57
36 603 60 98
37 419 45 96
38 51 13 44
39 1366 26 63
40 521 33 91
41 412 58 50
42 78 3 10
43 823 50 80
44 267 60 50
45 1429 43 46
46 1170 16 4
47 952 6 85
48 584 9 76
49 359 29 94
50 350 58 8
51 822 8 18
52 137 25 78
53 356 57 76
54 54 18 87
55 178 48 33
56 566 60 27
57 1080 44 71
58 102 14 66
59 424 26 34
60 592 41 85
61 657 37 80
62 931 47 5
63 410 3 37
64 23 1 91
65 1420 34 77
66 662 40 75
67 1211 28 92
68 380 58 70
69 1288 34 82
70 687 31 64
71 235 34 29
72 463 14 29
73 6 12 58
74 594 44 62
75 784 21 56
76 846 49 98
77 1267 34 61
78 572 60 47
79 510 21 90
80 1310 14 45
81 1228 43 79
82 352 53 49
83 835 25 58
84 1085 50 33
85 825 23 98
86 420 40 25
87 579 19 97
88 12 5 91
89 855 42 20
90 964 17 30
91 1351 60 71
92 613 47 68
93 1197 60 44
94 501 13 25
95 540 22 28
96 557 1 25
97 726 52 26
98 448 15 21
99 1006 2 64
100 646 57 56
101 301 39 76
102 490 4 99
103 1166 6 85
104 484 11 87
105 1370 15 80
106 546 26 99
107 502 32 53
108 1283 30 62
109 569 29 35
110 233 51 82
111 1226 9 41
112 373 49 98
113 275 24 84
114 228 8 13
115 190 35 51
116 475 11 82
117 1178 54 86
118 1076 5 5
119 181 22 60
120 50 42 11
121 263 10 28
122 937 8 90
123 539 54 25
124 130 52 23
125 608 1 85
126 345 19 50
127 1225 40 15
128 605 5 46
129 828 55 71
130 830 14 81
131 674 49 85
132 477 41 48
133 301 39 16
134 1022 38 86
135 204 1 16
