150
1 557 27 48.803
2 168 20 33.874
3 149 31 1.105
4 582 52 11.771
5 638 55 74.347
6 74 58 62.494
7 277 18 79.507
8 316 14 99.257
9 878 5 61.292
10 293 45 5.72
11 66 12 32.067
12 731 50 72.519
13 656 7 41.14
14 44 49 32.851
15 793 45 87.632
16 1087 43 53.687
17 1295 47 62.093
18 1439 42 25.429
19 1359 4 49.268
20 766 59 20.967
21 320 41 78.86
22 512 32 71.153
23 869 19 20.992
24 789 54 38.003
25 1197 30 55.437
26 1148 25 6.186
27 1056 40 90.274
28 1279 55 54.327
29 1291 34 77.161
30 652 20 16.816
31 21 40 27.952
32 822 56 10.275
33 1279 59 57.591
34 742 40 27.836
35 900 13 32.936
36 497 42 62.756
37 1359 15 49.379
38 305 2 59.76
39 538 55 47.96
40 359 40 21.441
41 130 58 9.163
42 1419 9 97.801
43 1235 11 8.271
44 1425 43 75.467
45 916 55 84.902
46 797 42 83.34
47 783 50 40.224
48 773 11 70.985
49 62 5 32.113
50 1313 54 97.171
51 850 15 32.136
52 897 57 57.472
53 803 34 53.871
54 3 44 41.271
55 69 56 84.887
56 957 42 80.529
57 1365 4 23.297
58 1177 15 89.531
59 127 4 8.543
60 759 37 65.253
61 645 29 80.31
62 1420 25 59.369
63 829 43 46.293
64 774 37 4.352
65 504 54 38.146
66 171 24 95.362
67 545 6 83.745
68 303 25 32.783
69 18 27 32.807
70 274 43 6.689
71 1260 50 74.412
72 1246 38 79.825
73 1352 35 66.723
74 1283 49 79.809
75 169 47 1.113
76 270 42 31.085
77 1318 56 80.671
78 1135 41 97.059
79 1278 37 74.139
80 819 37 77.525
81 543 25 22.543
82 428 8 9.662
83 95 54 48.896
84 1258 27 55.304
85 677 29 91.09
86 1030 17 27.153
87 25 52 41.412
88 740 9 48.381
89 580 16 73.593
90 345 43 60.655
91 1086 50 86.613
92 954 7 8.085
93 1184 33 88.714
94 713 13 94.127
95 690 56 96.592
96 289 27 11.942
97 1072 32 63.402
98 1423 48 41.265
99 808 12 87.104
100 1278 42 2.29
101 79 7 83.807
102 1216 58 74.566
103 1024 34 71.062
104 711 9 36.603
105 701 47 29.372
106 386 57 15.859
107 617 3 28.519
108 974 52 98.653
109 1057 35 75.504
110 1244 12 33.757
111 1276 19 42.205
112 357 54 16.207
113 219 54 68.394
114 769 48 98.801
115 571 19 83.486
116 366 54 92.697
117 854 24 75.24
118 293 40 44.63
119 908 25 61.73
120 782 10 49.466
121 572 8 26.719
122 186 20 26.594
123 309 57 2.212
124 1091 12 63.531
125 582 2 93.299
126 169 45 72.912
127 891 16 76.049
128 1221 27 18.715
129 1028 33 61.422
130 732 32 64.291
131 116 20 18.795
132 859 30 98.762
133 1093 54 11.118
134 1225 11 89.187
135 697 23 69.764
136 768 13 34.271
137 1423 13 92.965
138 451 9 65.252
139 264 57 0.224
140 913 50 68.724
141 554 31 67.306
142 1256 53 35.302
143 562 7 8.568
144 442 51 85.779
145 763 22 65.284
146 918 17 23.506
147 883 37 22.42
148 879 33 19.267
149 267 48 79.437
150 639 17 68.468
