150
1 1113 31 81.999
2 510 38 11.187
3 493 37 83.346
4 1197 7 34.257
5 1179 36 17.849
6 522 3 85.694
7 647 10 10.249
8 1423 59 93.992
9 1019 27 30.528
10 251 52 24.391
11 1003 21 50.032
12 682 35 26.212
13 785 5 68.424
14 392 47 13.515
15 213 19 36.436
16 749 60 88.558
17 1402 18 64.832
18 702 1 60.173
19 1010 36 66.166
20 288 26 25.503
21 1109 50 81.583
22 1104 24 90.293
23 1029 2 51.929
24 708 35 9.841
25 1061 51 82.93
26 1393 20 80.569
27 1360 7 73.433
28 580 46 71.295
29 378 3 94.3
30 86 36 36.381
31 318 22 57.855
32 1283 4 86.84
33 1362 24 67.946
34 109 33 23.813
35 150 15 51.444
36 455 12 47.727
37 1293 43 94.615
38 374 2 40.193
39 95 3 61.401
40 857 53 15.599
41 833 43 41.014
42 1225 8 94.872
43 434 55 32.715
44 203 44 28.404
45 126 34 66.517
46 534 25 65.744
47 701 41 82.207
48 764 21 40.303
49 211 38 14.766
50 100 18 23.933
51 66 2 3.37
52 1013 56 56.57
53 1110 28 40.271
54 356 26 87.137
55 787 41 48.579
56 1432 45 73.176
57 420 53 57.55
58 1368 6 12.259
59 1387 18 7.977
60 784 39 2.798
61 589 46 51.342
62 798 2 86.552
63 1227 13 90.347
64 1420 1 17.735
65 622 48 82.449
66 1219 33 89.866
67 420 5 42.723
68 1210 10 23.652
69 589 43 13.675
70 742 60 35.776
71 523 15 0.043
72 461 22 85.851
73 1097 58 4.764
74 155 54 18.482
75 1193 7 17.995
76 1273 29 92.084
77 1313 5 80.45
78 1333 25 23.948
79 1386 45 52.805
80 323 31 27.844
81 1133 30 60.056
82 513 29 32.945
83 218 46 54.517
84 1421 39 79.814
85 1160 24 24.425
86 676 54 57.262
87 625 20 2.353
88 1219 46 24.291
89 106 28 19.188
90 222 16 77.165
91 1262 6 12.832
92 60 55 39.048
93 948 16 92.029
94 113 27 30.234
95 484 18 18.015
96 540 28 18.81
97 154 45 1.529
98 426 52 13.963
99 64 54 89.86
100 634 30 75.232
101 1057 23 22.11
102 584 9 54.98
103 732 26 73.466
104 232 44 54.801
105 960 45 29.21
106 1430 43 93.352
107 790 12 55.529
108 1028 51 20.458
109 1072 33 59.53
110 321 60 2.281
111 655 40 23.93
112 1400 20 52.841
113 1182 20 89.264
114 1421 27 12.658
115 553 56 82.319
116 1349 59 85.736
117 184 35 80.76
118 1292 38 1.736
119 1403 8 66.994
120 1038 39 43.38
121 1025 54 36.096
122 482 27 92.025
123 789 54 8.317
124 82 15 11.94
125 1329 37 72.712
126 491 2 3.314
127 1226 60 58.501
128 457 57 43.502
129 413 53 2.747
130 274 39 13.533
131 875 1 15.338
132 1153 20 43.965
133 347 41 11.938
134 1120 42 26.624
135 974 11 12.845
136 735 49 25.27
137 803 45 41.345
138 579 48 47.342
139 729 46 99.99
140 284 45 70.822
141 1034 42 11.693
142 1378 24 54.697
143 417 23 74.388
144 755 20 22.957
145 838 49 84.812
146 346 55 9.181
147 1067 44 9.987
148 1012 39 90.083
149 972 36 35.915
150 682 18 33.763
