149
1 187 30 99.5
2 30 12 7.751
3 15 55 12.987
4 200 15 55.2
5 1420 20 1.256
6 187 30 99.5
7 30 12 7.751
8 15 55 12.987
9 200 15 55.2
10 1420 20 1.25
11 187 30 99.5
12 30 12 7.751
13 15 55 12.987
14 200 15 55.2
15 1420 20 1.25
16 187 30 99.5
17 30 12 7.751
18 15 55 12.987
19 200 15 55.2
20 1420 20 1.25
21 187 30 99.5
22 30 12 7.751
23 15 55 12.987
24 200 15 55.2
25 1420 20 1.25
26 187 30 99.5
27 30 12 7.751
28 15 55 12.987
29 200 15 55.2
30 1420 20 1.25
31 187 30 99.5
32 30 12 7.751
33 15 55 12.987
34 200 15 55.2
35 1420 20 1.25
36 187 30 99.5
37 30 12 7.751
38 15 55 12.987
39 200 15 55.2
40 1420 20 1.25
41 15 55 12.987
42 200 15 55.2
43 1420 20 1.25
44 187 30 99.5
45 30 12 7.751
46 15 55 12.987
47 200 15 55.2
48 1420 20 1.257
49 200 15 55.2
50 1420 20 1.25
51 1420 20 1.25
52 187 30 99.5
53 30 12 7.751
54 15 55 12.987
55 200 15 55.2
56 1420 20 1.25
57 187 30 99.5
58 30 12 7.751
59 15 55 12.987
60 200 15 55.2
61 1420 20 1.25
62 187 30 99.5
63 30 12 7.751
64 15 55 12.987
65 200 15 55.2
66 1420 20 1.25
67 187 30 99.5
68 30 12 7.751
69 15 55 12.987
70 200 15 55.2
71 1420 20 1.25
72 15 55 12.987
73 200 15 55.2
74 1420 20 1.25
75 187 30 99.5
76 30 12 7.751
77 15 55 12.987
78 200 15 55.2
79 1420 20 1.25
80 187 30 99.5
81 30 12 7.751
82 15 55 12.987
83 200 15 55.2
84 1420 20 1.25
85 187 30 99.5
86 30 12 7.751
87 15 55 12.987
88 200 15 55.2
89 1420 20 1.25
90 187 30 99.5
91 30 12 7.751
92 15 55 12.987
93 200 15 55.2
94 1420 20 1.25
95 187 30 99.5
96 30 12 7.751
97 15 55 12.987
98 200 15 55.2
99 1420 20 1.25
100 1122 20 1.25
101 187 30 99.5
102 30 12 7.751
103 15 55 12.987
104 200 15 55.2
105 1420 20 1.256
106 187 30 99.5
107 30 12 7.751
108 15 55 12.987
109 200 15 55.2
110 1420 20 1.25
111 187 30 99.5
112 30 12 7.751
113 15 55 12.987
114 200 15 55.2
115 1420 20 1.25
116 187 30 99.5
117 30 12 7.751
118 15 55 12.987
119 200 15 55.2
120 1420 20 1.25
121 187 30 99.5
122 30 12 7.751
123 15 55 12.987
124 200 15 55.2
125 1420 20 1.25
126 187 30 99.5
127 30 12 7.751
128 15 55 12.987
129 200 15 55.2
130 1420 20 1.25
131 187 30 99.5
132 30 12 7.751
133 15 55 12.987
134 200 15 55.2
135 1420 20 1.25
136 187 30 99.5
137 30 12 7.751
138 15 55 12.987
139 200 15 55.2
140 1420 20 1.25
141 15 55 12.987
142 200 15 55.2
143 1420 20 1.25
144 187 30 99.5
145 30 12 7.751
146 15 55 12.987
147 200 15 55.2
148 1420 20 1.257
149 200 15 55.2