117
1 534 46 30.4
2 578 23 21.1
3 826 10 96.099
4 122 50 24.8
5 1186 15 34.3
6 225 5 92.7
7 599 21 12.4
8 943 8 92.1
9 190 40 56.448
10 1189 48 2.1
11 300 40 1.158
12 258 9 45.9
13 774 21 1.175
14 1017 48 7.64
15 589 32 46.925
16 855 48 36.84
17 573 59 76.432
18 650 57 18.095
19 540 12 98.07
20 1172 29 11.78
21 1080 43 99.5
22 976 12 65.738
23 490 48 53.67
24 1103 3 78.318
25 619 30 53.1
26 1172 22 65.48
27 959 9 23.65
28 1356 41 97.95
29 965 20 3.5
30 726 36 32.43
31 566 39 91.4
32 1023 58 21.21
33 51 41 50.599
34 1130 40 71.7
35 524 36 1.969
36 687 50 49.193
37 774 35 53.14
38 410 23 11.849
39 1212 59 22.0
40 100 45 7.27
41 615 43 96.393
42 501 24 31.908
43 1329 7 41.13
44 128 38 83.4
45 724 40 40.81
46 883 48 82.97
47 268 51 43.0
48 1396 3 25.013
49 683 36 21.1
50 977 24 6.206
51 28 32 31.168
52 76 24 67.162
53 1275 26 61.84
54 803 54 47.46
55 144 32 34.3
56 739 28 99.56
57 1193 28 92.87
58 954 44 21.9
59 1237 11 49.626
60 258 54 56.88
61 920 19 5.99
62 676 23 78.7
63 202 6 29.819
64 1227 59 29.515
65 1196 23 65.952
66 402 41 49.243
67 334 6 0.7
68 209 49 79.992
69 32 5 65.07
70 99 2 89.815
71 62 36 32.7
72 1382 36 71.7
73 430 34 25.5
74 1269 32 27.41
75 319 20 11.854
76 377 48 6.01
77 538 2 96.2
78 1135 52 23.262
79 213 46 96.12
80 160 5 62.651
81 239 23 23.523
82 1344 43 85.52
83 185 45 86.2
84 178 51 43.7
85 1171 52 52.2
86 225 3 90.6
87 1279 5 37.4
88 325 54 76.84
89 437 29 68.55
90 82 25 72.1
91 817 3 98.27
92 48 47 37.061
93 787 17 51.57
94 236 23 13.9
95 398 14 48.0
96 641 6 29.719
97 1126 15 66.78
98 345 43 15.1
99 548 58 98.044
100 1289 38 65.701
101 768 26 76.289
102 573 40 37.573
103 884 54 16.44
104 1153 36 58.2
105 1340 55 80.894
106 762 39 56.51
107 1348 4 49.99
108 308 6 89.541
109 860 60 93.6
110 1094 54 29.0
111 1414 2 68.71
112 324 23 74.129
113 167 51 62.6
114 1092 33 74.401
115 681 17 27.951
116 454 24 57.468
117 1090 33 46.764
