150
1 1054 33 33.869
2 486 60 66.735
3 307 26 55.883
4 1039 48 19.073
5 248 35 30.635
6 582 17 50.486
7 152 20 89.977
8 947 43 15.274
9 1159 3 50.707
10 1100 39 19.913
11 787 58 10.845
12 372 1 4.482
13 1087 15 80.281
14 812 13 34.920
15 173 11 61.572
16 245 17 69.114
17 1088 6 64.062
18 229 25 43.811
19 138 50 23.497
20 1144 57 89.514
21 514 46 48.283
22 565 24 13.988
23 1225 54 89.693
24 1379 39 74.135
25 90 32 96.266
26 871 39 20.936
27 1426 48 32.861
28 452 46 3.145
29 1008 23 9.610
30 929 28 85.717
31 261 27 24.944
32 311 50 11.923
33 169 42 50.109
34 1351 19 26.311
35 197 32 31.455
36 1355 51 89.463
37 264 49 5.368
38 1288 55 1.464
39 1267 58 75.210
40 1378 34 40.598
41 942 56 81.287
42 621 8 19.853
43 1210 28 46.104
44 96 45 76.144
45 1085 43 73.703
46 367 48 72.497
47 1292 14 73.827
48 1381 3 10.515
49 940 29 85.143
50 1069 4 10.127
51 274 51 9.511
52 735 37 77.103
53 127 20 72.451
54 1193 35 42.507
55 908 40 35.010
56 1247 59 73.660
57 73 2 77.863
58 573 6 30.784
59 982 51 90.385
60 772 53 74.372
61 1276 38 3.007
62 1102 24 75.727
63 719 54 95.477
64 852 42 39.405
65 618 6 52.310
66 484 13 1.908
67 317 37 58.217
68 1156 58 52.303
69 1277 3 51.697
70 519 10 76.371
71 153 5 2.628
72 996 53 21.265
73 789 52 11.780
74 1052 34 53.592
75 1001 51 83.891
76 81 26 29.567
77 371 11 50.359
78 953 54 35.482
79 514 13 12.186
80 116 25 67.018
81 891 42 49.730
82 560 9 24.582
83 1240 32 80.821
84 1225 48 44.028
85 1286 39 54.503
86 1420 32 77.775
87 1235 48 63.079
88 723 54 46.457
89 395 49 74.885
90 908 39 9.916
91 1145 7 65.128
92 1297 24 30.550
93 1067 39 88.448
94 1125 30 85.142
95 54 25 36.488
96 170 28 8.077
97 428 57 0.608
98 1081 33 81.102
99 1053 57 34.190
100 1223 5 52.946
101 82 47 70.226
102 1018 56 6.178
103 825 25 97.168
104 1368 6 31.524
105 571 45 62.566
106 1228 32 95.181
107 116 7 15.634
108 1385 31 21.954
109 119 50 14.780
110 380 55 99.394
111 1097 34 17.769
112 766 54 84.308
113 222 49 59.488
114 751 9 52.827
115 307 55 90.477
116 1391 42 15.426
117 446 30 82.551
118 334 34 85.363
119 1000 37 77.224
120 1346 29 86.602
121 992 21 12.348
122 355 24 7.843
123 628 4 97.964
124 200 2 46.536
125 1303 59 48.360
126 1055 40 84.602
127 1187 4 21.349
128 191 53 33.826
129 1411 2 0.408
130 1050 43 29.687
131 1342 42 65.526
132 1070 59 4.807
133 658 16 34.724
134 356 12 8.061
135 836 55 30.979
136 36 41 48.395
137 656 53 3.140
138 664 31 59.637
139 217 31 81.790
140 70 32 55.866
141 1130 14 74.604
142 996 7 27.886
143 1132 14 54.019
144 715 50 69.401
145 155 1 31.567
146 361 26 22.725
147 785 9 94.818
148 642 57 48.089
149 114 57 21.662
150 748 42 31.835
