150
1 1164 43 55.26
2 1000 13 54.04
3 845 14 91.01
4 980 7 66.02
5 1347 55 52.61
6 1109 55 57.21
7 1039 34 21.23
8 748 26 49.71
9 936 12 10.72
10 1105 54 95.13
11 1093 51 27.69
12 189 19 44.08
13 590 9 85.52
14 884 43 6.89
15 503 14 45.51
16 721 59 97.05
17 166 2 47.32
18 730 48 51.84
19 728 50 1.98
20 410 9 33.57
21 788 48 46.88
22 123 17 29.65
23 482 58 18.58
24 796 20 35.47
25 982 9 40.12
26 673 17 86.51
27 1230 31 38.72
28 1310 43 81.15
29 1252 27 20.61
30 1015 33 44.72
31 1066 48 10.16
32 588 4 68.51
33 39 28 86.78
34 1019 37 20.9
35 65 57 81.65
36 810 58 90.13
37 733 22 66.71
38 1241 19 89.55
39 106 1 46.65
40 1225 29 94.97
41 175 47 44.66
42 466 55 74.34
43 721 25 11.98
44 396 50 88.29
45 917 53 96.88
46 71 9 66.27
47 882 42 41.16
48 97 9 38.51
49 953 22 2.94
50 383 41 98.24
51 308 35 57.03
52 1299 30 54.0
53 203 47 92.24
54 153 38 37.92
55 641 11 20.62
56 1110 37 45.79
57 275 6 73.98
58 421 48 80.29
59 1438 1 85.12
60 560 5 32.4
61 917 8 41.38
62 902 47 8.97
63 849 49 78.88
64 1226 45 96.38
65 1355 45 63.53
66 37 27 9.83
67 143 59 17.21
68 7 8 78.86
69 1330 43 88.3
70 1407 17 38.33
71 1173 45 39.27
72 75 59 15.42
73 190 49 29.35
74 686 7 23.0
75 989 36 22.66
76 818 22 12.03
77 268 34 65.66
78 1397 3 68.26
79 1323 49 83.13
80 132 39 41.82
81 1315 32 64.38
82 404 31 26.19
83 799 40 42.0
84 1409 55 52.85
85 74 17 35.41
86 763 28 27.46
87 1308 4 32.88
88 835 8 53.17
89 859 48 65.79
90 1090 60 34.65
91 1123 14 9.74
92 93 11 25.59
93 317 6 26.17
94 862 43 97.47
95 1290 5 17.09
96 1251 14 85.1
97 1203 2 29.78
98 804 56 48.63
99 109 21 93.1
100 409 13 52.11
101 1227 10 95.65
102 966 42 67.78
103 674 2 15.33
104 304 21 41.87
105 315 37 25.93
106 1181 58 57.02
107 437 43 61.18
108 523 9 87.02
109 175 35 78.79
110 464 9 68.43
111 1212 14 75.42
112 1103 9 4.45
113 496 12 57.39
114 1083 42 45.58
115 848 59 44.62
116 1191 55 36.33
117 1018 8 55.64
118 945 16 39.56
119 1201 2 18.07
120 1158 36 95.51
121 1308 23 46.49
122 349 48 19.18
123 364 7 95.07
124 134 55 0.57
125 1391 8 34.76
126 314 51 47.45
127 1018 10 42.55
128 1275 19 16.71
129 1268 33 13.37
130 799 50 34.91
131 774 33 89.8
132 809 1 34.33
133 1073 58 30.66
134 821 7 45.22
135 531 57 93.82
136 154 6 79.92
137 1274 6 24.9
138 735 46 76.13
139 1254 26 18.08
140 118 33 50.33
141 204 50 90.04
142 281 4 78.68
143 856 40 7.72
144 742 32 70.91
145 580 39 46.57
146 1163 58 82.5
147 926 40 27.08
148 1027 37 94.4
149 1265 37 66.55
150 1182 36 34.74
