150
1 60 60 99
2 1440 1 50
3 1 1 1
4 2 1 1
5 3 1 1
6 4 1 1
7 5 1 1
8 6 1 1
9 10 4 1
10 10 10 99.9
11 1327 33 77.033
12 366 52 94.052
13 1007 34 38.091
14 505 9 96.648
15 403 35 45.228
16 631 21 90.215
17 1130 36 25.132
18 120 4 92.196
19 653 25 32.654
20 1158 46 98.614
21 846 32 79.632
22 601 56 57.413
23 295 5 82.628
24 1256 6 67.213
25 54 39 1.41
26 291 2 73.476
27 561 9 73.473
28 1098 43 12.899
29 1015 43 92.997
30 890 7 44.857
31 881 23 29.639
32 1235 20 34.382
33 323 43 11.62
34 577 9 39.214
35 254 34 48.913
36 1059 21 64.161
37 1377 34 64.74
38 50 3 57.267
39 1023 26 15.497
40 1191 1 81.267
41 622 58 73.411
42 469 3 14.164
43 474 27 95.098
44 531 25 37.481
45 223 17 60.083
46 171 21 15.933
47 1380 48 73.625
48 597 32 98.614
49 24 13 40.67
50 117 14 75.67
51 597 57 2.334
52 746 14 7.427
53 818 57 56.996
54 1008 44 45.235
55 523 16 46.233
56 1323 29 56.48
57 516 59 93.609
58 1353 37 70.759
59 1255 2 79.436
60 690 17 81.635
61 319 16 58.743
62 853 6 7.457
63 1414 50 72.086
64 289 58 70.15
65 1168 45 75.478
66 329 24 71.752
67 676 42 10.338
68 936 59 30.015
69 347 6 21.929
70 912 4 78.921
71 1440 28 53.883
72 700 43 80.143
73 72 54 67.151
74 998 12 91.744
75 124 30 2.705
76 1146 5 67.04
77 539 46 18.926
78 608 58 56.739
79 252 24 91.758
80 832 35 75.838
81 788 33 31.272
82 1139 51 26.055
83 1025 14 87.743
84 476 18 15.07
85 693 29 24.981
86 1424 2 89.824
87 399 30 29.236
88 290 40 85.741
89 170 16 74.158
90 95 3 38.843
91 888 31 14.581
92 900 21 47.387
93 870 12 99.004
94 524 47 94.329
95 936 26 98.339
96 628 34 77.037
97 104 54 64.608
98 1284 51 7.009
99 149 60 24.358
100 1239 19 28.505
101 32 45 68.244
102 777 28 60.657
103 542 45 2.63
104 1351 55 69.945
105 830 45 81.519
106 137 38 53.351
107 1203 9 14.253
108 1361 6 43.958
109 1185 52 39.428
110 521 11 61.037
111 497 45 41.453
112 643 34 16.924
113 215 49 87.935
114 935 3 49.389
115 1372 59 56.375
116 725 29 37.116
117 311 28 24.443
118 7 3 85.134
119 940 48 68.436
120 876 10 37.553
121 758 50 33.694
122 497 19 23.816
123 255 11 44.356
124 791 38 30.448
125 1306 25 75.887
126 236 35 75.682
127 1121 19 33.691
128 962 52 51.508
129 768 23 95.057
130 627 2 44.287
131 1239 53 88.982
132 434 11 99.398
133 26 2 71.301
134 781 18 59.539
135 701 14 84.06
136 812 47 57.328
137 746 56 19.251
138 1347 43 88.165
139 45 49 90.561
140 1126 59 85.065
141 810 57 77.877
142 884 44 99.36
143 1094 45 59.146
144 1097 51 18.621
145 564 5 94.008
146 129 54 44.807
147 987 37 10.741
148 684 26 58.38
149 347 51 65.971
150 1357 8 21.845
