119
1 1066 55 78.444
2 991 56 38.438
3 170 58 22.05
4 1208 59 65.735
5 570 10 11.568
6 1079 49 13.749
7 943 16 41.663
8 815 45 66.421
9 1046 42 94.679
10 1370 58 10.657
11 798 2 94.963
12 322 23 79.778
13 717 33 10.484
14 293 15 0.812
15 799 42 53.381
16 1409 4 61.314
17 1290 11 33.127
18 734 41 71.278
19 767 31 43.871
20 1329 43 13.563
21 103 36 23.279
22 770 15 13.018
23 444 35 6.148
24 101 54 33.635
25 233 1 46.494
26 810 28 63.885
27 788 28 74.309
28 567 55 86.694
29 1376 37 90.781
30 1124 22 17.751
31 1294 57 45.208
32 338 20 94.924
33 1072 31 41.418
34 1197 21 47.202
35 619 26 29.139
36 1242 46 48.066
37 237 14 15.719
38 185 60 8.188
39 254 21 35.67
40 490 48 90.15
41 81 57 86.206
42 530 34 87.824
43 689 45 25.854
44 957 50 5.722
45 1073 34 60.89
46 760 19 93.668
47 1081 17 65.387
48 1102 14 88.103
49 7 31 92.882
50 406 53 12.092
51 758 30 12.665
52 460 38 48.516
53 572 19 63.319
54 114 4 78.399
55 1234 20 42.381
56 309 23 85.934
57 118 59 35.746
58 1271 45 34.283
59 1229 3 45.463
60 1101 17 13.732
61 410 53 92.524
62 998 59 18.759
63 270 16 67.024
64 1334 49 41.339
65 938 28 87.043
66 482 34 71.195
67 436 21 48.262
68 447 51 9.831
69 554 59 55.246
70 174 22 45.575
71 537 8 68.556
72 1051 49 82.703
73 334 15 85.587
74 1341 30 27.483
75 1188 32 9.642
76 1400 8 65.009
77 1121 57 3.324
78 1151 2 52.48
79 901 24 88.436
80 247 13 85.129
81 176 1 41.694
82 1003 39 64.056
83 682 43 95.346
84 1313 54 56.832
85 685 46 37.89
86 634 51 88.591
87 152 11 96.982
88 657 43 89.787
89 915 1 25.239
90 654 27 54.215
91 473 60 44.022
92 433 26 15.259
93 883 11 37.593
94 558 53 24.64
95 821 38 18.934
96 1292 18 28.362
97 524 12 17.281
98 1174 9 76.806
99 1213 48 87.891
100 993 53 44.944
101 441 60 53.102
102 1167 20 67.639
103 518 19 76.196
104 714 48 32.568
105 205 28 50.709
106 285 10 62.809
107 417 56 48.78
108 95 43 89.681
109 701 52 31.602
110 427 8 66.365
111 467 49 64.677
112 1351 43 97.697
113 593 37 6.268
114 108 9 66.195
115 390 11 26.337
116 973 47 24.222
117 1173 33 74.257
118 452 37 63.988
119 1257 60 39.404
