150
1 1191 3 12
2 997 48 6
3 316 45 41
4 1103 40 62
5 132 37 46
6 1105 4 28
7 253 23 22
8 874 17 64
9 176 36 82
10 917 3 81
11 1204 28 30
12 663 18 25
13 847 37 16
14 958 9 2
15 508 4 37
16 340 16 87
17 1105 3 63
18 1370 30 21
19 180 25 80
20 479 34 67
21 132 11 46
22 1089 12 54
23 841 6 57
24 756 37 79
25 1359 46 45
26 1388 23 3
27 558 39 13
28 509 35 18
29 356 9 18
30 1164 32 56
31 1112 51 25
32 1226 25 47
33 870 10 85
34 64 51 60
35 882 21 88
36 1136 59 35
37 1361 28 98
38 1112 57 76
39 252 27 80
40 1314 51 87
41 61 10 52
42 640 23 39
43 498 47 88
44 479 11 52
45 961 56 9
46 1070 33 98
47 217 55 37
48 786 51 70
49 745 47 15
50 825 25 85
51 761 14 74
52 730 6 27
53 477 24 76
54 1244 56 98
55 922 32 42
56 498 38 56
57 1256 57 40
58 478 1 91
59 128 52 46
60 154 47 46
61 1179 11 61
62 712 46 56
63 828 47 69
64 225 2 84
65 615 22 61
66 520 39 81
67 130 8 17
68 1319 37 71
69 683 41 67
70 735 57 31
71 56 31 42
72 1340 46 35
73 1201 16 80
74 604 41 27
75 400 35 69
76 1154 24 44
77 543 57 39
78 426 42 94
79 1371 52 40
80 494 44 95
81 526 50 75
82 455 29 78
83 842 49 6
84 509 42 74
85 1307 53 94
86 628 47 9
87 1054 52 52
88 971 54 45
89 429 13 83
90 1249 49 70
91 377 28 57
92 261 10 25
93 1045 37 10
94 1284 19 59
95 703 27 52
96 1236 30 78
97 373 10 78
98 714 49 83
99 493 29 65
100 1310 14 39
101 439 31 89
102 640 37 74
103 324 49 4
104 567 31 43
105 234 30 65
106 247 29 55
107 274 48 48
108 723 47 12
109 101 37 80
110 675 11 49
111 379 41 39
112 500 8 49
113 1231 57 56
114 1377 40 24
115 622 57 92
116 2 52 2
117 1433 29 79
118 206 11 78
119 1264 12 16
120 1154 31 98
121 1106 32 66
122 115 27 35
123 728 38 22
124 1212 6 89
125 905 19 30
126 783 35 24
127 313 45 47
128 15 42 1
129 571 29 85
130 1408 53 56
131 891 22 88
132 343 26 76
133 510 38 45
134 488 21 60
135 477 7 30
136 1268 7 1
137 472 49 47
138 1412 14 45
139 245 20 2
140 140 15 4
141 1147 2 32
142 1083 53 4
143 1281 2 57
144 393 6 6
145 492 24 51
146 662 44 9
147 129 30 31
148 1158 37 32
149 954 25 21
150 990 7 23