150
1 631 29 63.777
2 152 18 23.511
3 526 27 50.514
4 68 50 57.374
5 155 31 73.896
6 207 18 54.051
7 1287 49 68.264
8 872 53 29.335
9 802 18 85.339
10 1167 44 79.771
11 344 10 93.966
12 59 25 51.002
13 725 41 71.431
14 599 32 51.586
15 942 31 40.152
16 1255 33 55.445
17 640 31 60.635
18 425 46 83.587
19 1047 21 62.454
20 607 27 93.056
21 127 20 37.632
22 1152 2 40.886
23 223 57 63.383
24 220 55 33.201
25 583 16 9.802
26 547 28 69.086
27 859 32 71.882
28 757 1 1.713
29 192 49 88.682
30 996 33 14.328
31 591 3 18.766
32 554 42 54.79
33 1333 8 68.84
34 1145 27 42.869
35 1267 41 26.648
36 464 59 93.089
37 164 18 20.308
38 815 38 64.076
39 687 58 47.643
40 93 30 55.049
41 15 25 87.529
42 167 14 39.322
43 624 54 75.348
44 1151 22 16.786
45 921 15 19.974
46 53 50 15.995
47 109 3 75.126
48 743 6 16.358
49 1153 47 55.785
50 988 34 15.571
51 265 22 47.497
52 1261 32 46.15
53 978 1 63.425
54 344 29 5.002
55 909 19 56.314
56 1180 16 53.426
57 1286 34 12.852
58 985 40 34.97
59 939 57 65.19
60 836 3 89.521
61 366 10 76.277
62 275 39 10.899
63 1437 30 4.674
64 529 35 6.882
65 1070 21 34.812
66 14 21 68.044
67 1304 9 72.361
68 1395 2 98.779
69 863 33 77.375
70 605 39 69.61
71 1056 33 54.091
72 1207 9 79.995
73 172 46 71.31
74 463 22 85.964
75 1368 41 98.692
76 327 55 37.419
77 1336 25 45.757
78 1265 28 88.396
79 692 14 2.544
80 1278 53 28.826
81 1120 33 15.172
82 1411 33 93.984
83 1368 7 12.954
84 556 44 16.257
85 1126 59 56.547
86 1112 9 27.607
87 538 23 81.822
88 1385 5 20.764
89 1349 35 4.02
90 370 41 60.322
91 1005 37 84.857
92 44 34 10.8
93 807 40 93.022
94 505 44 86.479
95 662 5 15.215
96 735 51 45.626
97 684 26 29.036
98 399 3 82.362
99 628 13 69.885
100 333 44 98.507
101 478 57 53.483
102 511 26 2.564
103 381 55 81.661
104 1327 17 37.123
105 1420 29 13.948
106 330 39 41.633
107 248 30 18.969
108 437 39 69.453
109 1272 37 86.361
110 1384 39 16.393
111 1433 48 5.024
112 187 38 59.071
113 939 54 27.569
114 1187 39 49.688
115 1315 5 7.953
116 1081 27 32.109
117 533 43 28.497
118 1411 19 99.255
119 909 30 97.012
120 602 23 90.466
121 558 46 75.515
122 1184 51 95.975
123 738 27 6.519
124 1037 46 22.134
125 1131 35 39.012
126 89 18 4.233
127 711 16 36.852
128 1004 13 15.438
129 517 50 14.846
130 1104 34 61.61
131 1311 40 34.89
132 956 29 9.93
133 791 14 68.559
134 1088 24 53.78
135 1307 15 83.284
136 922 14 17.415
137 33 13 67.603
138 902 36 81.958
139 44 9 80.7
140 655 14 7.551
141 1184 34 79.585
142 529 2 28.13
143 1113 33 29.755
144 87 2 67.731
145 1116 16 11.066
146 941 21 55.918
147 1199 22 32.023
148 1281 49 73.667
149 1437 41 59.943
150 1062 53 1.568
