109
1 1388 24 36
2 1050 6 82
3 157 12 33
4 509 19 85
5 1439 21 69
6 1114 17 50
7 1183 55 30
8 743 47 58
9 1203 44 21
10 722 41 57
11 1424 56 58
12 270 12 62
13 1112 40 73
14 1008 28 84
15 1242 52 32
16 539 11 60
17 138 51 9
18 309 48 32
19 332 31 24
20 1244 39 75
21 1271 28 29
22 498 49 1
23 882 12 78
24 564 40 59
25 633 34 84
26 681 4 67
27 1424 46 15
28 108 34 25
29 459 34 11
30 968 56 49
31 1212 29 15
32 1057 33 71
33 394 49 52
34 849 48 57
35 40 2 42
36 330 37 2
37 706 49 37
38 85 46 33
39 755 2 3
40 833 15 85
41 680 51 19
42 741 49 30
43 211 21 15
44 4 12 29
45 1293 47 51
46 214 2 56
47 1360 30 78
48 704 11 98
49 190 37 59
50 1437 48 65
51 1060 12 84
52 697 25 72
53 1123 26 20
54 1104 39 39
55 301 37 91
56 128 18 79
57 1225 9 32
58 209 18 77
59 753 57 28
60 1013 13 90
61 548 35 76
62 764 15 97
63 903 38 11
64 34 13 59
65 871 7 67
66 894 32 34
67 1240 31 82
68 141 56 16
69 784 46 81
70 136 25 42
71 652 27 99
72 1421 48 26
73 368 27 21
74 1042 58 15
75 387 9 96
76 708 38 21
77 1406 41 65
78 239 42 59
79 1224 31 52
80 635 16 52
81 856 35 78
82 1391 21 56
83 516 39 60
84 818 33 3
85 286 44 11
86 1413 12 66
87 1329 33 67
88 162 15 36
89 1404 23 85
90 1299 50 61
91 67 26 5
92 1291 10 10
93 651 52 95
94 1265 32 66
95 525 27 69
96 1339 45 90
97 90 49 83
98 380 27 84
99 436 27 41
100 1350 35 36
101 691 26 65
102 815 6 12
103 1356 4 80
104 212 54 59
105 690 38 63
106 852 16 35
107 917 40 72
108 1302 24 52
109 1151 7 84
