150
1 1175 36 26
2 563 57 43
3 613 30 1
4 1167 53 94
5 145 11 32
6 658 35 2
7 929 12 62
8 153 58 52
9 462 42 64
10 604 30 70
11 962 20 61
12 14 9 16
13 501 16 81
14 1160 22 11
15 1353 54 31
16 85 40 34
17 1338 4 46
18 639 39 61
19 214 7 41
20 791 7 60
21 1262 25 34
22 974 31 93
23 995 44 3
24 367 20 36
25 956 29 75
26 751 23 57
27 1200 28 14
28 796 5 74
29 853 26 96
30 327 24 78
31 41 49 17
32 884 20 54
33 862 14 87
34 1325 53 95
35 247 30 77
36 313 43 72
37 282 53 35
38 1209 7 68
39 434 40 93
40 719 46 62
41 167 24 27
42 581 15 79
43 957 26 74
44 494 48 92
45 1032 49 4
46 129 32 26
47 1210 51 90
48 56 48 78
49 612 8 5
50 100 36 69
51 492 54 82
52 34 39 69
53 404 48 88
54 945 58 27
55 1282 38 2
56 399 46 44
57 1191 16 45
58 539 56 33
59 1398 39 18
60 806 56 56
61 1312 34 5
62 300 16 41
63 954 8 27
64 1136 1 53
65 344 14 21
66 180 12 89
67 1042 8 61
68 301 49 9
69 766 58 10
70 1228 32 31
71 1223 10 80
72 1007 57 12
73 819 20 89
74 869 3 69
75 553 37 81
76 1343 8 42
77 1139 43 37
78 543 31 83
79 248 59 78
80 606 59 74
81 1069 33 14
82 1103 44 34
83 168 9 87
84 881 24 91
85 616 53 79
86 784 48 20
87 746 55 8
88 910 6 69
89 403 25 39
90 1335 51 65
91 928 11 48
92 423 43 66
93 176 31 28
94 332 35 92
95 365 22 40
96 55 54 49
97 1423 59 77
98 1339 6 88
99 897 25 18
100 828 44 88
101 1041 49 88
102 930 44 25
103 1146 28 50
104 1312 51 11
105 768 54 90
106 1000 51 17
107 507 34 89
108 89 5 62
109 611 17 89
110 967 59 2
111 666 1 89
112 1198 20 33
113 1407 39 33
114 1264 33 21
115 226 51 26
116 468 37 19
117 634 52 46
118 1300 5 73
119 999 20 2
120 678 44 27
121 1179 47 16
122 1429 51 32
123 1034 44 5
124 1181 17 30
125 1002 12 10
126 474 19 30
127 294 41 45
128 1005 39 58
129 794 52 38
130 315 15 83
131 787 25 70
132 1244 54 92
133 1257 7 89
134 1319 33 98
135 955 21 62
136 277 19 35
137 50 32 3
138 761 32 40
139 770 43 53
140 84 4 58
141 1249 42 65
142 72 1 72
143 1423 22 24
144 794 19 16
145 393 55 23
146 1092 5 12
147 540 30 9
148 874 52 66
149 1357 59 36
150 947 3 91