150
1 1248 40 0.626
2 741 44 7.566
3 1124 20 35.925
4 307 12 39.506
5 1391 57 37.699
6 1329 41 44.6
7 870 59 72.294
8 501 13 11.519
9 174 15 86.05
10 213 16 96.742
11 1205 45 59.173
12 1336 44 40.703
13 782 18 17.087
14 394 39 77.719
15 730 32 66.957
16 1380 36 56.792
17 458 37 13.149
18 77 10 94.391
19 188 19 72.294
20 973 54 38.957
21 620 57 21.694
22 1058 36 86.371
23 1108 39 53.333
24 1132 25 40.031
25 603 54 91.176
26 433 50 19.095
27 375 13 62.573
28 282 9 96.071
29 68 4 2.349
30 772 19 34.808
31 236 16 43.364
32 891 43 76.961
33 404 1 76.874
34 719 48 75.451
35 1195 18 3.211
36 511 27 95.098
37 1026 13 68.209
38 217 56 57.669
39 935 26 70.995
40 416 59 19.297
41 909 42 72.202
42 1237 17 37.94
43 1148 45 76.947
44 753 9 48.82
45 1050 16 49.022
46 1142 48 99.007
47 1298 15 75.508
48 312 30 91.044
49 622 36 91.012
50 988 14 32.685
51 825 44 28.114
52 738 18 30.809
53 884 38 94.55
54 615 5 64.955
55 971 19 30.468
56 762 27 6.974
57 507 40 15.584
58 875 26 86.374
59 643 13 15.545
60 1126 42 65.051
61 810 59 87.639
62 148 7 81.806
63 33 48 45.914
64 303 13 61.165
65 440 31 8.046
66 430 19 92.234
67 790 43 74.107
68 308 30 70.636
69 602 45 89.563
70 987 4 68.19
71 1088 23 51.737
72 773 45 89.438
73 947 57 0.19
74 288 6 92.42
75 833 7 30.068
76 15 55 77.575
77 934 59 68.576
78 1107 43 89.446
79 664 10 22.945
80 40 36 31.148
81 351 57 83.239
82 326 37 42.367
83 1348 32 61.712
84 943 43 60.067
85 1004 20 51.152
86 911 13 61.44
87 893 51 0.856
88 329 48 20.705
89 344 50 95.087
90 332 34 55.03
91 1092 60 99.378
92 188 17 83.811
93 952 37 96.44
94 138 35 86.124
95 406 59 49.36
96 796 13 23.685
97 856 2 2.866
98 102 27 15.316
99 42 2 29.813
100 1399 9 78.886
101 610 28 40.761
102 1124 42 88.881
103 704 1 8.856
104 709 38 49.93
105 938 20 83.87
106 909 22 45.66
107 1353 47 81.483
108 260 54 78.754
109 555 37 72.933
110 1267 12 29.393
111 1102 26 50.801
112 1207 36 22.612
113 29 59 38.873
114 715 36 6.869
115 398 27 69.641
116 84 59 40.625
117 232 52 57.057
118 1202 32 1.792
119 42 47 0.497
120 1243 25 56.264
121 898 42 76.825
122 170 46 16.998
123 454 37 56.337
124 679 51 0.293
125 258 25 77.592
126 769 34 6.044
127 887 44 13.583
128 794 10 53.867
129 123 36 5.095
130 1239 20 10.505
131 572 53 12.345
132 622 8 52.094
133 575 47 94.481
134 239 33 38.191
135 631 5 71.183
136 1258 5 25.046
137 954 53 27.322
138 656 28 91.038
139 1292 36 78.498
140 92 21 89.019
141 738 21 43.003
142 486 37 54.4
143 354 57 19.16
144 1411 20 5.303
145 1167 22 34.02
146 96 7 44.491
147 301 45 79.758
148 1284 34 94.498
149 997 31 10.783
150 892 21 86.762