150
1 100 25 78.071
2 207 37 94.166
3 724 24 29.824
4 286 57 55.446
5 458 30 11.798
6 25 45 76.391
7 1263 50 24.902
8 479 43 95.514
9 43 1 21.539
10 780 23 12.338
11 1096 55 10.716
12 447 7 15.93
13 1381 59 60.22
14 1414 58 76.878
15 760 56 20.833
16 912 21 54.843
17 1128 23 18.127
18 398 3 31.207
19 1423 14 85.441
20 99 55 49.904
21 1008 31 48.832
22 240 17 54.192
23 1131 35 10.471
24 1332 57 21.568
25 997 51 40.397
26 417 18 62.315
27 834 19 51.729
28 702 11 26.52
29 51 24 86.247
30 476 59 21.521
31 688 25 79.806
32 1250 26 43.042
33 306 45 7.012
34 532 20 80.528
35 1178 11 75.422
36 237 12 95.736
37 1127 59 47.699
38 538 51 58.684
39 1107 9 91.205
40 417 51 74.934
41 145 43 52.158
42 629 22 5.497
43 1125 3 82.298
44 755 28 29.666
45 885 9 36.067
46 434 41 87.542
47 1346 28 28.733
48 1088 8 39.189
49 486 12 37.261
50 1423 27 10.791
51 339 13 5.141
52 1027 44 19.256
53 1191 32 89.058
54 1353 24 78.25
55 204 40 36.765
56 268 31 57.919
57 37 52 40.997
58 146 32 24.025
59 162 12 37.052
60 981 11 4.545
61 572 11 6.083
62 864 58 67.452
63 1291 40 76.974
64 1036 40 67.992
65 1030 34 73.019
66 342 2 77.677
67 711 46 82.149
68 561 37 43.674
69 1114 40 74.001
70 84 11 84.665
71 10 11 81.279
72 1395 41 30.869
73 931 30 22.104
74 852 24 66.738
75 1290 43 49.372
76 531 12 29.641
77 177 3 25.888
78 1258 37 85.254
79 951 25 75.945
80 405 49 93.41
81 445 32 4.633
82 712 56 66.406
83 973 3 63.424
84 1294 58 82.816
85 25 28 37.051
86 484 48 6.185
87 1298 18 64.73
88 646 8 38.25
89 757 57 60.097
90 693 58 59.532
91 837 10 29.285
92 767 6 38.785
93 925 25 5.454
94 1385 4 55.015
95 276 16 56.49
96 1427 20 34.403
97 459 1 16.097
98 714 23 77.071
99 753 24 8.637
100 725 11 53.058
101 91 13 90.926
102 239 4 74.592
103 405 29 44.258
104 70 22 35.823
105 256 26 25.76
106 1248 51 19.794
107 389 23 94.999
108 967 28 53.316
109 1425 22 47.356
110 391 22 51.162
111 277 44 72.751
112 1072 10 73.968
113 1166 56 83.481
114 672 34 63.792
115 1162 24 45.769
116 1148 54 83.631
117 189 5 75.767
118 515 37 34.812
119 1216 27 58.792
120 854 9 1.41
121 877 12 94.464
122 951 7 44.934
123 805 43 97.931
124 106 21 93.093
125 1321 4 79.725
126 638 8 74.408
127 115 18 63.25
128 1130 42 19.383
129 1212 2 89.047
130 409 48 95.883
131 233 39 4.269
132 1017 13 24.614
133 1345 41 65.51
134 820 25 6.308
135 148 33 61.043
136 502 55 43.177
137 413 57 11.665
138 729 51 66.002
139 1365 20 45.699
140 1355 6 31.902
141 1326 16 3.285
142 379 59 45.995
143 1174 43 11.699
144 1167 21 23.396
145 215 46 54.115
146 69 29 87.493
147 1308 35 38.085
148 652 47 54.557
149 1076 14 56.868
150 1361 55 35.664