150
1 1136 11 76.332
2 961 29 16.217
3 616 41 20.555
4 1423 23 43.603
5 1384 21 48.242
6 41 11 70.299
7 572 25 68.628
8 648 3 95.259
9 923 10 6.371
10 730 39 89.244
11 1374 32 87.461
12 131 7 14.584
13 1286 47 85.208
14 59 3 91.570
15 308 50 83.508
16 1350 53 64.494
17 118 8 16.973
18 235 36 71.712
19 601 39 44.201
20 43 35 89.684
21 232 13 45.342
22 1002 35 97.085
23 1053 38 68.694
24 17 16 43.049
25 1289 17 85.164
26 143 17 31.360
27 599 12 22.395
28 372 18 18.324
29 557 55 81.619
30 905 30 78.767
31 242 30 3.684
32 592 34 94.532
33 545 28 51.240
34 209 2 26.134
35 419 8 5.527
36 6 30 68.391
37 1009 60 20.114
38 1424 10 58.821
39 77 56 6.685
40 822 21 91.769
41 589 22 20.092
42 937 37 26.327
43 1272 6 96.005
44 1409 50 4.263
45 773 17 21.290
46 1035 48 44.074
47 435 30 47.474
48 1386 38 60.438
49 511 53 36.401
50 20 10 26.736
51 64 3 71.620
52 535 58 73.412
53 150 1 64.815
54 564 22 10.057
55 1023 59 2.415
56 669 39 32.919
57 1432 38 24.623
58 968 46 30.128
59 244 16 5.123
60 1396 57 52.095
61 859 55 70.573
62 174 24 90.809
63 939 58 67.276
64 1359 11 73.731
65 1087 16 84.769
66 1272 9 67.444
67 158 32 62.535
68 1365 11 82.942
69 482 56 30.293
70 1378 14 28.378
71 1058 11 6.388
72 28 43 62.858
73 797 4 43.299
74 1137 5 50.863
75 833 24 66.604
76 1112 30 8.256
77 1339 33 67.184
78 552 12 32.055
79 432 15 11.601
80 955 44 55.771
81 641 27 32.120
82 422 6 93.997
83 569 51 55.698
84 972 54 58.245
85 845 40 5.439
86 83 56 23.747
87 1265 53 7.402
88 437 24 13.835
89 536 53 48.635
90 71 50 79.756
91 294 15 54.762
92 221 45 91.342
93 1358 30 24.644
94 386 39 7.192
95 988 25 58.245
96 648 48 3.921
97 19 31 87.150
98 361 3 26.640
99 1012 31 16.062
100 1253 23 61.797
101 1414 2 9.377
102 784 36 25.999
103 319 14 23.330
104 864 50 26.756
105 1047 14 11.676
106 435 20 17.012
107 1178 23 77.188
108 137 22 22.524
109 923 34 81.076
110 437 17 10.024
111 119 12 7.432
112 761 20 73.806
113 771 45 67.801
114 759 56 41.404
115 350 42 94.353
116 477 51 18.137
117 69 44 79.864
118 356 29 34.544
119 163 26 24.376
120 784 41 11.963
121 776 55 36.761
122 850 43 1.490
123 739 57 40.007
124 74 43 95.172
125 217 45 33.162
126 892 26 79.808
127 255 10 16.412
128 276 18 90.086
129 678 55 48.289
130 689 51 38.234
131 765 54 58.437
132 1354 44 25.129
133 624 32 17.368
134 793 15 14.887
135 1248 28 91.439
136 579 52 70.832
137 1425 7 49.400
138 976 48 0.485
139 1186 12 13.124
140 1429 50 4.100
141 703 7 11.886
142 1422 41 30.858
143 1439 35 32.670
144 86 20 80.826
145 1293 19 20.980
146 767 12 66.855
147 16 44 69.993
148 15 22 84.831
149 174 21 13.469
150 39 46 14.742
