133
1 959 56 92
2 11 19 18
3 1294 34 2
4 736 7 50
5 325 33 55
6 1246 15 15
7 929 55 20
8 938 12 61
9 797 12 33
10 884 8 65
11 1355 52 77
12 764 52 17
13 227 6 90
14 157 22 27
15 1047 22 92
16 704 1 21
17 1414 13 55
18 957 49 89
19 985 53 68
20 228 53 62
21 17 24 48
22 220 54 27
23 71 4 21
24 1167 12 47
25 401 49 15
26 1143 22 76
27 1163 26 50
28 629 57 86
29 1432 6 57
30 1007 30 96
31 645 21 80
32 523 52 38
33 1149 22 68
34 6 47 41
35 798 34 1
36 442 39 55
37 1275 20 12
38 332 5 50
39 979 8 43
40 126 19 44
41 288 2 85
42 1236 21 37
43 753 2 3
44 48 59 91
45 190 41 72
46 895 26 87
47 1218 19 55
48 898 20 93
49 315 14 69
50 313 27 89
51 925 15 15
52 277 36 22
53 635 37 28
54 173 43 15
55 365 50 34
56 1023 44 59
57 766 41 19
58 1373 52 21
59 638 31 78
60 448 30 86
61 177 18 72
62 1216 26 95
63 1154 17 72
64 1306 41 43
65 132 37 10
66 207 8 87
67 62 42 16
68 385 36 74
69 1132 42 29
70 1107 46 12
71 1405 7 68
72 769 54 48
73 544 47 47
74 855 47 4
75 1156 19 96
76 1025 7 23
77 707 16 71
78 1275 32 99
79 1333 40 68
80 37 41 13
81 882 17 1
82 1181 7 86
83 823 45 82
84 1073 20 96
85 614 50 95
86 440 33 61
87 767 25 73
88 998 60 25
89 756 15 83
90 1392 15 89
91 66 44 34
92 1028 5 65
93 225 58 34
94 1359 36 59
95 707 4 85
96 1354 60 45
97 738 32 38
98 9 59 32
99 571 55 47
100 1423 33 55
101 1266 31 80
102 251 36 34
103 95 60 44
104 27 31 85
105 798 11 46
106 860 37 35
107 1226 1 12
108 473 53 67
109 825 50 66
110 416 22 51
111 1064 57 42
112 150 51 87
113 167 19 73
114 17 45 15
115 719 59 77
116 1413 7 7
117 562 5 22
118 35 10 58
119 1057 8 19
120 1115 21 55
121 300 20 64
122 1384 54 45
123 938 15 92
124 7 54 97
125 609 52 77
126 1006 28 62
127 642 6 42
128 400 51 1
129 125 27 27
130 620 30 54
131 497 14 58
132 1375 59 94
133 524 27 17
