150
1 917 16 32.476
2 403 38 51.68
3 1092 9 90.44
4 1286 41 39.4
5 187 49 5.866
6 998 17 5.1
7 793 15 1.922
8 1396 13 28.211
9 178 45 27.92
10 483 49 13.045
11 740 16 75.017
12 1236 54 65.58
13 1083 45 27.5
14 133 8 9.713
15 163 28 72.2
16 590 22 41.2 
17 328 28 79.0
18 525 27 83.443
19 134 43 89.19
20 175 30 14.7
21 56 9 15.7
22 1159 37 18.4
23 187 51 86.893
24 763 5 68.58
25 515 24 29.074
26 1376 1 7.906
27 183 50 54.9
28 1029 58 86.98
29 30 33 24.3
30 216 8 68.2
31 1431 6 69.9
32 961 60 90.833
33 720 6 91.2
34 528 11 22.324
35 589 10 3.214
36 651 41 58.94
37 1126 54 58.221
38 620 58 56.08
39 1123 1 34.21
40 563 44 73.3
41 1047 50 26.9
42 164 5 14.93
43 20 56 63.63
44 856 44 39.01
45 571 28 92.72
46 1375 32 26.843
47 676 38 33.398
48 1198 49 22.7
49 875 24 5.247
50 1052 1 71.49
51 1423 49 35.752
52 1392 6 32.95
53 1203 56 52.535
54 195 52 59.7
55 707 9 41.4
56 1112 19 76.71
57 65 35 3.885
58 277 23 70.365
59 989 8 2.7
60 30 39 69.9
61 647 13 18.11
62 103 50 86.3
63 617 2 97.1
64 1349 9 41.393
65 977 49 42.288
66 1201 56 93.6
67 1016 7 35.0
68 26 8 41.3
69 1143 39 70.523
70 110 48 76.3
71 157 31 75.4
72 1141 57 42.2
73 311 60 96.934
74 628 53 92.1
75 292 24 44.71
76 1143 26 46.943
77 990 55 92.672
78 619 47 42.6
79 405 32 6.0
80 71 2 74.5
81 586 1 53.672
82 1179 56 41.2
83 935 50 43.168
84 255 16 74.27
85 642 11 17.395
86 987 43 80.23
87 270 26 3.46
88 741 18 81.0
89 828 39 31.074
90 876 45 47.777
91 20 23 68.4
92 1397 29 62.5
93 372 46 19.15
94 489 6 71.9
95 1182 43 17.613
96 910 17 28.3
97 757 6 58.563
98 872 49 60.919
99 197 54 98.7
100 601 26 5.7
101 1238 22 33.615
102 310 5 22.0
103 564 25 45.1
104 631 36 37.4
105 556 18 75.49
106 685 33 81.669
107 147 39 83.52
108 806 26 37.79
109 165 16 35.827
110 131 44 82.004
111 261 33 70.6
112 1435 14 60.12
113 37 42 40.5
114 523 27 37.477
115 699 27 4.367
116 40 57 9.7
117 623 56 40.2
118 89 3 75.992
119 1351 19 15.8
120 527 18 48.777
121 695 58 71.026
122 808 33 6.56
123 150 42 3.895
124 951 37 83.5
125 381 34 91.036
126 114 57 4.867
127 958 15 99.0
128 1305 29 28.61
129 522 32 43.2
130 698 9 94.835
131 751 36 1.945
132 1279 42 94.02
133 272 50 24.4
134 898 20 29.193
135 925 38 30.14
136 1211 15 32.8
137 1077 60 75.0
138 626 18 5.238
139 1322 26 54.74
140 116 26 67.5
141 138 50 57.1
142 567 30 51.822
143 127 16 90.347
144 948 28 77.79
145 1007 45 30.81
146 320 35 90.197
147 1207 51 89.904
148 1093 49 16.213
149 1061 49 95.8
150 591 14 72.434
