146
1 428 53 8
2 707 15 45
3 179 31 78
4 638 47 11
5 1235 49 3
6 764 3 24
7 191 50 36
8 245 59 42
9 797 8 77
10 7 60 70
11 239 9 21
12 841 46 74
13 1361 4 14
14 1380 17 44
15 1172 21 29
16 1423 17 44
17 800 7 39
18 1405 60 27
19 122 48 24
20 1355 1 2
21 546 45 49
22 417 2 79
23 1134 21 5
24 77 58 97
25 1061 38 46
26 696 59 39
27 733 22 65
28 169 28 80
29 949 39 66
30 379 45 55
31 1083 51 92
32 1256 8 48
33 589 3 5
34 69 18 35
35 536 4 93
36 66 52 6
37 8 23 50
38 147 36 82
39 742 13 65
40 1246 44 23
41 1194 33 4
42 238 5 40
43 1009 21 28
44 189 49 58
45 317 38 98
46 105 10 30
47 806 21 97
48 1283 45 14
49 1078 22 52
50 465 30 94
51 1161 6 97
52 637 7 68
53 1104 43 22
54 1252 4 11
55 794 2 82
56 811 43 3
57 200 25 36
58 131 31 34
59 753 1 90
60 227 35 19
61 330 7 39
62 917 47 40
63 327 24 9
64 891 42 67
65 850 25 35
66 1057 52 51
67 655 40 72
68 1353 46 49
69 850 43 13
70 605 53 37
71 1248 15 13
72 385 13 7
73 1006 40 14
74 211 3 87
75 587 13 87
76 593 27 19
77 13 50 47
78 145 28 82
79 1440 33 84
80 824 45 24
81 382 24 90
82 261 32 81
83 1272 58 29
84 531 5 38
85 906 7 50
86 934 54 32
87 663 35 34
88 580 40 34
89 872 13 32
90 1167 44 18
91 576 43 90
92 569 28 57
93 674 48 41
94 885 33 29
95 1280 18 36
96 478 40 68
97 1433 46 22
98 1380 35 96
99 953 41 20
100 839 49 58
101 231 20 10
102 885 21 6
103 987 49 70
104 1070 35 22
105 346 5 34
106 613 36 63
107 1349 57 24
108 181 23 34
109 303 10 99
110 12 42 88
111 1185 34 5
112 811 22 49
113 149 12 62
114 755 22 96
115 125 5 64
116 1078 50 76
117 1262 14 8
118 1402 53 42
119 354 19 7
120 10 47 99
121 52 15 79
122 1309 47 53
123 1043 25 56
124 1177 22 55
125 1403 17 88
126 139 53 77
127 845 23 20
128 701 14 28
129 720 22 94
130 1409 41 11
131 1044 2 39
132 1282 20 88
133 1089 11 36
134 757 51 60
135 262 43 64
136 109 53 66
137 1028 5 22
138 1412 58 6
139 200 19 37
140 879 60 58
141 655 11 45
142 493 29 27
143 230 54 43
144 307 27 43
145 823 3 84
146 18 35 96
