150
1 1168 38 47
2 49 32 35
3 1242 47 53
4 602 25 14
5 600 45 85
6 360 25 86
7 990 28 55
8 134 17 80
9 478 7 45
10 425 39 11
11 364 33 14
12 61 17 92
13 870 40 15
14 1239 16 63
15 306 11 71
16 611 21 54
17 922 41 76
18 1293 8 20
19 675 31 52
20 169 55 46
21 276 10 24
22 472 47 44
23 1081 41 85
24 1179 17 28
25 369 36 47
26 531 4 41
27 806 21 13
28 262 9 30
29 804 60 81
30 679 59 79
31 656 21 77
32 1431 18 61
33 819 29 59
34 584 37 73
35 889 33 87
36 597 8 44
37 1176 9 4
38 1392 39 26
39 748 53 32
40 1190 9 53
41 456 4 5
42 211 43 85
43 11 42 98
44 156 32 42
45 228 34 56
46 415 32 40
47 52 34 72
48 224 35 25
49 293 4 75
50 1336 26 92
51 1085 10 52
52 952 27 92
53 686 6 80
54 118 60 39
55 5 17 72
56 791 36 29
57 1106 29 79
58 1060 26 40
59 70 49 21
60 632 8 42
61 871 16 71
62 754 10 85
63 28 26 32
64 19 39 3
65 194 23 93
66 656 33 22
67 23 5 90
68 1060 42 53
69 592 21 53
70 28 20 75
71 185 18 65
72 108 31 69
73 14 3 97
74 1225 56 98
75 1229 52 20
76 471 44 4
77 934 59 15
78 857 28 42
79 969 20 15
80 536 6 74
81 963 42 17
82 1056 5 58
83 761 14 52
84 559 36 40
85 282 48 51
86 833 10 89
87 1042 9 13
88 984 53 53
89 634 5 79
90 86 10 92
91 1066 18 7
92 1037 3 13
93 513 52 73
94 742 53 72
95 818 38 93
96 752 5 45
97 618 42 17
98 1036 48 44
99 148 54 74
100 1113 23 44
101 730 2 36
102 595 59 75
103 457 15 63
104 100 53 89
105 1015 9 7
106 117 47 70
107 51 18 47
108 927 48 41
109 352 56 11
110 1432 8 55
111 1363 16 29
112 319 12 41
113 340 40 91
114 966 5 64
115 813 57 62
116 1129 55 36
117 446 9 37
118 50 2 16
119 812 55 34
120 178 48 34
121 763 17 10
122 70 52 29
123 729 60 2
124 457 2 79
125 702 22 24
126 1144 10 70
127 230 16 65
128 1007 8 88
129 1357 22 39
130 819 34 43
131 287 17 2
132 44 27 92
133 1161 7 38
134 208 10 46
135 429 39 95
136 307 25 92
137 367 14 14
138 443 7 59
139 1008 41 4
140 1023 37 72
141 114 1 60
142 1079 21 14
143 788 33 11
144 972 50 12
145 993 32 95
146 66 4 99
147 1184 6 15
148 189 33 64
149 51 7 34
150 1188 8 13