150
1 342 19 32.737
2 191 15 25.974
3 1210 56 15.713
4 771 33 25.571
5 1362 17 96.331
6 998 41 92.252
7 909 9 46.754
8 611 58 83.309
9 665 35 41.655
10 787 18 32.496
11 389 17 14.021
12 162 58 99.294
13 857 38 9.605
14 381 33 57.396
15 640 59 6.407
16 1061 38 74.808
17 437 23 31.635
18 1003 31 64.633
19 1102 9 47.32
20 1284 26 82.586
21 1029 38 16.934
22 945 27 20.044
23 1213 15 77.286
24 1401 58 89.752
25 853 54 58.607
26 73 42 33.227
27 529 31 63.265
28 265 34 52.067
29 257 12 57.613
30 191 8 33.589
31 1326 53 16.819
32 1389 40 77.703
33 779 28 61.799
34 986 25 85.035
35 192 40 88.452
36 655 47 16.048
37 8 52 71.513
38 1306 39 48.589
39 584 20 69.686
40 723 10 32.8
41 57 50 13.852
42 34 32 91.573
43 1327 25 66.04
44 1385 15 56.651
45 1373 36 68.206
46 118 41 45.407
47 171 50 28.191
48 580 44 36.489
49 1090 4 9.619
50 195 44 61.375
51 833 18 70.046
52 1254 49 51.141
53 885 37 31.864
54 1101 2 64.288
55 247 17 11.583
56 614 23 88.957
57 1259 10 59.387
58 439 45 92.497
59 941 14 70.851
60 1306 23 53.212
61 1394 27 60.326
62 1157 9 1.89
63 493 37 8.389
64 218 3 36.317
65 294 17 8.708
66 1008 56 26.339
67 706 50 72.374
68 1316 53 12.561
69 169 7 20.625
70 121 55 32.157
71 130 8 46.575
72 1314 37 90.629
73 656 22 56.166
74 1263 47 11.362
75 1251 13 33.107
76 876 29 90.759
77 448 5 16.793
78 860 38 21.881
79 195 36 19.984
80 303 14 50.95
81 1321 20 91.224
82 637 3 10.904
83 546 37 41.897
84 1408 53 59.441
85 328 50 53.514
86 1284 21 73.205
87 1309 22 31.523
88 1170 28 90.927
89 875 31 64.323
90 541 27 2.863
91 1284 29 83.673
92 1418 47 44.775
93 1169 26 9.644
94 146 39 93.515
95 1407 2 83.115
96 1024 56 79.042
97 236 59 63.904
98 706 28 72.552
99 1120 33 91.054
100 1084 40 98.831
101 732 59 1.339
102 1241 4 17.246
103 1103 51 13.9
104 196 26 83.223
105 887 2 5.198
106 199 44 60.421
107 138 11 92.686
108 1136 43 12.28
109 658 16 88.391
110 502 8 35.022
111 1080 42 26.457
112 1049 17 48.885
113 56 6 91.89
114 1122 52 73.134
115 903 42 28.355
116 329 13 53.476
117 1297 46 87.539
118 1197 25 82.091
119 1419 8 87.122
120 689 41 67.74
121 1369 14 64.141
122 38 2 8.891
123 342 41 3.775
124 825 38 17.845
125 412 15 3.559
126 844 17 67.565
127 833 51 8.037
128 752 9 7.013
129 1408 17 45.855
130 67 56 83.293
131 98 30 13.129
132 594 54 28.723
133 1290 43 18.153
134 48 34 6.488
135 476 7 68.388
136 184 55 81.434
137 367 25 97.302
138 34 33 38.751
139 347 18 97.746
140 792 40 72.722
141 939 8 88.397
142 1117 42 32.864
143 258 19 67.443
144 811 16 64.271
145 779 30 32.769
146 1340 24 84.995
147 154 56 4.864
148 326 54 41.231
149 1314 55 99.267
150 1084 26 94.72