150
1 946 9 45.304
2 800 52 10.894
3 155 11 62.973
4 664 15 6.755
5 804 25 59.866
6 1207 1 5.686
7 550 6 23.541
8 1017 32 4.261
9 1411 58 59.154
10 1271 53 21.762
11 29 24 86.257
12 1161 10 57.388
13 309 25 64.848
14 1128 10 55.821
15 783 50 77.118
16 1395 35 69.241
17 628 29 72.583
18 612 15 50.31
19 450 27 33.626
20 685 35 78.307
21 362 51 11.207
22 375 29 77.366
23 720 11 28.591
24 426 48 37.936
25 1329 31 40.313
26 800 39 30.521
27 1033 23 89.192
28 278 44 93.935
29 398 1 60.543
30 152 24 59.575
31 587 22 21.669
32 307 10 5.043
33 517 20 70.587
34 322 49 12.866
35 1326 20 18.579
36 59 5 17.406
37 1134 48 81.352
38 851 24 10.572
39 1183 18 50.704
40 295 18 74.494
41 1033 33 24.009
42 1194 57 40.4
43 928 41 96.66
44 1077 27 96.422
45 126 24 23.862
46 390 58 76.607
47 969 52 39.616
48 1217 52 57.863
49 918 13 35.233
50 189 55 41.878
51 283 7 30.613
52 529 47 38.9
53 328 14 45.615
54 485 41 10.817
55 1005 3 7.984
56 535 40 87.588
57 47 16 65.598
58 695 11 61.131
59 1419 15 12.461
60 304 14 14.888
61 898 5 59.011
62 925 44 10.073
63 1023 6 29.433
64 814 24 60.538
65 661 12 41.411
66 551 35 96.403
67 188 40 32.937
68 688 34 19.237
69 236 27 47.804
70 1063 48 34.747
71 1421 29 64.501
72 1087 33 79.708
73 517 11 63.948
74 252 18 61.279
75 535 4 38.188
76 1335 24 66.129
77 884 55 98.016
78 1006 3 99.592
79 1129 31 99.856
80 1060 58 31.485
81 388 47 0.731
82 812 58 40.043
83 311 22 18.785
84 1376 34 53.136
85 1197 36 20.137
86 624 30 24.316
87 1419 21 85.291
88 25 47 1.208
89 954 7 81.485
90 1262 5 94.439
91 520 43 88.486
92 248 39 99.224
93 847 28 88.275
94 492 39 33.948
95 1218 49 70.985
96 679 15 67.614
97 808 51 91.77
98 749 30 42.118
99 816 33 13.793
100 400 13 9.328
101 510 39 15.155
102 263 15 59.612
103 379 2 66.407
104 615 50 21.672
105 789 21 45.651
106 1101 17 66.759
107 687 11 33.918
108 105 44 82.837
109 823 3 49.076
110 301 18 46.561
111 1020 18 81.126
112 1348 16 46.25
113 958 22 1.91
114 536 8 74.484
115 1421 26 66.612
116 324 28 50.254
117 1296 19 78.911
118 1315 38 55.336
119 288 3 89.154
120 1078 11 73.075
121 1177 23 75.396
122 1049 50 48.585
123 252 45 23.684
124 625 20 8.306
125 1097 9 81.94
126 878 42 77.136
127 748 9 5.726
128 676 15 46.145
129 1194 4 65.168
130 136 10 68.116
131 119 16 94.181
132 783 35 3.554
133 107 27 27.379
134 214 26 2.609
135 187 14 44.276
136 58 15 35.504
137 1238 40 2.819
138 488 48 22.12
139 405 44 7.282
140 1370 35 1.76
141 690 45 41.64
142 674 59 86.254
143 902 32 73.413
144 1306 12 89.902
145 841 24 43.74
146 822 7 84.868
147 2 1 2.000
148 1 3 1.000
149 2 1 2.000
150 1 1 1.000