150
1 689 12 69
2 427 25 82
3 722 11 72
4 583 47 56
5 1087 16 85
6 6 36 80
7 1213 26 15
8 195 47 91
9 147 45 25
10 668 53 8
11 895 2 45
12 292 33 65
13 1093 36 1
14 1317 19 82
15 265 11 76
16 1122 56 86
17 493 21 49
18 280 25 79
19 874 9 96
20 1140 12 98
21 312 10 38
22 133 20 22
23 772 39 77
24 883 6 32
25 527 58 52
26 923 46 93
27 213 51 84
28 225 5 59
29 321 25 98
30 325 7 25
31 807 36 45
32 1242 51 12
33 1042 38 3
34 546 6 40
35 427 47 49
36 566 52 72
37 1149 11 84
38 916 24 32
39 161 13 64
40 839 53 60
41 1137 43 2
42 1403 30 97
43 154 31 79
44 290 15 23
45 591 53 50
46 805 42 30
47 400 14 68
48 1295 23 50
49 255 56 24
50 660 29 30
51 271 40 72
52 1329 2 32
53 1059 32 59
54 487 58 32
55 1177 36 27
56 818 44 24
57 283 24 33
58 63 41 29
59 1321 8 78
60 112 33 33
61 942 52 33
62 1164 30 75
63 512 30 11
64 1373 27 9
65 1121 49 22
66 1424 20 64
67 1071 25 36
68 760 11 69
69 976 46 25
70 619 45 81
71 85 30 15
72 797 2 98
73 1084 38 18
74 963 54 97
75 685 21 65
76 233 27 84
77 1317 7 54
78 814 49 25
79 375 46 1
80 1302 40 39
81 88 43 44
82 691 18 27
83 988 3 69
84 639 30 16
85 1203 40 42
86 762 25 61
87 841 25 26
88 563 15 7
89 388 30 35
90 344 52 61
91 328 1 77
92 635 59 99
93 215 29 40
94 1014 13 15
95 1326 55 94
96 1033 2 58
97 282 57 46
98 495 45 24
99 385 30 97
100 591 29 31
101 1433 9 51
102 1118 37 77
103 19 28 36
104 1024 31 10
105 784 32 86
106 788 39 15
107 1386 29 12
108 1235 52 94
109 1294 3 80
110 1008 1 69
111 1221 48 26
112 298 41 47
113 37 54 15
114 628 53 1
115 1229 58 76
116 98 10 93
117 713 7 82
118 741 19 3
119 873 7 2
120 484 52 20
121 126 35 98
122 599 24 11
123 1156 40 53
124 5 38 4
125 351 58 54
126 181 5 24
127 297 28 31
128 787 10 72
129 1120 48 38
130 381 52 70
131 933 45 14
132 117 15 79
133 972 41 22
134 366 4 5
135 628 13 93
136 73 53 51
137 564 50 99
138 6 31 15
139 71 17 28
140 287 11 82
141 499 2 94
142 99 44 35
143 978 9 29
144 315 18 12
145 979 33 75
146 729 26 80
147 188 26 4
148 860 5 64
149 759 17 29
150 1309 52 89