150
1 961 34 51.541
2 353 60 83.566
3 245 38 34.007
4 598 57 92.437
5 155 3 43.767
6 1181 55 88.707
7 1257 12 5.722
8 356 18 25.33
9 598 34 43.725
10 639 47 89.551
11 477 34 68.054
12 166 37 67.396
13 1351 27 9.433
14 1036 42 82.525
15 1138 55 40.702
16 617 37 9.341
17 264 59 92.644
18 597 37 19.969
19 284 42 45.116
20 279 59 60.331
21 851 40 62.256
22 757 42 35.185
23 78 38 47.235
24 70 54 31.994
25 185 52 72.302
26 544 57 96.038
27 993 52 70.291
28 1231 44 73.832
29 1038 40 81.718
30 559 44 40.006
31 925 13 92.778
32 371 40 10.755
33 865 48 31.347
34 902 60 34.054
35 246 59 28.228
36 405 8 82.661
37 1439 27 94.478
38 1423 54 68.528
39 1319 1 23.378
40 98 7 68.345
41 1137 53 98.468
42 1040 31 0.37
43 612 39 76.931
44 795 37 95.738
45 1072 48 14.591
46 314 54 1.364
47 1433 30 64.946
48 1089 14 61.506
49 563 46 83.426
50 589 39 48.682
51 439 50 31.273
52 984 4 94.063
53 80 19 9.242
54 1215 41 27.18
55 1085 31 71.017
56 15 52 35.921
57 855 9 49.483
58 1418 23 56.06
59 805 49 81.969
60 928 23 77.951
61 3 29 39.954
62 623 10 74.814
63 1320 35 99.424
64 1284 3 91.473
65 1119 47 97.351
66 896 54 24.77
67 826 56 66.014
68 1046 14 30.943
69 1191 5 63.685
70 1315 11 89.455
71 623 52 45.048
72 1239 8 32.962
73 202 45 53.174
74 1055 21 80.574
75 683 48 30.927
76 626 33 56.144
77 658 41 99.502
78 486 36 5.839
79 1211 7 11.224
80 588 52 66.169
81 393 37 4.463
82 1188 38 97.431
83 1140 18 88.212
84 904 49 29.452
85 426 56 72.429
86 1417 18 31.666
87 397 21 62.181
88 65 19 1.443
89 392 37 33.117
90 1221 3 83.268
91 49 11 89.262
92 976 27 82.737
93 309 18 37.447
94 531 4 43.398
95 108 18 64.85
96 823 51 13.09
97 905 60 50.162
98 923 4 25.925
99 485 23 43.139
100 514 32 37.927
101 662 11 51.072
102 1004 31 4.466
103 83 37 58.672
104 1199 4 1.814
105 1292 60 96.698
106 478 45 2.235
107 695 35 3.212
108 1035 23 33.549
109 33 43 69.687
110 610 35 25.187
111 1031 41 26.735
112 1393 3 17.513
113 946 43 91.402
114 497 5 53.656
115 680 44 88.073
116 168 56 64.198
117 1221 55 23.217
118 1428 31 76.192
119 270 43 61.685
120 1147 56 43.306
121 283 7 88.533
122 1005 34 91.42
123 1206 33 78.1
124 308 51 8.993
125 276 50 47.275
126 1302 32 7.997
127 221 55 81.859
128 1188 14 80.121
129 527 50 28.972
130 654 43 84.983
131 814 54 17.821
132 538 49 81.319
133 1320 59 54.592
134 812 19 9.873
135 1232 53 10.194
136 823 2 60.697
137 1032 18 57.846
138 246 50 85.25
139 1220 49 98.908
140 450 10 57.527
141 815 59 8.995
142 657 11 1.739
143 737 35 89.68
144 1382 20 60.604
145 1297 45 55.098
146 1368 45 23.906
147 349 32 26.662
148 500 13 96.95
149 92 41 82.713
150 598 8 26.155
