101
1 3 1 42.0
2 5 1 42.0
3 7 1 42.0
4 9 1 42.0
5 11 1 42.0
6 13 1 42.0
7 15 1 42.0
8 17 1 42.0
9 19 1 42.0
10 21 1 42.0
11 23 1 42.0
12 25 1 42.0
13 27 1 42.0
14 29 1 42.0
15 31 1 42.0
16 33 1 42.0
17 35 1 42.0
18 37 1 42.0
19 39 1 42.0
20 41 1 42.0
21 43 1 42.0
22 45 1 42.0
23 47 1 42.0
24 49 1 42.0
25 51 1 42.0
26 53 1 42.0
27 55 1 42.0
28 57 1 42.0
29 59 1 42.0
30 61 1 42.0
31 63 1 42.0
32 65 1 42.0
33 67 1 42.0
34 69 1 42.0
35 71 1 42.0
36 73 1 42.0
37 75 1 42.0
38 77 1 42.0
39 79 1 42.0
40 81 1 42.0
41 83 1 42.0
42 85 1 42.0
43 87 1 42.0
44 89 1 42.0
45 91 1 42.0
46 93 1 42.0
47 95 1 42.0
48 97 1 42.0
49 99 1 42.0
50 101 1 42.0
51 103 1 42.0
52 105 1 42.0
53 107 1 42.0
54 109 1 42.0
55 111 1 42.0
56 113 1 42.0
57 115 1 42.0
58 117 1 42.0
59 119 1 42.0
60 121 1 42.0
61 123 1 42.0
62 125 1 42.0
63 127 1 42.0
64 129 1 42.0
65 131 1 42.0
66 133 1 42.0
67 135 1 42.0
68 137 1 42.0
69 139 1 42.0
70 141 1 42.0
71 143 1 42.0
72 145 1 42.0
73 147 1 42.0
74 149 1 42.0
75 151 1 42.0
76 153 1 42.0
77 155 1 42.0
78 157 1 42.0
79 159 1 42.0
80 161 1 42.0
81 163 1 42.0
82 165 1 42.0
83 167 1 42.0
84 169 1 42.0
85 171 1 42.0
86 173 1 42.0
87 175 1 42.0
88 177 1 42.0
89 179 1 42.0
90 181 1 42.0
91 183 1 42.0
92 185 1 42.0
93 187 1 42.0
94 189 1 42.0
95 191 1 42.0
96 193 1 42.0
97 195 1 42.0
98 197 1 42.0
99 199 1 42.0
100 1410 1 42.0
101 142 1 42.0