106
1 485 3 66.051
2 17 43 82.251
3 921 43 19.424
4 394 49 83.391
5 460 40 24.712
6 1060 39 78.403
7 569 56 7.022
8 417 48 18.474
9 125 56 29.974
10 951 15 19.097
11 697 45 98.819
12 1325 22 43.683
13 704 24 84.129
14 850 42 56.980
15 1409 5 5.377
16 270 28 4.114
17 1395 37 18.589
18 809 31 42.498
19 833 24 32.601
20 468 54 1.683
21 918 45 56.344
22 1320 31 11.698
23 798 48 37.465
24 510 24 5.284
25 157 50 32.741
26 217 18 79.347
27 192 12 58.844
28 1355 22 23.021
29 579 39 15.255
30 416 38 50.569
31 271 41 18.539
32 1208 5 9.607
33 745 47 74.733
34 22 25 91.380
35 1041 20 93.639
36 1135 24 25.278
37 252 3 39.158
38 298 27 85.558
39 386 39 96.905
40 659 32 85.086
41 1050 9 41.324
42 1362 41 41.931
43 395 4 24.332
44 356 24 90.511
45 1228 39 47.490
46 380 5 0.138
47 30 42 79.421
48 965 26 73.355
49 1372 3 74.888
50 1271 37 55.288
51 860 2 38.921
52 212 12 68.566
53 308 28 87.184
54 426 42 8.380
55 937 59 46.867
56 543 33 68.885
57 227 35 55.293
58 607 9 56.451
59 351 41 94.895
60 1335 2 13.400
61 701 4 62.124
62 222 17 93.006
63 153 4 45.390
64 284 51 44.792
65 20 32 15.757
66 437 50 4.200
67 679 24 90.084
68 1385 29 92.159
69 1325 6 11.812
70 438 52 13.930
71 1136 1 90.783
72 440 3 86.695
73 1354 42 99.421
74 1010 23 74.772
75 898 34 10.680
76 648 46 55.584
77 1231 37 33.186
78 1305 18 50.063
79 615 37 37.588
80 613 40 13.354
81 190 21 40.511
82 79 11 96.122
83 1221 4 81.657
84 1244 35 78.712
85 162 29 61.421
86 1084 2 35.757
87 988 19 25.892
88 764 57 21.983
89 1060 24 22.460
90 1319 55 63.919
91 1413 10 56.973
92 156 47 10.097
93 1425 22 90.646
94 264 24 91.892
95 824 38 56.146
96 72 19 22.246
97 1333 30 22.401
98 1432 31 27.784
99 1170 21 68.485
100 150 43 54.233
101 94 51 30.785
102 130 60 81.310
103 1060 22 14.133
104 1011 20 10.873
105 1090 53 0.363
106 1315 11 32.690
