140
1 596 19 96.349
2 1173 35 90.55
3 1261 30 27.827
4 982 57 19.04
5 688 57 51.845
6 143 56 6.681
7 666 47 44.631
8 232 1 0.615
9 270 54 90.845
10 700 48 35.4
11 1117 60 97.645
12 821 28 96.945
13 388 60 30.005
14 1178 22 70.636
15 1432 44 13.023
16 350 32 78.0
17 949 28 73.631
18 1067 48 38.543
19 1285 19 23.242
20 474 7 96.373
21 361 53 55.962
22 1165 8 38.076
23 558 56 96.81
24 431 30 66.7
25 1080 26 44.479
26 319 1 90.533
27 1181 20 50.382
28 879 23 33.181
29 698 34 68.554
30 116 7 27.108
31 583 30 82.496
32 558 1 29.931
33 304 8 67.258
34 438 1 62.2
35 328 33 67.368
36 43 31 75.869
37 1079 55 26.603
38 954 16 55.042
39 960 51 50.625
40 557 60 16.684
41 881 4 69.437
42 383 54 71.132
43 30 1 60.081
44 451 6 62.455
45 1424 37 37.914
46 458 12 61.515
47 1043 15 13.334
48 103 6 22.226
49 1315 23 96.489
50 645 9 24.143
51 72 6 63.064
52 1305 22 38.713
53 1276 6 16.832
54 1234 21 29.862
55 881 13 41.465
56 32 9 23.359
57 638 37 1.927
58 629 49 43.038
59 1199 16 74.333
60 244 15 51.21
61 1190 12 84.632
62 1126 45 16.915
63 687 13 75.595
64 1253 17 99.581
65 220 15 60.288
66 243 33 95.349
67 569 12 0.023
68 167 37 47.146
69 8 5 90.956
70 1307 8 32.723
71 372 45 89.29
72 769 42 24.53
73 1092 7 78.178
74 697 28 50.617
75 554 26 45.021
76 1297 52 20.376
77 1260 57 0.835
78 1333 60 47.094
79 61 6 77.391
80 142 7 81.962
81 401 30 74.315
82 1351 54 42.488
83 300 29 45.523
84 699 17 20.709
85 227 25 66.669
86 811 40 70.356
87 1112 4 61.91
88 512 58 73.384
89 1110 36 55.239
90 542 14 46.229
91 568 27 40.169
92 706 13 30.215
93 712 15 91.769
94 240 50 26.317
95 1308 31 92.896
96 469 54 28.358
97 375 3 36.502
98 1353 46 78.297
99 1104 37 48.71
100 960 46 5.211
101 980 18 16.687
102 233 2 51.315
103 125 32 54.949
104 886 35 62.739
105 1144 43 20.034
106 689 10 33.619
107 801 30 45.46
108 80 17 41.394
109 32 25 24.527
110 417 41 42.454
111 1315 8 32.84
112 285 17 39.534
113 658 27 79.577
114 488 21 31.341
115 1194 59 84.922
116 240 39 69.351
117 177 46 39.022
118 1175 55 16.368
119 554 42 38.837
120 942 43 98.357
121 506 25 89.563
122 900 52 45.618
123 1037 23 40.921
124 1159 46 63.111
125 577 40 77.351
126 1054 34 87.521
127 44 15 4.173
128 595 38 36.615
129 796 37 89.3
130 640 56 35.68
131 1118 3 67.597
132 135 20 28.078
133 165 13 0.573
134 973 15 97.81
135 148 10 66.268
136 352 9 32.021
137 27 4 81.933
138 1301 59 71.246
139 634 28 6.984
140 860 44 72.891
