127
1 468 43 50.092 
2 85 26 48.539 
3 840 45 84.0 
4 445 31 98.7 
5 1071 52 11.7 
6 1262 6 40.16 
7 344 45 1.0 
8 243 46 72.3 
9 450 19 86.0 
10 439 1 6.0 
11 964 5 23.0 
12 470 49 84.124 
13 1076 43 46.0 
14 772 13 70.228 
15 170 45 46.378 
16 920 27 30.0 
17 610 4 76.934 
18 270 7 9.058 
19 536 15 37.35 
20 540 45 13.9 
21 1081 34 61.68 
22 777 44 53.404 
23 1005 24 32.95 
24 1350 36 56.3 
25 1230 26 63.63 
26 1295 16 72.3 
27 1214 44 39.0 
28 1228 54 53.037 
29 975 16 68.0 
30 107 57 25.628 
31 762 38 77.7 
32 981 30 34.0 
33 1142 16 55.41 
34 94 20 22.66 
35 1345 7 33.0 
36 351 40 27.41 
37 91 59 18.6 
38 660 29 47.2 
39 439 55 60.0 
40 625 14 27.7 
41 527 27 62.0 
42 270 10 19.0 
43 1242 36 19.0 
44 1345 30 4.2 
45 1232 7 89.0 
46 546 33 57.012 
47 1126 35 80.98 
48 1005 15 10.36 
49 1003 7 11.26 
50 52 59 96.0 
51 1077 20 94.637 
52 760 9 49.0 
53 536 42 64.4 
54 646 3 84.4 
55 729 27 49.641 
56 1369 49 30.0 
57 312 32 83.591 
58 80 5 69.0 
59 1091 3 25.66 
60 652 13 11.9 
61 63 55 36.8 
62 996 27 97.2 
63 782 14 16.29 
64 738 59 10.0 
65 647 30 52.38 
66 513 27 36.0 
67 854 36 11.1 
68 1124 39 6.22 
69 919 47 11.264 
70 1263 19 31.3 
71 1205 20 23.6 
72 118 60 85.0 
73 391 29 28.52 
74 1390 7 24.4 
75 526 11 29.64 
76 304 2 27.917 
77 376 8 83.0 
78 1093 26 57.3 
79 349 38 35.882 
80 328 47 65.23 
81 811 41 10.1 
82 69 10 49.101 
83 424 3 49.39 
84 240 28 8.0 
85 1145 16 82.0 
86 910 48 0.02 
87 726 4 20.653 
88 1272 13 98.0 
89 790 60 7.586 
90 1176 39 39.995 
91 1215 16 29.0 
92 818 15 67.779 
93 244 60 14.122 
94 38 39 80.64 
95 1423 21 54.2 
96 1373 60 65.5 
97 662 59 5.8 
98 112 32 67.33 
99 1277 23 91.488 
100 111 18 71.2 
101 556 1 7.8 
102 1021 19 27.0 
103 889 3 75.545 
104 1166 50 52.0 
105 1187 16 73.0 
106 680 50 10.6 
107 294 23 1.0 
108 1162 33 20.4 
109 771 51 26.4 
110 1184 60 39.0 
111 653 47 51.72 
112 1324 29 88.5 
113 1331 17 76.69 
114 33 54 40.0 
115 1029 43 29.0 
116 934 49 90.9 
117 640 52 70.29 
118 550 38 59.0 
119 825 20 85.05 
120 293 17 89.0 
121 329 4 96.6 
122 1390 15 18.1 
123 889 39 17.0 
124 843 22 49.8 
125 1240 27 73.4 
126 1254 24 78.0 
127 891 50 29.0 