150
1 41 12 2
2 1025 2 71
3 144 53 96
4 588 12 54
5 255 5 87
6 609 22 42
7 744 27 5
8 1108 33 82
9 620 36 82
10 1096 19 20
11 1330 39 9
12 124 49 60
13 741 54 25
14 513 3 40
15 1243 24 5
16 268 37 82
17 28 35 85
18 1301 33 75
19 1152 26 16
20 619 37 14
21 524 12 16
22 1054 15 84
23 392 25 83
24 1120 25 8
25 1149 15 48
26 739 26 78
27 1006 9 81
28 1437 17 61
29 652 1 99
30 633 13 93
31 1220 31 32
32 217 48 66
33 1070 29 86
34 354 54 60
35 635 47 26
36 577 31 51
37 938 59 15
38 587 35 31
39 865 44 75
40 78 16 68
41 238 42 56
42 1337 38 1
43 778 9 88
44 851 7 76
45 9 31 70
46 927 22 45
47 668 29 92
48 536 21 7
49 706 46 39
50 164 57 19
51 1014 55 21
52 510 24 27
53 141 19 23
54 1302 36 92
55 988 1 58
56 374 57 20
57 1259 37 40
58 616 50 97
59 4 19 3
60 16 60 60
61 132 34 66
62 1136 2 60
63 524 5 83
64 1342 58 57
65 1164 6 59
66 971 38 55
67 642 14 9
68 1404 14 7
69 1284 26 81
70 955 43 94
71 118 30 17
72 1391 27 41
73 628 27 7
74 846 29 50
75 1047 51 79
76 255 52 43
77 126 52 66
78 1255 22 95
79 1180 48 31
80 1066 54 53
81 618 36 99
82 1392 16 57
83 1191 54 62
84 303 34 57
85 923 14 8
86 412 5 78
87 1000 42 62
88 1067 16 65
89 303 53 16
90 1332 16 61
91 805 59 27
92 675 10 75
93 212 16 53
94 1389 33 31
95 1142 15 2
96 800 39 38
97 355 18 8
98 1237 24 36
99 376 54 84
100 434 42 3
101 725 3 32
102 883 46 38
103 145 30 62
104 821 5 70
105 268 40 81
106 392 55 45
107 1355 48 64
108 798 43 75
109 366 57 79
110 75 24 4
111 689 54 70
112 286 26 88
113 75 14 19
114 249 18 69
115 307 26 13
116 1173 37 33
117 1057 55 12
118 1181 9 22
119 502 6 74
120 137 49 53
121 678 46 52
122 1164 9 52
123 1014 18 24
124 422 9 24
125 747 19 82
126 795 52 96
127 960 30 17
128 211 24 32
129 897 54 63
130 77 10 48
131 887 33 66
132 1158 53 30
133 1328 7 50
134 698 22 2
135 567 33 47
136 1064 13 91
137 648 12 60
138 1266 35 99
139 489 51 21
140 357 40 85
141 993 27 62
142 424 59 53
143 1225 38 7
144 72 12 53
145 701 17 47
146 119 34 10
147 797 45 80
148 1388 37 84
149 620 15 10
150 948 14 73
