144
1 30 30 30.000
2 20 20 20.000
3 20 20 20.000
4 30 20 20.000
5 40 20 20.000
6 50 20 20.000
7 60 20 20.000
8 70 20 20.000
9 80 20 20.000
10 90 20 20.000
11 100 20 20.000
12 110 20 20.000
13 120 20 20.000
14 130 20 20.000
15 140 20 20.000
16 150 20 20.000
17 160 20 20.000
18 170 20 20.000
19 180 20 20.000
20 190 20 20.000
21 200 20 20.000
22 210 20 20.000
23 220 20 20.000
24 230 20 20.000
25 240 20 20.000
26 250 20 20.000
27 260 20 20.000
28 270 20 20.000
29 280 20 20.000
30 290 20 20.000
31 300 20 20.000
32 310 20 20.000
33 320 20 20.000
34 330 20 20.000
35 340 20 20.000
36 350 20 20.000
37 360 20 20.000
38 370 20 20.000
39 380 20 20.000
40 390 20 20.000
41 400 20 20.000
42 410 20 20.000
43 420 20 20.000
44 430 20 20.000
45 440 20 20.000
46 450 20 20.000
47 460 20 20.000
48 470 20 20.000
49 480 20 20.000
50 490 20 20.000
51 500 20 20.000
52 510 20 20.000
53 520 20 20.000
54 530 20 20.000
55 540 20 20.000
56 550 20 20.000
57 560 20 20.000
58 570 20 20.000
59 580 20 20.000
60 590 20 20.000
61 600 20 20.000
62 610 20 20.000
63 620 20 20.000
64 630 20 20.000
65 640 20 20.000
66 650 20 20.000
67 660 20 20.000
68 670 20 20.000
69 680 20 20.000
70 690 20 20.000
71 700 20 20.000
72 710 20 20.000
73 720 20 20.000
74 730 20 20.000
75 740 20 20.000
76 750 20 20.000
77 760 20 20.000
78 770 20 20.000
79 780 20 20.000
80 790 20 20.000
81 800 20 20.000
82 810 20 20.000
83 820 20 20.000
84 830 20 20.000
85 840 20 20.000
86 850 20 20.000
87 860 20 20.000
88 870 20 20.000
89 880 20 20.000
90 890 20 20.000
91 900 20 20.000
92 910 20 20.000
93 920 20 20.000
94 930 20 20.000
95 940 20 20.000
96 950 20 20.000
97 960 20 20.000
98 970 20 20.000
99 980 20 20.000
100 990 20 20.000
101 1000 20 20.000
102 1010 20 20.000
103 1020 20 20.000
104 1030 20 20.000
105 1040 20 20.000
106 1050 20 20.000
107 1060 20 20.000
108 1070 20 20.000
109 1080 20 20.000
110 1090 20 20.000
111 1100 20 20.000
112 1110 20 20.000
113 1120 20 20.000
114 1130 20 20.000
115 1140 20 20.000
116 1150 20 20.000
117 1160 20 20.000
118 1170 20 20.000
119 1180 20 20.000
120 1190 20 20.000
121 1200 20 20.000
122 1210 20 20.000
123 1220 20 20.000
124 1230 20 20.000
125 1240 20 20.000
126 1250 20 20.000
127 1260 20 20.000
128 1270 20 20.000
129 1280 20 20.000
130 1290 20 20.000
131 1300 20 20.000
132 1310 20 20.000
133 1320 20 20.000
134 1330 20 20.000
135 1340 20 20.000
136 1350 20 20.000
137 1360 20 20.000
138 1370 20 20.000
139 1380 20 20.000
140 1390 20 20.000
141 1400 20 20.000
142 1410 20 20.000
143 1420 20 20.000
144 1430 10 19.998
