150
1 353 50 36.31
2 270 6 62.72
3 1092 21 77.07
4 663 31 32.11
5 78 59 50.841
6 593 29 46.945
7 723 13 67.996
8 260 14 83.2
9 743 39 39.461
10 1083 24 29.9
11 1035 7 12.9
12 551 41 81.8
13 1043 58 21.81
14 1179 25 60.62
15 1067 10 11.19
16 1026 20 14.3
17 1341 1 20.027
18 1125 54 47.2
19 292 1 25.885
20 352 44 60.568
21 163 32 52.2
22 227 47 25.4
23 414 54 38.4
24 764 29 3.766
25 1287 44 48.747
26 1087 49 75.445
27 584 46 5.87
28 1419 6 36.788
29 716 7 15.48
30 697 14 90.0
31 938 19 15.719
32 1277 60 9.4
33 1136 14 13.14
34 1331 33 6.1
35 61 51 85.225
36 1135 55 99.8
37 753 32 58.1
38 339 2 25.7
39 731 36 99.3
40 212 3 71.9
41 908 24 49.44
42 195 60 37.0
43 642 28 20.928
44 700 39 16.047
45 194 35 60.4
46 1384 47 52.9
47 1176 45 94.3
48 161 26 97.79
49 872 56 57.567
50 668 30 84.038
51 355 58 38.01
52 531 37 94.5
53 412 31 37.5
54 1212 37 90.251
55 781 21 39.05
56 1090 21 18.9
57 164 23 3.178
58 240 25 25.7
59 502 42 90.6
60 206 36 27.2
61 1013 49 64.1
62 1318 22 23.91
63 450 11 10.7
64 900 41 51.8
65 626 33 67.099
66 93 4 17.0
67 410 41 96.9
68 423 1 69.503
69 560 2 59.59
70 174 45 18.88
71 1295 12 67.183
72 1090 16 46.82
73 641 32 34.1
74 1312 21 35.45
75 903 58 10.9
76 1374 56 32.2
77 381 22 80.5
78 201 39 95.2
79 946 15 6.7
80 832 41 61.5
81 235 46 71.35
82 372 8 1.724
83 138 50 46.442
84 1102 36 91.487
85 1005 23 4.3
86 939 55 91.2
87 494 21 4.081
88 1384 3 96.121
89 1194 5 75.18
90 1028 19 15.7
91 427 11 46.259
92 575 39 10.23
93 484 53 9.1
94 22 50 96.833
95 160 48 98.8
96 747 39 11.069
97 620 3 27.44
98 559 24 99.65
99 740 13 59.383
100 1391 5 37.9
101 459 55 85.638
102 683 12 3.948
103 365 1 16.978
104 279 41 14.017
105 81 14 81.4
106 382 26 50.42
107 1131 41 44.19
108 274 23 71.0
109 311 30 38.08
110 1033 51 63.38
111 1305 23 14.58
112 736 24 29.76
113 1077 30 2.28
114 1166 36 61.927
115 262 17 71.1
116 174 59 65.8
117 80 54 8.4
118 522 60 67.1
119 202 45 95.497
120 49 45 4.744
121 115 20 1.5
122 831 16 64.3
123 559 52 67.7
124 679 40 90.29
125 705 48 96.292
126 398 50 70.1
127 363 12 67.5
128 1063 20 43.151
129 611 39 26.381
130 958 26 20.81
131 456 44 3.2
132 1244 33 99.592
133 530 15 85.3
134 55 31 53.543
135 1164 50 63.072
136 869 7 71.4
137 613 19 74.19
138 1046 37 13.1
139 1221 18 1.549
140 858 52 2.829
141 696 52 86.595
142 301 57 16.88
143 857 46 45.366
144 1053 52 25.0
145 260 13 12.4
146 628 60 23.25
147 230 25 26.9
148 508 2 84.395
149 530 42 53.61
150 470 44 20.0
