150
1 1101 34 93.585
2 501 20 98.057
3 1342 54 45.773
4 95 43 95.14
5 506 60 27.091
6 778 11 77.187
7 592 38 55.043
8 186 47 36.67
9 271 29 3.419
10 546 13 83.517
11 173 41 10.295
12 370 17 87.883
13 1163 43 82.7
14 1360 31 16.873
15 70 37 71.899
16 349 9 84.28
17 892 15 90.714
18 329 3 69.862
19 609 16 5.443
20 785 22 74.354
21 441 17 59.918
22 1165 46 7.77
23 195 8 68.67
24 1306 29 91.618
25 478 27 7.565
26 424 41 70.625
27 243 23 48.498
28 357 46 43.639
29 75 11 70.697
30 833 32 51.547
31 981 26 70.193
32 1166 43 70.613
33 1434 60 71.229
34 1178 47 73.016
35 337 41 72.326
36 1118 31 6.851
37 125 24 1.86
38 1106 34 84.371
39 631 20 38.752
40 1148 36 48.177
41 764 41 69.868
42 599 20 40.53
43 4 17 24.793
44 1105 49 42.87
45 1107 22 48.412
46 168 46 26.136
47 1133 31 95.801
48 773 31 42.74
49 1000 18 16.647
50 740 30 93.305
51 970 1 41.217
52 367 59 17.111
53 1228 38 5.401
54 310 60 45.394
55 797 38 66.907
56 282 31 25.434
57 1041 56 62.716
58 1354 35 35.486
59 475 40 16.551
60 1068 12 57.912
61 1395 57 98.105
62 853 39 4.939
63 72 33 3.825
64 48 39 74.137
65 496 59 46.786
66 340 57 88.117
67 967 41 54.804
68 752 27 35.22
69 867 54 20.852
70 34 29 10.403
71 946 44 42.149
72 888 28 81.281
73 1148 56 73.091
74 705 58 30.006
75 1067 59 80.934
76 620 29 9.575
77 999 40 16.488
78 1273 15 92.714
79 451 41 89.922
80 305 23 23.603
81 170 51 43.654
82 126 35 16.182
83 696 20 75.553
84 726 41 34.151
85 1140 39 36.889
86 1191 4 45.512
87 1131 44 56.749
88 71 14 43.735
89 927 7 71.586
90 1397 55 98.089
91 321 40 45.757
92 245 56 25.629
93 346 23 79.572
94 322 1 18.093
95 259 27 46.831
96 1126 36 10.992
97 1243 44 99.919
98 1404 6 59.376
99 725 55 23.467
100 747 27 4.253
101 951 8 19.08
102 1157 2 41.125
103 1114 38 71.179
104 799 38 60.5
105 5 37 77.126
106 170 32 76.275
107 331 28 17.007
108 48 40 31.051
109 363 43 48.068
110 826 22 41.408
111 768 36 16.212
112 299 42 70.069
113 61 35 14.476
114 810 14 77.568
115 1223 1 87.145
116 437 29 61.631
117 1132 46 12.331
118 592 40 3.523
119 885 10 61.333
120 349 46 58.644
121 178 20 71.989
122 112 36 86.117
123 1329 12 64.555
124 118 40 23.354
125 1148 49 33.502
126 583 58 96.387
127 1067 42 34.227
128 1000 39 14.033
129 16 25 65.368
130 1290 48 34.969
131 1203 32 3.995
132 326 11 34.528
133 782 2 31.435
134 1283 5 92.105
135 1249 7 68.609
136 158 14 20.845
137 1121 38 43.177
138 546 57 46.51
139 512 36 43.116
140 531 7 47.996
141 314 52 70.806
142 215 4 94.28
143 213 46 83.148
144 511 22 2.182
145 901 51 63.392
146 488 29 22.798
147 985 45 58.355
148 1258 16 53.085
149 497 52 32.511
150 1333 12 24.258
