150
1 1 60 10
2 1 30 10
3 1 5 10
4 1 5 10
5 1 5 10
6 1 5 10
7 1 5 10
8 1 5 10
9 1 12 10
10 1 12 10
11 2 60 20
12 2 30 20
13 2 5 20
14 2 5 20
15 2 5 20
16 2 5 20
17 2 5 20
18 2 5 20
19 2 12 20
20 2 12 20
21 3 60 30
22 3 30 30
23 3 5 30
24 3 5 30
25 3 5 30
26 3 5 30
27 3 5 30
28 3 5 30
29 4 12 30
30 4 12 30
31 4 60 40
32 4 30 40
33 4 5 40
34 4 5 40
35 4 5 40
36 4 5 40
37 4 5 40
38 4 5 40
39 4 12 40
40 4 12 40
41 5 60 50
42 5 30 50
43 5 5 50
44 5 5 50
45 5 5 50
46 5 5 50
47 5 5 50
48 5 5 50
49 5 12 50
50 5 12 50
51 6 60 60
52 6 30 60
53 6 5 60
54 6 5 60
55 6 5 60
56 6 5 60
57 6 5 60
58 6 5 60
59 6 12 60
60 6 12 60
61 7 60 70
62 7 30 70
63 7 12 70
64 7 12 70
65 7 12 70
66 7 12 70
67 7 12 70
68 7 12 70
69 7 12 70
70 7 12 70
71 8 60 80
72 8 30 80
73 8 12 80
74 8 12 80
75 8 12 80
76 8 12 80
77 8 12 80
78 8 12 80
79 8 12 80
80 8 12 80
81 9 60 90
82 9 30 90
83 9 12 90
84 9 12 90
85 9 12 90
86 9 12 90
87 9 12 90
88 9 12 90
89 9 12 90
90 9 12 90
91 10 60 91
92 10 30 91
93 10 12 91
94 10 12 91
95 10 12 91
96 10 12 91
97 10 12 91
98 10 12 91
99 10 12 91
100 10 12 91
101 11 60 92
102 11 30 92
103 11 12 92
104 11 12 92
105 11 12 92
106 11 12 92
107 11 12 92
108 11 12 92
109 11 12 92
110 11 12 92
111 12 60 93
112 12 30 93
113 12 13 93
114 12 13 93
115 12 13 93
116 12 13 93
117 12 13 93
118 12 13 93
119 12 12 93
120 12 12 93
121 13 60 94
122 13 30 94
123 13 14 94
124 13 14 94
125 13 14 94
126 13 14 94
127 13 14 94
128 13 14 94
129 13 12 94
130 13 12 94
131 14 60 95
132 14 30 95
133 14 15 95
134 14 15 95
135 14 15 95
136 14 15 95
137 14 15 95
138 14 15 95
139 14 12 95
140 14 12 95
141 15 60 96
142 15 30 96
143 15 16 96
144 15 16 96
145 15 16 96
146 15 16 96
147 15 16 96
148 15 16 96
149 15 16 96
150 15 16 96