150
1 381 39 34.949
2 687 53 90.541
3 70 36 80.601
4 564 57 22.891
5 338 31 51.073
6 1113 8 36.335
7 1108 53 37.578
8 408 53 51.094
9 277 37 87.821
10 470 58 2.872
11 742 33 65.733
12 891 32 12.629
13 1074 23 89.708
14 1050 34 28.2
15 218 54 54.663
16 120 23 76.345
17 1236 50 14.282
18 100 20 83.334
19 78 10 7.97
20 903 47 56.852
21 1337 34 69.925
22 1324 59 43.04
23 203 49 65.016
24 1076 14 88.681
25 461 16 25.778
26 94 52 77.642
27 1266 56 27.475
28 1370 56 1.262
29 447 50 68.634
30 1310 9 98.985
31 1262 9 84.255
32 294 40 54.554
33 322 41 69.537
34 1301 2 44.259
35 1386 12 29.123
36 1082 28 87.839
37 114 32 31.399
38 657 28 28.847
39 683 5 82.191
40 143 37 95.876
41 1172 21 76.043
42 700 60 23.606
43 30 20 69.388
44 409 17 70.672
45 1416 9 48.895
46 1017 60 87.486
47 752 37 17.59
48 511 26 39.28
49 1030 49 99.874
50 838 45 95.888
51 994 6 50.237
52 62 46 46.187
53 209 3 66.523
54 1358 44 79.016
55 1083 38 61.571
56 406 40 76.212
57 879 5 71.486
58 252 39 72.774
59 1197 60 6.474
60 486 2 35.862
61 382 44 27.965
62 645 49 76.58
63 152 50 36.469
64 1425 36 43.427
65 506 11 37.298
66 857 12 55.748
67 668 36 49.53
68 1134 57 39.129
69 1006 30 97.447
70 1161 22 1.142
71 528 18 34.194
72 1241 12 50.63
73 1064 49 64.101
74 13 18 49.072
75 1 56 10.156
76 1318 33 8.008
77 156 40 53.009
78 142 3 64.06
79 601 44 39.71
80 306 4 77.397
81 799 50 54.618
82 236 44 63.098
83 804 20 14.346
84 378 7 12.662
85 1357 25 95.891
86 348 50 61.417
87 1421 39 87.278
88 1001 9 16.882
89 1425 44 3.577
90 82 7 91.749
91 1364 12 79.178
92 1424 22 24.017
93 1142 11 79.33
94 1027 18 97.932
95 414 26 36.68
96 1106 40 74.563
97 880 47 40.567
98 753 16 95.224
99 245 34 86.57
100 557 31 75.214
101 843 44 84.297
102 1390 53 64.695
103 234 53 31.366
104 1407 25 20.423
105 227 24 76.591
106 365 31 62.041
107 672 39 60.929
108 506 49 22.26
109 138 41 50.331
110 26 45 10.601
111 1032 16 21.513
112 461 32 51.748
113 764 13 47.436
114 121 14 70.43
115 946 22 75.372
116 887 36 94.007
117 37 7 43.651
118 175 5 31.517
119 1404 60 11.871
120 570 19 14.034
121 484 51 27.13
122 909 10 79.498
123 98 14 84.424
124 1290 45 34.463
125 53 36 58.557
126 692 31 40.32
127 320 40 78.178
128 304 27 35.922
129 230 48 16.597
130 338 1 47.653
131 990 28 84.695
132 1408 34 35.804
133 227 16 74.785
134 410 46 75.228
135 906 24 19.488
136 334 12 55.706
137 34 48 2.652
138 1156 17 53.832
139 1334 42 48.569
140 1329 45 40.187
141 998 14 74.608
142 1438 10 0.484
143 518 40 56.048
144 757 39 27.984
145 113 27 49.689
146 547 11 33.619
147 379 60 29.078
148 173 52 20.818
149 1126 22 89.517
150 4 56 80.941
