140
1 687 34 80
2 682 50 25
3 954 4 58
4 35 13 64
5 971 33 66
6 950 37 23
7 714 9 9
8 391 8 13
9 184 13 48
10 744 36 53
11 193 15 11
12 178 50 35
13 210 39 98
14 1107 34 88
15 108 22 15
16 391 3 99
17 582 59 51
18 1279 20 89
19 628 9 89
20 898 59 11
21 1253 21 79
22 31 56 43
23 335 44 14
24 81 12 14
25 327 54 22
26 1165 54 78
27 1347 16 33
28 799 17 96
29 89 5 82
30 881 45 7
31 588 16 32
32 761 9 86
33 113 31 1
34 1245 58 89
35 911 35 75
36 473 34 58
37 982 45 53
38 671 55 26
39 1241 31 19
40 593 7 73
41 1304 59 1
42 486 45 17
43 1283 36 40
44 682 23 58
45 597 7 14
46 1306 33 61
47 180 60 14
48 386 42 73
49 1023 40 66
50 1115 57 91
51 841 55 15
52 1309 60 49
53 693 52 92
54 520 51 6
55 451 45 20
56 814 53 58
57 447 19 61
58 183 54 94
59 1425 28 37
60 27 33 57
61 1150 52 70
62 271 1 54
63 1209 43 15
64 1289 35 98
65 169 42 15
66 256 41 96
67 74 12 74
68 869 15 56
69 77 31 68
70 109 16 57
71 468 38 1
72 480 11 94
73 761 21 36
74 25 17 29
75 936 45 20
76 511 12 22
77 71 6 53
78 772 16 15
79 1004 59 19
80 1137 36 41
81 618 41 72
82 954 9 58
83 516 23 77
84 1045 21 93
85 1239 13 71
86 1191 48 52
87 842 24 41
88 946 60 88
89 452 48 5
90 243 28 99
91 503 10 51
92 856 23 2
93 46 13 30
94 520 26 42
95 1067 20 30
96 1138 27 21
97 331 45 41
98 738 33 91
99 1191 15 11
100 477 50 44
101 1178 6 10
102 1013 39 84
103 312 12 92
104 1215 17 91
105 968 37 99
106 1056 38 24
107 1218 21 47
108 540 49 32
109 134 31 10
110 283 24 10
111 384 55 13
112 1073 12 85
113 903 41 39
114 1130 3 11
115 809 16 49
116 1410 41 59
117 527 49 34
118 409 6 14
119 18 34 75
120 1094 31 41
121 1191 42 47
122 768 5 17
123 263 5 93
124 1398 54 61
125 473 5 77
126 641 14 86
127 890 24 32
128 1239 40 59
129 983 2 63
130 1270 6 20
131 1313 48 42
132 170 38 94
133 838 45 19
134 626 33 31
135 1113 36 68
136 270 59 28
137 647 44 85
138 1382 42 69
139 1124 39 12
140 1299 49 18
