150
1 144 13 88.936
2 565 44 4.14
3 663 37 71.879
4 1179 58 33.753
5 202 32 99.732
6 367 59 89.208
7 168 31 15.344
8 167 26 2.722
9 1132 34 95.802
10 970 47 99.643
11 1252 1 37.604
12 965 33 24.972
13 299 7 43.583
14 944 10 33.617
15 728 11 32.731
16 1042 35 85.331
17 1084 12 69.638
18 19 47 49.631
19 398 14 6.047
20 1277 27 64.588
21 66 45 5.516
22 1065 12 76.211
23 41 30 75.788
24 253 43 53.79
25 274 49 81.756
26 326 28 0.036
27 1283 27 53.815
28 673 50 86.394
29 1354 9 82.196
30 721 58 70.46
31 533 12 96.331
32 908 47 87.694
33 585 22 71.294
34 632 17 69.632
35 257 14 29.799
36 1281 38 17.343
37 340 15 49.315
38 416 19 25.817
39 1123 4 95.146
40 633 51 86.366
41 929 22 44.105
42 452 26 84.168
43 692 23 70.395
44 524 5 88.097
45 643 11 2.367
46 721 39 42.654
47 1428 54 3.271
48 144 47 27.378
49 20 52 82.27
50 956 35 56.607
51 1010 7 26.31
52 889 27 59.594
53 10 6 82.983
54 83 47 66.082
55 1352 21 53.918
56 235 28 44.969
57 1372 10 90.959
58 318 25 54.261
59 1326 30 79.131
60 764 30 70.58
61 931 6 6.736
62 768 60 37.45
63 897 22 58.123
64 1265 17 81.764
65 761 42 79.697
66 216 43 27.762
67 897 6 68.698
68 999 25 50.648
69 835 25 56.177
70 1093 10 8.671
71 80 8 88.629
72 1263 24 67.673
73 249 30 31.605
74 1321 22 55.617
75 613 30 11.069
76 1294 58 65.822
77 473 53 71.011
78 636 50 5.176
79 1152 42 88.533
80 676 49 73.434
81 600 49 4.186
82 120 32 82.921
83 1077 22 23.241
84 1138 36 52.376
85 1003 40 5.39
86 492 11 4.737
87 362 41 62.963
88 408 9 18.339
89 52 4 34.266
90 1420 1 9.818
91 1436 32 17.466
92 1056 42 16.984
93 712 4 74.278
94 1256 40 8.207
95 1306 21 7.714
96 1102 2 40.961
97 178 8 26.167
98 1074 31 3.821
99 485 56 56.211
100 11 53 11.555
101 305 49 74.127
102 1361 42 90.415
103 504 2 39.409
104 577 52 9.177
105 1215 36 43.787
106 500 20 73.056
107 711 28 34.155
108 760 9 17.644
109 267 23 30.066
110 541 40 53.496
111 611 11 92.891
112 57 52 40.909
113 1028 11 8.798
114 375 21 84.772
115 1108 16 89.46
116 1207 34 25.368
117 733 30 74.465
118 717 11 51.331
119 839 38 80.869
120 398 16 93.363
121 400 18 39.862
122 328 15 26.722
123 92 24 6.985
124 1042 12 45.724
125 785 46 23.239
126 23 39 77.81
127 711 55 87.784
128 424 44 12.301
129 402 30 34.706
130 465 54 25.5
131 1037 7 93.177
132 1184 25 38.341
133 325 40 59.959
134 549 17 77.549
135 547 24 0.117
136 1112 4 89.653
137 956 38 79.519
138 12 26 92.233
139 485 60 76.982
140 15 11 20.978
141 1376 18 24.901
142 1035 37 48.656
143 762 4 73.201
144 1024 13 10.443
145 823 20 12.324
146 1075 1 50.422
147 29 20 70.901
148 1142 23 60.519
149 667 54 9.896
150 421 16 63.604