147
1 995 36 10
2 705 28 11
3 1027 6 3
4 1394 24 77
5 829 5 33
6 636 34 25
7 1263 40 43
8 1056 18 93
9 1288 3 41
10 1 56 96
11 1304 15 91
12 342 12 4
13 313 55 80
14 954 36 79
15 571 31 40
16 1159 46 15
17 633 59 20
18 817 58 72
19 1260 48 32
20 94 4 23
21 1132 29 35
22 924 46 18
23 1127 30 4
24 41 50 92
25 151 3 83
26 596 33 93
27 710 2 33
28 1282 18 2
29 942 43 18
30 205 46 67
31 1425 19 1
32 13 51 45
33 1296 50 23
34 1236 8 11
35 82 39 93
36 53 35 24
37 54 21 81
38 604 47 20
39 1144 18 43
40 1073 21 28
41 1104 53 67
42 135 1 65
43 799 55 40
44 20 36 29
45 972 10 82
46 151 4 70
47 960 16 70
48 557 33 8
49 781 3 3
50 183 51 44
51 26 43 17
52 224 18 69
53 1237 13 16
54 564 57 18
55 1311 20 21
56 71 9 65
57 533 12 88
58 571 1 31
59 1087 17 54
60 1232 43 9
61 407 56 9
62 967 18 20
63 440 60 64
64 236 12 7
65 883 10 80
66 621 39 59
67 946 36 77
68 758 25 75
69 1186 17 59
70 916 13 62
71 1113 9 86
72 1034 19 32
73 692 6 67
74 1152 22 11
75 1084 27 12
76 264 30 8
77 1437 48 69
78 400 22 55
79 282 35 56
80 353 5 96
81 329 11 32
82 191 58 77
83 307 18 96
84 1153 54 14
85 1114 13 83
86 817 12 56
87 60 6 76
88 367 41 63
89 722 43 79
90 1174 47 10
91 927 48 37
92 736 56 68
93 413 20 11
94 1009 13 93
95 1362 48 37
96 45 45 84
97 876 56 87
98 1031 37 15
99 143 43 40
100 1330 24 10
101 572 49 45
102 444 7 96
103 753 10 27
104 525 2 1
105 1413 7 4
106 1298 59 19
107 676 44 39
108 478 37 37
109 1410 40 8
110 387 58 55
111 561 31 48
112 1030 51 45
113 332 33 9
114 100 18 79
115 244 59 95
116 166 44 63
117 834 58 55
118 750 19 22
119 1297 16 60
120 827 52 91
121 305 38 55
122 1160 41 22
123 1202 18 75
124 655 25 3
125 1293 33 57
126 200 11 28
127 1037 24 6
128 780 24 75
129 833 60 15
130 556 13 54
131 671 23 6
132 166 54 70
133 359 19 53
134 1379 46 7
135 1305 4 31
136 991 13 73
137 214 51 16
138 1056 30 94
139 12 28 32
140 427 28 41
141 183 42 22
142 698 39 75
143 547 2 53
144 1401 36 6
145 1128 13 5
146 598 60 75
147 1137 36 65
