150
1 1018 27 25.15
2 1097 55 25.54
3 90 54 65.04
4 847 27 62.51
5 669 4 18.66
6 1309 57 34.95
7 454 52 16.48
8 863 30 94.17
9 333 25 73.52
10 1079 2 67.38
11 557 4 32.82
12 178 44 60.13
13 124 41 46.73
14 1030 40 81.21
15 412 14 6.84
16 1273 3 13.18
17 1118 28 42.92
18 1352 51 87.19
19 946 37 36.06
20 1180 28 17.66
21 876 40 54.07
22 1419 33 83.92
23 533 8 8.93
24 364 57 63.16
25 1143 31 23.09
26 767 3 13.24
27 868 15 29.58
28 637 39 17.54
29 134 32 55.88
30 292 55 59.81
31 516 52 38.09
32 1044 51 46.38
33 730 25 51.97
34 790 41 6.43
35 886 26 71.14
36 1106 10 52.61
37 354 47 36.89
38 433 29 3.15
39 1239 7 7.02
40 883 46 79.07
41 406 13 26.80
42 906 35 64.75
43 61 6 79.04
44 335 40 21.69
45 475 56 53.00
46 141 3 26.14
47 711 4 98.23
48 315 15 12.60
49 48 7 22.33
50 1328 2 69.57
51 1128 20 0.77
52 318 2 66.70
53 20 31 90.30
54 1138 38 41.44
55 1177 37 94.00
56 661 52 85.63
57 1131 38 36.93
58 107 40 26.83
59 487 11 70.09
60 962 3 31.21
61 947 30 76.93
62 551 31 42.20
63 1185 34 79.20
64 202 31 74.50
65 720 36 69.75
66 50 26 62.28
67 474 45 27.48
68 934 5 52.91
69 805 4 43.66
70 1335 12 22.43
71 1052 53 54.97
72 1206 5 30.10
73 361 39 25.80
74 376 7 84.87
75 552 22 36.65
76 1037 42 96.50
77 870 10 60.97
78 1361 16 56.13
79 728 6 65.88
80 88 48 77.83
81 1283 29 82.24
82 1012 36 52.00
83 145 35 51.38
84 992 7 93.73
85 1258 6 88.37
86 4 54 25.21
87 916 19 61.65
88 1044 14 29.61
89 1005 23 90.91
90 653 38 92.80
91 1201 49 8.47
92 692 23 37.88
93 431 25 75.46
94 1068 36 24.29
95 944 27 68.98
96 268 11 6.02
97 547 3 26.84
98 1312 1 51.35
99 1378 57 89.36
100 419 21 39.12
101 49 46 50.84
102 891 30 74.37
103 1073 27 74.15
104 983 13 66.87
105 303 43 30.92
106 1007 8 36.67
107 271 50 98.34
108 1084 51 76.78
109 649 59 7.25
110 145 44 4.33
111 171 43 10.40
112 637 33 72.82
113 314 55 69.55
114 876 9 13.54
115 901 5 87.71
116 1357 52 27.50
117 150 48 89.39
118 986 56 50.74
119 147 19 88.51
120 1371 44 84.29
121 1171 12 56.62
122 585 6 90.89
123 827 59 88.04
124 227 16 67.49
125 763 50 57.74
126 146 10 23.97
127 976 17 44.25
128 525 26 77.06
129 1007 50 88.68
130 1436 57 14.28
131 447 1 60.12
132 12 25 81.01
133 599 2 25.81
134 280 31 64.90
135 1225 35 35.83
136 765 48 36.31
137 126 57 71.54
138 468 34 13.50
139 888 21 10.40
140 440 31 29.68
141 232 44 51.30
142 280 3 78.74
143 225 3 64.79
144 1376 35 9.05
145 384 20 22.28
146 838 27 13.17
147 765 52 88.50
148 1262 14 71.50
149 1230 40 69.62
150 152 6 99.29