130
1 903 10 70.2
2 240 55 27.4
3 16 54 29.7
4 186 47 83.713
5 1193 21 39.834
6 72 51 34.953
7 1376 51 83.45
8 1420 29 23.3
9 172 47 49.05
10 202 5 38.1
11 727 6 0.246
12 485 26 48.02
13 36 14 29.843
14 64 4 84.186
15 33 58 82.8
16 709 19 18.559
17 1328 52 62.84
18 1277 3 15.72
19 992 15 59.15
20 1262 33 65.522
21 950 54 34.65
22 305 6 16.9
23 187 51 99.62
24 375 60 56.8
25 235 45 80.38
26 30 21 47.4
27 1031 20 2.83
28 997 30 79.6
29 512 5 46.79
30 133 38 79.935
31 1367 17 2.69
32 1109 55 96.9
33 955 5 47.582
34 141 45 91.608
35 1232 28 88.8
36 1383 13 89.5
37 183 7 33.178
38 1055 26 34.889
39 1186 13 75.295
40 95 46 28.97
41 553 57 68.153
42 1140 57 58.3
43 130 30 56.29
44 1321 33 95.16
45 620 16 56.25
46 986 53 50.92
47 728 52 74.956
48 546 24 7.249
49 511 60 69.358
50 1343 55 20.4
51 410 14 51.03
52 929 33 91.4
53 1086 57 45.8
54 1363 45 8.496
55 40 27 52.727
56 1041 12 58.25
57 145 38 12.0
58 12 14 24.5
59 684 20 37.19
60 295 4 87.06
61 969 53 39.454
62 1347 23 66.5
63 773 35 4.41
64 343 10 20.872
65 111 32 15.482
66 157 59 31.3
67 1204 50 35.543
68 1017 36 90.87
69 336 31 90.752
70 155 22 84.406
71 1142 9 95.75
72 441 9 26.14
73 296 4 48.557
74 56 40 57.98
75 710 11 34.775
76 228 60 8.288
77 1085 10 91.048
78 290 54 1.82
79 1374 35 58.505
80 626 5 86.3
81 931 46 22.961
82 82 21 47.798
83 853 11 68.494
84 567 1 67.58
85 1357 43 99.171
86 83 44 87.8
87 364 4 62.3
88 557 41 6.82
89 317 6 53.14
90 615 49 83.9
91 317 51 68.866
92 952 10 91.402
93 85 59 75.4
94 1154 14 69.13
95 791 3 39.3
96 716 28 83.882
97 1016 26 12.9
98 700 48 99.98
99 1194 21 56.62
100 959 14 61.02
101 975 53 84.424
102 93 44 4.09
103 965 25 6.87
104 1219 60 36.91
105 349 56 84.052
106 901 59 40.8
107 1064 18 4.464
108 897 35 61.2
109 606 41 31.416
110 564 59 62.325
111 254 20 19.82
112 381 28 93.98
113 853 21 52.13
114 894 44 76.911
115 245 37 59.0
116 1086 55 97.72
117 212 10 2.98
118 994 54 80.6
119 772 35 82.8
120 1345 6 42.6
121 524 49 34.0
122 1313 17 48.615
123 393 18 75.51
124 708 27 24.2
125 222 26 98.42
126 1440 55 2.98
127 1434 37 73.764
128 322 18 59.1
129 1189 34 41.5
130 552 8 7.5
