114
1 848 24 87
2 518 15 73
3 1317 54 9
4 1275 25 44
5 1403 46 83
6 318 60 25
7 598 20 19
8 560 44 95
9 66 28 82
10 1205 15 43
11 29 14 21
12 1351 55 89
13 312 50 4
14 448 57 47
15 1045 4 82
16 1096 57 15
17 597 31 17
18 67 41 93
19 572 10 79
20 982 20 37
21 510 5 77
22 397 15 48
23 261 41 30
24 202 13 90
25 339 14 31
26 1116 3 12
27 107 31 18
28 545 38 53
29 1022 41 85
30 764 54 82
31 1198 13 22
32 845 15 68
33 91 57 95
34 713 55 15
35 172 18 35
36 1035 48 3
37 1384 32 45
38 1010 37 64
39 70 11 53
40 991 55 77
41 1332 34 64
42 1093 51 17
43 1357 8 39
44 645 31 40
45 1003 23 30
46 303 20 62
47 190 15 22
48 194 34 5
49 570 34 32
50 758 59 1
51 1255 49 2
52 879 10 85
53 1423 58 88
54 485 43 40
55 1385 59 48
56 1302 54 35
57 1237 58 81
58 78 45 73
59 140 54 86
60 70 27 77
61 1178 28 77
62 1236 53 26
63 1242 26 77
64 102 20 14
65 1055 55 95
66 1270 4 25
67 745 5 88
68 230 1 41
69 474 33 80
70 231 3 4
71 759 26 9
72 274 47 4
73 1337 14 45
74 491 28 18
75 793 12 69
76 1155 10 18
77 650 58 41
78 173 47 47
79 554 32 93
80 55 15 83
81 1349 59 20
82 1253 18 32
83 1221 14 21
84 767 27 34
85 230 8 16
86 579 30 45
87 546 3 91
88 308 18 13
89 121 39 51
90 526 29 41
91 415 35 73
92 1179 21 92
93 376 53 4
94 1274 32 4
95 465 56 24
96 696 49 64
97 248 26 56
98 120 49 73
99 651 30 21
100 550 60 59
101 1304 26 67
102 1012 39 92
103 130 24 54
104 1096 45 45
105 1119 30 99
106 1369 21 33
107 1124 52 3
108 1368 28 65
109 887 22 25
110 45 53 75
111 477 42 43
112 914 48 87
113 266 16 42
114 953 50 44
