150
1 699 38 75
2 65 44 56
3 1026 58 88
4 231 60 38
5 623 23 42
6 887 60 97
7 583 45 35
8 408 6 53
9 1058 27 42
10 1080 1 8
11 494 50 5
12 167 9 18
13 93 27 67
14 379 43 99
15 161 5 19
16 647 47 74
17 179 52 51
18 1366 49 89
19 264 53 37
20 1405 26 72
21 374 30 85
22 9 38 15
23 863 5 2
24 46 50 53
25 754 13 37
26 151 43 17
27 797 19 4
28 530 50 79
29 889 59 86
30 1397 27 61
31 1397 22 48
32 518 11 46
33 8 45 91
34 1026 26 60
35 414 51 19
36 463 12 66
37 634 4 36
38 1072 39 47
39 581 45 10
40 377 42 65
41 298 51 37
42 926 29 11
43 367 31 72
44 372 38 95
45 1351 13 93
46 474 46 24
47 376 42 47
48 612 16 58
49 161 26 48
50 446 22 93
51 248 25 47
52 1299 46 33
53 630 17 49
54 179 26 95
55 792 34 4
56 641 18 97
57 932 53 1
58 964 9 11
59 216 43 52
60 202 6 88
61 1209 20 98
62 140 40 47
63 1176 32 84
64 302 38 91
65 1024 56 10
66 353 29 19
67 84 58 91
68 156 44 10
69 1426 57 54
70 481 13 60
71 36 31 20
72 354 59 67
73 438 22 2
74 1223 37 62
75 608 37 42
76 987 43 60
77 428 4 49
78 875 32 51
79 1390 59 7
80 166 13 58
81 1009 5 62
82 1078 19 53
83 1337 55 76
84 1031 15 21
85 771 58 95
86 1387 15 33
87 1211 35 95
88 1306 3 19
89 322 14 72
90 49 59 30
91 534 53 59
92 845 29 60
93 47 47 28
94 1302 6 23
95 106 50 6
96 1324 56 69
97 453 58 73
98 744 36 37
99 871 23 52
100 3 27 25
101 170 51 12
102 725 28 54
103 1192 50 88
104 586 16 36
105 1302 14 49
106 974 17 95
107 1287 25 75
108 401 52 36
109 177 55 20
110 890 46 13
111 787 37 84
112 52 17 71
113 242 55 61
114 657 46 91
115 157 3 93
116 1258 25 25
117 357 34 87
118 1252 15 83
119 80 18 71
120 548 6 1
121 834 8 20
122 1263 27 94
123 783 60 55
124 238 55 75
125 7 13 66
126 1102 60 46
127 736 11 83
128 1311 10 3
129 1400 51 83
130 478 8 37
131 744 8 31
132 661 18 29
133 1350 43 7
134 1240 27 24
135 34 33 74
136 985 38 24
137 121 41 60
138 1140 3 67
139 835 47 66
140 912 25 81
141 197 53 33
142 3 39 76
143 369 21 34
144 1040 60 6
145 52 10 35
146 1147 33 72
147 1211 49 89
148 1104 4 73
149 174 19 34
150 643 23 55