150
1 1280 15 62.105 
2 542 1 78.664 
3 6 30 12.106 
4 1313 3 11.159 
5 947 10 52.132 
6 1001 12 16.270 
7 423 13 42.899 
8 331 58 86.810 
9 423 19 9.194 
10 845 52 14.211 
11 279 31 71.860 
12 481 25 57.225 
13 1380 39 33.379 
14 1157 29 0.174 
15 1071 14 42.384 
16 257 14 62.508 
17 98 34 73.431 
18 1259 32 89.258 
19 680 8 12.569 
20 14 25 41.757 
21 1433 55 45.632 
22 1218 19 77.394 
23 1440 10 88.105 
24 813 17 24.752 
25 1191 38 99.708 
26 815 32 91.449 
27 273 38 76.923 
28 1187 2 32.094 
29 848 50 75.824 
30 1203 36 45.002 
31 346 4 78.928 
32 712 13 70.078 
33 7 39 52.449 
34 1280 26 36.720 
35 718 5 91.193 
36 1394 43 53.778 
37 69 24 41.921 
38 14 16 26.702 
39 570 9 41.504 
40 1068 42 24.053 
41 464 22 89.418 
42 817 20 97.886 
43 199 22 53.624 
44 940 52 41.799 
45 381 37 36.979 
46 359 43 4.158 
47 961 50 67.707 
48 775 8 11.364 
49 60 38 10.478 
50 1068 33 46.819 
51 64 4 91.027 
52 416 7 31.116 
53 222 48 99.250 
54 823 25 11.675 
55 32 22 89.508 
56 409 21 39.073 
57 1178 20 47.683 
58 969 50 30.603 
59 235 30 62.863 
60 297 49 84.786 
61 357 48 50.059 
62 1249 42 80.485 
63 881 53 86.214 
64 413 6 61.660 
65 516 56 51.968 
66 1118 48 28.654 
67 1145 13 31.999 
68 1389 54 48.819 
69 1266 31 9.570 
70 626 40 2.562 
71 1020 60 17.344 
72 1319 36 82.703 
73 706 21 72.379 
74 902 59 71.605 
75 772 42 53.266 
76 968 20 9.697 
77 487 53 17.936 
78 624 39 2.045 
79 1393 49 40.107 
80 1195 16 66.810 
81 196 47 89.398 
82 1191 52 72.696 
83 415 20 22.438 
84 743 26 86.793 
85 427 10 15.464 
86 914 17 16.333 
87 556 5 6.588 
88 1338 50 28.107 
89 1030 18 65.754 
90 1154 26 69.586 
91 201 23 37.312 
92 657 10 58.721 
93 597 14 49.600 
94 697 7 30.834 
95 5 21 57.146 
96 1193 3 91.951 
97 432 19 43.435 
98 412 18 8.317 
99 1404 9 0.882 
100 645 45 49.422 
101 1276 46 95.751 
102 1038 44 80.744 
103 54 3 83.364 
104 846 12 73.376 
105 1054 47 45.072 
106 13 18 71.443 
107 416 36 83.549 
108 107 34 47.178 
109 1135 18 27.382 
110 901 6 99.759 
111 616 27 5.419 
112 130 30 47.080 
113 1384 9 16.948 
114 205 46 67.014 
115 951 3 3.649 
116 293 27 77.570 
117 316 15 0.331 
118 797 54 63.927 
119 1248 41 9.609 
120 1380 28 75.935 
121 447 9 26.444 
122 274 25 43.493 
123 1247 10 53.017 
124 1025 53 38.458 
125 158 1 22.419 
126 826 29 87.039 
127 303 52 96.862 
128 44 27 37.042 
129 25 57 70.328 
130 103 7 76.032 
131 1316 17 25.996 
132 506 51 33.545 
133 427 3 85.701 
134 1360 58 91.791 
135 966 12 43.735 
136 1267 37 54.328 
137 443 26 79.661 
138 1359 11 26.178 
139 826 12 3.814 
140 144 3 70.417 
141 398 14 23.384 
142 1312 53 38.051 
143 596 50 79.807 
144 1100 20 76.407 
145 474 50 34.816 
146 1250 9 83.571 
147 1055 2 85.245 
148 1211 22 57.213 
149 317 35 81.660 
150 1229 40 10.829 
