150
1 146 48 28.848
2 994 39 83.887
3 1032 18 68.904
4 298 22 43.772
5 681 3 43.115
6 133 46 15.504
7 1073 46 75.786
8 1067 58 29.857
9 340 50 91.648
10 119 1 65.801
11 530 52 0.684
12 240 58 75.727
13 254 54 4.237
14 627 6 34.343
15 638 33 30.818
16 399 54 87.449
17 92 37 22.6
18 146 41 88.682
19 431 29 29.091
20 966 48 60.771
21 509 20 99.572
22 1228 17 65.855
23 227 14 35.421
24 383 4 99.487
25 1313 36 92.72
26 1089 33 92.537
27 94 10 77.264
28 942 15 49.073
29 569 18 20.193
30 67 52 54.368
31 169 31 77.513
32 1083 7 40.91
33 671 7 83.774
34 1270 15 62.84
35 592 1 65.003
36 1145 19 42.232
37 247 16 41.586
38 1438 39 87.463
39 770 26 75.139
40 1186 45 61.348
41 1012 30 71.956
42 504 16 51.056
43 60 28 50.317
44 1403 53 84.773
45 1035 4 25.883
46 1310 22 40.922
47 300 17 70.927
48 837 49 9.059
49 99 60 23.713
50 1269 46 40.338
51 345 48 23.317
52 560 4 22.044
53 950 59 69.858
54 132 32 50.361
55 52 36 84.809
56 1269 36 52.518
57 1318 25 70.701
58 909 46 48.69
59 377 50 65.644
60 266 22 68.551
61 799 39 75.858
62 854 35 77.248
63 936 19 33.845
64 94 16 28.624
65 1384 27 0.944
66 655 36 39.75
67 88 51 38.194
68 582 35 58.873
69 627 50 24.892
70 631 35 97.337
71 1372 11 26.348
72 1233 44 22.915
73 1068 34 29.702
74 1370 43 97.8
75 881 7 82.423
76 1307 49 37.909
77 59 45 44.193
78 1199 52 23.057
79 246 12 33.43
80 1438 56 62.588
81 711 15 82.892
82 1431 12 25.009
83 920 16 45.226
84 242 39 82.628
85 1104 38 21.369
86 1094 5 73.48
87 858 39 4.182
88 528 50 76.628
89 1205 29 3.092
90 582 31 35.546
91 1051 43 90.736
92 284 46 88.756
93 847 23 53.834
94 961 48 20.462
95 1247 35 15.941
96 992 27 61.049
97 1221 26 6.558
98 1175 43 58.955
99 181 11 79.485
100 357 51 87.12
101 541 38 83.673
102 750 17 18.436
103 1248 59 77.6
104 468 18 61.506
105 639 19 21.787
106 1332 20 96.102
107 502 39 3.501
108 746 46 54.162
109 703 17 84.351
110 825 14 93.308
111 1294 33 99.113
112 154 9 42.478
113 1292 23 97.127
114 683 32 20.222
115 732 4 42.803
116 745 15 81.554
117 887 46 84.353
118 1020 22 16.715
119 664 55 26.855
120 1299 41 56.274
121 56 2 81.06
122 1365 35 26.482
123 819 46 87.737
124 635 19 27.249
125 300 47 62.334
126 760 39 52.292
127 1039 56 28.415
128 1383 7 48.837
129 1380 25 52.47
130 1164 9 38.788
131 775 38 48.448
132 1354 9 78.989
133 175 54 69.353
134 876 15 40.283
135 1115 39 82.35
136 717 48 4.724
137 929 45 55.82
138 979 6 1.006
139 178 16 76.347
140 1138 58 12.36
141 1398 60 7.966
142 1277 11 70.825
143 719 55 30.19
144 1158 36 92.072
145 605 31 65.276
146 567 49 68.663
147 1422 22 98.514
148 1192 38 3.285
149 936 43 85.413
150 658 53 67.982
