150
1 301 29 33.805
2 155 35 51.760
3 1394 43 64.716
4 316 1 8.443
5 1052 57 39.622
6 273 52 11.538
7 71 2 43.367
8 377 42 50.636
9 1165 54 49.810
10 498 16 8.935
11 1078 1 56.666
12 755 50 60.934
13 876 37 51.914
14 964 36 39.879
15 991 27 64.624
16 874 25 49.607
17 511 30 79.383
18 1152 50 65.846
19 1292 54 23.892
20 118 10 44.846
21 772 11 9.042
22 1238 53 90.698
23 1105 59 75.780
24 1207 58 68.372
25 650 33 86.726
26 835 56 46.020
27 136 44 76.301
28 598 57 87.648
29 346 59 28.557
30 242 3 63.326
31 1171 25 41.890
32 398 19 25.059
33 1101 37 69.586
34 645 12 53.535
35 1191 58 76.605
36 669 4 77.339
37 227 19 35.880
38 1154 32 17.772
39 722 30 66.762
40 1096 19 99.735
41 337 18 21.340
42 330 5 97.087
43 959 27 1.881
44 793 20 19.653
45 636 41 12.746
46 1204 31 87.593
47 761 40 31.401
48 11 4 77.497
49 796 10 18.117
50 801 20 83.999
51 1420 44 32.924
52 236 53 77.375
53 713 6 89.597
54 769 56 91.157
55 189 2 45.088
56 437 47 24.159
57 820 55 42.607
58 1049 39 64.070
59 589 19 86.913
60 211 59 4.416
61 973 6 70.232
62 949 52 57.449
63 912 50 8.836
64 349 14 17.539
65 835 37 26.092
66 782 39 24.810
67 981 20 21.699
68 783 54 80.742
69 252 5 64.965
70 431 17 4.882
71 1364 25 44.532
72 187 19 99.867
73 1192 3 26.075
74 72 8 63.903
75 760 39 19.125
76 579 51 9.717
77 501 30 70.958
78 307 37 54.153
79 942 57 51.560
80 1388 36 51.379
81 933 49 44.624
82 66 49 49.983
83 711 18 39.674
84 1286 59 3.407
85 651 42 78.615
86 548 20 67.470
87 720 21 30.755
88 674 45 85.281
89 1105 27 77.144
90 264 39 47.392
91 102 32 95.581
92 458 50 22.810
93 118 5 36.526
94 645 22 51.228
95 611 58 75.130
96 154 48 82.860
97 112 8 13.574
98 464 2 50.145
99 163 27 51.265
100 678 1 21.641
101 500 52 28.414
102 214 33 49.903
103 231 5 58.841
104 1343 19 71.087
105 1046 2 84.780
106 306 38 49.826
107 743 22 58.320
108 838 2 28.680
109 105 56 53.147
110 415 59 41.312
111 90 39 39.972
112 773 37 34.480
113 715 11 52.210
114 567 7 31.159
115 583 11 98.425
116 849 53 83.915
117 223 8 29.016
118 1013 18 62.907
119 396 44 86.386
120 185 4 19.761
121 655 26 12.911
122 807 26 69.711
123 650 19 6.521
124 1038 12 14.525
125 652 1 81.691
126 751 1 4.887
127 695 12 23.508
128 685 28 83.000
129 949 7 98.605
130 738 40 1.172
131 825 59 24.027
132 722 3 28.252
133 100 9 95.819
134 1236 38 70.339
135 1125 13 47.106
136 1161 18 26.032
137 1320 52 66.663
138 847 8 70.891
139 21 59 76.050
140 1338 3 86.424
141 575 26 86.079
142 1343 3 50.622
143 600 52 56.479
144 336 5 89.098
145 123 11 56.008
146 1392 27 1.711
147 1271 7 2.792
148 468 34 5.800
149 579 60 45.414
150 541 22 15.777
