150
1 914 4 21.146
2 387 5 37.649
3 1437 9 28.135
4 400 26 41.192
5 1085 20 15.79
6 1432 32 73.226
7 421 29 7.621
8 315 18 1.172
9 1411 34 44.138
10 577 14 23.724
11 957 32 87.566
12 1173 30 43.861
13 802 30 8.903
14 700 11 93.23
15 352 29 10.669
16 781 34 97.334
17 1270 39 56.246
18 143 3 24.527
19 1097 56 92.344
20 1068 56 87.386
21 667 53 53.108
22 270 24 9.81
23 1116 37 96.536
24 147 8 29.503
25 153 48 29.600
26 1025 9 66.862
27 1229 43 45.719
28 1243 57 2.226
29 1215 43 75.590
30 991 26 65.592
31 373 12 82.269
32 666 59 75.229
33 45 44 52.665
34 94 46 85.650
35 620 48 85.100
36 129 4 64.927
37 990 60 32.304
38 958 4 34.663
39 298 52 90.627
40 608 28 67.415
41 1034 9 59.779
42 582 13 34.490
43 832 27 19.241
44 366 47 69.301
45 286 39 9.977
46 905 21 45.748
47 499 32 17.697
48 760 17 6.15
49 1380 42 56.613
50 1162 37 75.8
51 697 27 44.82
52 941 43 62.392
53 244 55 40.292
54 978 41 23.657
55 123 23 61.652
56 500 46 87.977
57 1053 13 96.946
58 1353 50 79.586
59 319 13 16.309
60 798 40 19.98
61 386 22 14.163
62 1002 39 24.260
63 101 48 15.979
64 640 39 62.75
65 420 14 80.500
66 899 14 54.340
67 345 42 74.256
68 815 24 49.116
69 223 26 71.5
70 552 7 81.146
71 1022 39 34.82
72 398 3 39.790
73 1219 10 95.244
74 1115 39 60.497
75 1247 45 7.167
76 1054 15 24.417
77 290 24 76.964
78 957 26 99.242
79 529 2 58.298
80 1180 52 65.95
81 872 25 27.611
82 1238 40 84.7
83 129 44 42.908
84 132 41 12.835
85 264 51 22.692
86 701 59 1.98
87 825 16 73.952
88 323 14 72.483
89 1421 27 47.54
90 74 19 61.545
91 895 49 5.260
92 373 9 29.102
93 1431 32 93.221
94 529 6 32.309
95 683 6 61.973
96 767 12 13.746
97 591 48 91.435
98 140 3 90.57
99 928 1 34.758
100 768 35 77.139
101 198 28 47.487
102 691 14 46.502
103 1258 7 14.599
104 942 20 46.551
105 629 18 51.573
106 122 17 22.668
107 1212 57 28.362
108 199 9 71.969
109 803 18 62.744
110 419 24 31.787
111 751 19 20.423
112 552 60 1.280
113 838 40 12.800
114 965 4 45.889
115 12 34 20.508
116 1052 36 36.937
117 705 36 86.275
118 875 46 24.628
119 832 1 31.817
120 721 35 52.741
121 18 32 99.797
122 888 58 22.127
123 816 36 40.172
124 910 27 7.713
125 732 51 8.325
126 983 4 30.38
127 1030 41 47.228
128 557 31 28.663
129 434 15 92.782
130 249 46 40.182
131 919 15 28.905
132 1157 60 24.939
133 377 6 80.951
134 1344 39 51.742
135 6 3 98.733
136 1101 52 81.690
137 1423 49 26.806
138 1089 7 42.233
139 675 12 72.158
140 1151 9 99.481
141 1156 11 60.503
142 1325 27 86.737
143 1089 57 67.518
144 614 39 63.426
145 191 25 81.575
146 122 41 51.7
147 276 60 22.379
148 774 14 33.318
149 547 51 42.139
150 769 15 9.632
