150
1 436 49 22.406
2 461 42 18.084
3 991 19 9.003
4 207 41 17.359
5 349 17 7.022
6 497 33 13.671
7 672 52 24.424
8 340 13 5.518
9 866 23 10.411
10 451 32 13.598
11 942 36 16.556
12 984 1 0.459
13 640 8 4.016
14 201 13 6.761
15 764 50 20.731
16 767 40 16.135
17 325 36 15.089
18 609 56 27.751
19 1182 41 19.008
20 164 24 10.671
21 623 12 5.455
22 448 34 15.756
23 319 43 21.099
24 437 45 22.528
25 1364 12 5.667
26 359 32 14.395
27 229 38 18.318
28 643 46 20.6
29 1146 23 10.386
30 835 51 20.796
31 608 32 14.3
32 184 54 22.086
33 220 42 17.73
34 73 35 15.966
35 456 4 2.277
36 237 36 16.016
37 528 50 24.639
38 398 42 17.245
39 847 33 15.943
40 372 32 15.936
41 255 39 16.821
42 798 44 20.173
43 148 46 19.408
44 689 27 12.191
45 674 21 9.836
46 952 31 13.384
47 401 44 19.107
48 657 8 3.892
49 662 50 23.962
50 533 1 0.243
51 576 38 16.761
52 204 26 11.012
53 415 53 24.919
54 432 32 13.517
55 830 39 18.161
56 492 49 24.554
57 375 41 17.108
58 152 28 13.058
59 440 22 10.305
60 609 43 20.9
61 551 15 7.396
62 779 36 16.263
63 345 41 17.925
64 555 30 15.262
65 470 24 11.461
66 772 36 16.493
67 176 35 16.573
68 361 27 11.352
69 953 14 6.473
70 427 35 15.264
71 593 42 19.898
72 427 33 14.9
73 762 28 12.766
74 356 51 23.109
75 311 38 16.192
76 426 31 14.875
77 1183 16 6.67
78 661 38 15.42
79 515 30 12.819
80 358 46 22.707
81 1168 27 11.577
82 285 43 21.042
83 431 27 12.398
84 1075 47 20.723
85 1022 41 18.04
86 1324 44 18.47
87 293 17 7.685
88 456 53 26.404
89 404 23 9.848
90 383 40 18.334
91 900 52 24.288
92 66 46 19.56
93 408 46 21.734
94 120 30 13.348
95 589 50 22.034
96 140 39 18.087
97 1440 45 20.717
98 301 26 11.717
99 143 13 6.207
100 186 42 19.355
101 836 36 16.469
102 529 33 16.39
103 249 44 19.683
104 1193 35 15.243
105 806 55 23.769
106 158 48 23.321
107 253 23 10.661
108 521 42 19.564
109 573 24 10.753
110 824 45 19.29
111 955 43 21.216
112 728 45 19.141
113 518 31 14.645
114 286 38 17.066
115 1349 30 14.342
116 315 8 3.465
117 325 40 19.821
118 583 50 23.409
119 267 10 4.84
120 638 20 9.319
121 1398 48 20.598
122 520 45 19.346
123 549 31 12.801
124 586 53 25.706
125 12 23 10.161
126 598 44 22.043
127 234 47 21.404
128 313 38 16.717
129 1046 49 20.241
130 290 44 20.568
131 377 40 18.625
132 727 43 20.888
133 406 33 13.815
134 1156 48 19.744
135 773 1 1
136 397 53 26.017
137 136 45 18.741
138 291 44 20.251
139 198 41 18.069
140 297 46 19.713
141 375 60 25.598
142 357 20 8.491
143 113 49 20.369
144 1 49 21.25
145 454 47 20.251
146 195 21 8.942
147 287 45 20.658
148 586 36 14.718
149 884 50 23.59
150 220 33 15.478
