135
1 1082 10 34.832
2 1299 42 91.683
3 1300 15 88.556
4 392 13 13.281
5 1213 25 39.414
6 947 12 57.059
7 490 12 34.673
8 31 30 57.431
9 234 15 10.981
10 389 19 25.348
11 439 24 51.44
12 810 33 79.321
13 133 42 42.893
14 1280 9 78.541
15 337 15 11.825
16 635 11 97.811
17 117 20 44.832
18 142 28 65.251
19 781 44 95.642
20 671 48 26.922
21 924 41 70.562
22 995 48 61.27
23 616 51 32.368
24 1434 22 61.99
25 1020 4 16.558
26 924 26 69.583
27 967 35 7.835
28 216 55 52.712
29 1437 27 91.215
30 1126 13 41.27
31 1282 18 39.92
32 389 40 40.025
33 410 32 96.632
34 1294 56 44.466
35 1428 18 79.365
36 214 57 27.962
37 870 51 86.28
38 522 40 48.91
39 1099 59 29.095
40 150 18 72.865
41 635 3 89.177
42 898 55 29.134
43 108 60 56.926
44 1195 59 65.707
45 55 36 70.821
46 323 22 72.359
47 1235 51 21.033
48 1197 1 55.795
49 347 40 14.201
50 556 45 71.852
51 1042 57 2.994
52 1292 11 44.446
53 438 10 27.679
54 1012 47 54.235
55 176 38 37.318
56 59 33 77.229
57 429 28 60.264
58 1408 27 24.972
59 14 21 90.685
60 154 12 64.092
61 944 21 22.281
62 635 22 94.551
63 494 37 3.825
64 503 35 33.143
65 725 25 86.369
66 878 44 10.572
67 225 4 18.228
68 1322 1 62.485
69 331 31 83.633
70 4 15 82.104
71 1055 56 70.828
72 639 36 69.016
73 860 57 6.132
74 700 50 65.766
75 999 52 85.908
76 570 26 72.517
77 1390 29 4.565
78 17 47 88.675
79 857 49 74.703
80 1417 40 78.496
81 476 17 31.255
82 430 37 62.346
83 1142 32 25.196
84 14 29 92.784
85 1392 41 71.508
86 1047 27 78.187
87 97 60 55.217
88 113 52 5.429
89 987 9 69.897
90 641 15 32.659
91 1001 55 52.591
92 1100 20 54.011
93 340 54 39.377
94 283 34 77.33
95 752 31 91.509
96 431 3 11.598
97 450 47 39.785
98 1268 14 67.98
99 390 13 17.691
100 323 10 6.674
101 629 24 9.142
102 1377 31 34.239
103 352 32 29.845
104 743 48 76.162
105 1155 56 83.788
106 51 16 73.294
107 49 40 79.194
108 1289 32 65.678
109 969 26 12.973
110 26 58 57.189
111 995 14 56.788
112 502 34 15.656
113 192 48 20.577
114 46 47 55.682
115 621 37 18.842
116 310 20 42.368
117 306 27 97.533
118 158 2 63.597
119 1154 8 3.13
120 1249 56 50.816
121 233 17 39.246
122 675 38 50.678
123 75 52 47.025
124 642 25 37.052
125 1231 38 71.929
126 683 48 28.042
127 217 26 29.218
128 420 32 33.361
129 1098 53 33.939
130 361 11 35.283
131 113 48 1.531
132 89 2 74.925
133 1224 19 21.625
134 989 20 31.528
135 1317 21 27.292
