150
1 193 56 70.041
2 404 34 84.307
3 287 23 54.246
4 1009 32 56.032
5 1154 8 88.256
6 679 53 4.781
7 1183 21 77.085
8 1318 19 17.214
9 1178 54 5.909
10 425 47 11.874
11 85 41 30.756
12 854 26 66.351
13 1191 44 89.699
14 1153 38 46.808
15 1433 40 24.758
16 1336 1 59.507
17 1 29 18.4
18 843 6 83.332
19 1108 23 26.497
20 1413 53 88.629
21 1342 12 39.814
22 476 23 19.633
23 775 16 68.917
24 722 58 96.19
25 431 52 95.86
26 230 4 87.898
27 932 33 8.668
28 1192 36 52.319
29 89 22 58.027
30 832 43 68.693
31 1394 12 65.116
32 810 58 69.127
33 251 2 43.382
34 1301 29 5.277
35 1226 30 87.813
36 425 50 90.176
37 650 39 11.196
38 817 46 97.734
39 677 4 7.032
40 525 33 21.143
41 41 12 69.933
42 922 18 67.495
43 1057 46 99.534
44 508 36 40.128
45 1375 24 54.365
46 189 8 28.328
47 1109 8 82.5
48 1178 33 43.568
49 15 27 5.065
50 91 46 26.185
51 416 25 83.212
52 371 55 91.382
53 499 22 84.939
54 592 31 68.389
55 234 42 11.228
56 1171 29 92.526
57 98 53 64.206
58 853 50 79.446
59 968 39 12.013
60 1027 29 10.16
61 453 14 73.329
62 322 33 57.09
63 155 17 89.552
64 346 3 92.844
65 1339 34 80.649
66 29 13 55.421
67 283 21 16.358
68 1120 9 12.575
69 894 54 11.982
70 435 57 36.611
71 1250 30 53.884
72 1394 7 36.162
73 56 3 29.388
74 433 23 36.242
75 773 30 82.729
76 732 25 81.666
77 1172 13 50.267
78 695 12 22.945
79 460 41 24.575
80 1317 39 53.906
81 1257 46 35.369
82 819 52 97.109
83 459 20 82.959
84 619 56 47.188
85 1215 45 93.922
86 486 30 8.518
87 1285 7 71.234
88 1148 5 66.471
89 613 18 36.348
90 910 4 7.636
91 640 17 98.432
92 141 42 36.096
93 5 17 88.671
94 697 55 43.84
95 121 26 31.205
96 414 31 49.866
97 295 6 48.125
98 1366 12 51.265
99 1436 6 62.337
100 1345 27 24.283
101 94 52 62.312
102 695 37 55.425
103 1104 16 17.409
104 1316 40 81.309
105 816 24 96.948
106 244 26 44.467
107 1063 5 1.963
108 574 31 75.451
109 141 29 93.249
110 459 57 76.556
111 713 43 3.394
112 1150 39 88.741
113 209 58 32.008
114 942 29 1.45
115 297 13 83.53
116 893 7 96.588
117 157 20 44.942
118 1150 51 14.11
119 567 4 86.366
120 838 6 90.813
121 926 35 94.341
122 219 29 41.107
123 738 37 24.813
124 1050 48 99.445
125 658 29 35.031
126 673 33 77.646
127 635 55 16.898
128 962 44 19.612
129 1391 33 45.408
130 1380 26 39.821
131 1016 41 63.497
132 452 21 57.303
133 30 49 43.556
134 1077 35 63.61
135 1022 38 46.31
136 965 42 11.297
137 719 58 89.515
138 1087 24 68.924
139 1020 32 54.72
140 1211 30 88.269
141 706 28 74.518
142 585 13 48.458
143 392 23 4.755
144 340 51 97.286
145 1118 18 75.926
146 1186 4 70.287
147 1123 47 53.962
148 455 6 76.718
149 1332 24 85.983
150 155 20 83.197
