123
1 90 41 14
2 765 38 85
3 618 45 13
4 87 53 12
5 861 8 79
6 309 43 67
7 1057 32 87
8 1058 28 28
9 1246 42 75
10 370 34 16
11 1286 7 29
12 97 49 24
13 724 2 34
14 806 4 62
15 743 49 47
16 1263 9 54
17 700 23 86
18 778 34 58
19 922 8 85
20 1263 28 46
21 259 24 97
22 771 29 87
23 869 26 2
24 956 15 46
25 64 19 91
26 415 31 54
27 305 22 9
28 68 42 46
29 303 50 83
30 663 15 1
31 1218 25 19
32 1012 32 3
33 903 47 21
34 1185 17 98
35 1050 56 5
36 194 3 88
37 1196 57 41
38 581 43 57
39 721 53 57
40 253 60 19
41 184 16 11
42 1105 41 70
43 609 22 65
44 358 20 3
45 165 23 55
46 149 9 23
47 309 59 31
48 424 52 26
49 1042 44 91
50 646 60 70
51 994 38 17
52 175 31 11
53 1194 5 37
54 614 47 53
55 370 4 12
56 1434 13 62
57 562 55 59
58 618 6 29
59 313 25 53
60 161 43 60
61 389 49 19
62 233 34 87
63 559 13 68
64 419 60 5
65 906 56 21
66 525 6 84
67 1005 6 6
68 272 49 19
69 143 37 36
70 986 60 19
71 245 19 51
72 142 34 74
73 1024 39 1
74 186 36 90
75 1208 33 20
76 1287 9 3
77 1247 31 65
78 315 39 63
79 196 28 9
80 52 27 39
81 287 58 67
82 623 26 84
83 960 26 58
84 754 14 70
85 196 43 70
86 1368 42 84
87 723 31 91
88 1287 36 75
89 401 17 81
90 398 57 18
91 768 19 66
92 1082 54 33
93 330 15 95
94 59 29 93
95 1190 44 16
96 624 15 76
97 1285 11 76
98 1108 50 28
99 1407 23 44
100 572 26 77
101 271 29 8
102 746 47 50
103 170 34 47
104 808 59 43
105 1242 41 45
106 1243 52 99
107 667 21 54
108 915 57 84
109 829 37 17
110 990 27 21
111 1240 22 43
112 901 50 15
113 99 42 24
114 169 23 59
115 784 43 14
116 392 32 45
117 686 24 7
118 668 32 90
119 1219 4 51
120 1294 40 44
121 1319 17 72
122 780 27 15
123 123 58 46
