103
1 136 30 57.906
2 480 10 36.596
3 466 58 43.736
4 1390 9 86.043
5 1076 13 4.596
6 741 2 3.935
7 387 56 3.754
8 412 3 22.209
9 156 14 3.631
10 683 24 99.595
11 1101 21 61.928
12 1145 18 50.74
13 1362 56 92.304
14 1393 40 13.946
15 328 58 62.747
16 612 25 64.664
17 1346 46 94.567
18 341 33 95.517
19 1210 5 42.659
20 768 26 56.035
21 1440 12 94.249
22 527 57 69.887
23 614 37 55.33
24 905 51 52.828
25 903 41 45.957
26 570 40 90.135
27 354 35 68.634
28 460 30 43.645
29 255 9 22.23
30 841 28 49.442
31 609 1 60.901
32 1078 14 51.546
33 444 27 95.892
34 450 5 62.669
35 1265 58 24.623
36 1206 11 38.043
37 851 32 48.052
38 596 60 88.259
39 526 27 13.021
40 481 43 25.193
41 1108 45 33.602
42 1421 53 79.697
43 1110 5 89.67
44 1252 11 19.496
45 477 49 77.028
46 1310 39 91.05
47 1120 52 24.125
48 725 25 81.869
49 1386 30 42.636
50 126 51 55.885
51 59 46 57.207
52 92 56 6.391
53 361 27 15.784
54 865 1 31.186
55 1134 29 73.407
56 68 29 56.327
57 674 21 95.548
58 1125 11 70.526
59 1367 51 10.338
60 1039 42 38.226
61 916 35 83.457
62 676 47 15.66
63 644 15 57.59
64 608 15 50.032
65 249 1 98.688
66 1145 9 1.862
67 32 18 71.844
68 371 19 9.144
69 90 20 92.347
70 35 20 42.876
71 270 22 46.529
72 1085 46 2.923
73 456 48 26.733
74 1116 3 10.284
75 1106 34 21.472
76 1110 51 11.954
77 1130 36 49.692
78 839 36 6.618
79 18 52 72.831
80 350 43 66.079
81 401 31 35.612
82 217 49 28.665
83 1226 15 53.018
84 1263 2 15.503
85 907 18 75.593
86 559 14 12.346
87 358 44 0.251
88 830 33 32.608
89 250 39 88.042
90 833 31 67.12
91 5 32 45.542
92 625 58 69.363
93 235 43 83.932
94 697 31 72.484
95 1408 55 84.293
96 1055 60 51.345
97 964 10 71.209
98 763 34 29.41
99 239 9 72.667
100 993 8 18.796
101 1308 47 73.157
102 464 11 39.157
103 1125 35 64.643
