150
1 511 2 24.074
2 792 23 42.087
3 50 55 94.014
4 1106 35 73.459
5 1291 13 49.769
6 813 7 57.696
7 908 36 72.208
8 1286 21 4.239
9 827 54 97.495
10 26 37 7.593
11 369 55 98.643
12 256 51 51.105
13 187 27 60.219
14 328 11 93.416
15 639 54 96.141
16 47 33 34.605
17 1420 60 47.585
18 617 41 39.011
19 1276 47 47.85
20 1350 54 20.273
21 546 50 15.419
22 577 45 8.403
23 459 52 9.329
24 1020 44 50.941
25 1224 43 88.996
26 1264 1 92.433
27 1051 20 45.722
28 517 2 67.454
29 563 59 84.6
30 182 13 68.319
31 456 27 92.58
32 1269 57 28.197
33 260 49 60.339
34 207 34 23.544
35 852 33 62.122
36 263 25 18.025
37 38 56 42.076
38 591 44 19.428
39 227 56 79.426
40 696 11 40.853
41 1290 5 14.972
42 546 11 2.484
43 64 44 70.982
44 1177 60 96.637
45 800 54 64.065
46 742 43 61.96
47 1402 29 47.213
48 279 44 35.344
49 1024 28 12.768
50 131 46 61.906
51 1277 49 3.685
52 488 54 34.551
53 1400 57 56.094
54 61 19 63.199
55 1440 2 6.202
56 499 49 27.615
57 1069 55 95.046
58 962 10 63.718
59 701 46 7.992
60 617 37 2.883
61 1005 28 70.538
62 155 34 19.182
63 385 6 38.146
64 1312 35 42.211
65 179 7 5.342
66 953 51 1.92
67 1012 54 71.934
68 21 40 20.37
69 747 58 66.506
70 1034 50 97.598
71 1153 22 56.497
72 682 8 7.501
73 931 39 90.699
74 572 30 31.547
75 808 50 47.51
76 356 12 59.464
77 1389 41 1.626
78 686 21 66.916
79 1427 2 63.047
80 776 32 33.994
81 754 5 52.159
82 120 21 39.346
83 1220 45 64.5
84 583 39 44.487
85 1031 50 90.157
86 545 12 86.934
87 935 59 83.891
88 1088 48 32.901
89 425 60 97.561
90 306 40 6.485
91 1069 11 93.155
92 1431 30 88.268
93 431 28 94.432
94 57 53 42.337
95 732 38 82.896
96 1088 22 99.466
97 379 58 96.414
98 1353 50 0.844
99 168 17 11.703
100 12 56 55.238
101 252 4 52.559
102 1397 22 67.989
103 1376 25 31.838
104 1227 33 12.744
105 171 14 10.672
106 1421 53 17.068
107 1150 40 22.674
108 586 29 9.1
109 906 53 44.998
110 1179 41 97.932
111 52 53 79.661
112 815 59 92.951
113 606 47 46.2
114 1384 56 59.897
115 129 39 43.525
116 265 32 32.974
117 1199 38 96.139
118 128 16 55.681
119 1382 28 45.524
120 45 29 21.41
121 517 36 23.712
122 1440 15 17.607
123 1088 5 91.109
124 715 24 79.343
125 871 39 74.504
126 924 48 79.1
127 930 40 65.951
128 1184 44 36.173
129 818 36 40.003
130 470 16 49.949
131 452 59 40.261
132 316 60 7.955
133 1403 36 20.866
134 1149 38 86.494
135 1152 46 2.931
136 399 44 79.016
137 58 10 13.102
138 1284 59 84.898
139 209 7 54.936
140 819 48 53.311
141 511 1 1.285
142 437 49 81.32
143 681 36 74.15
144 877 17 72.579
145 1045 25 46.286
146 901 60 33.381
147 1015 38 89.37
148 82 53 65.727
149 1334 54 65.43
150 1263 8 29.697
