149
1 1092 52 93
2 185 29 27
3 1344 1 86
4 424 38 40
5 815 35 21
6 1063 51 12
7 604 22 81
8 1340 42 32
9 420 35 2
10 1082 50 46
11 132 10 52
12 1009 44 74
13 449 23 53
14 554 8 71
15 968 23 3
16 1036 30 47
17 1076 20 65
18 1086 6 63
19 1023 46 59
20 1191 38 49
21 484 18 68
22 1182 29 32
23 218 2 31
24 1170 9 21
25 1270 50 44
26 1184 35 38
27 1017 46 41
28 1055 23 93
29 539 5 6
30 555 5 33
31 980 39 78
32 1399 59 48
33 56 7 98
34 211 40 82
35 860 33 29
36 805 15 62
37 1042 19 47
38 123 18 53
39 100 55 4
40 768 55 29
41 1078 37 87
42 112 1 98
43 151 5 49
44 1434 37 56
45 148 32 92
46 1220 55 54
47 722 56 1
48 701 27 81
49 614 58 54
50 1058 33 39
51 994 40 20
52 1198 40 66
53 540 23 23
54 1236 35 27
55 372 47 55
56 1390 9 2
57 746 57 28
58 969 42 78
59 556 32 80
60 1378 56 83
61 273 57 49
62 730 51 51
63 1429 46 92
64 1139 42 98
65 758 20 1
66 1050 31 55
67 1259 56 19
68 330 16 7
69 1361 28 71
70 924 43 3
71 671 2 2
72 1080 58 73
73 108 15 27
74 153 58 64
75 505 48 2
76 805 36 91
77 590 28 96
78 515 45 10
79 1107 48 84
80 720 21 68
81 936 11 40
82 1359 3 82
83 154 54 39
84 245 28 72
85 904 6 96
86 1059 12 7
87 976 55 63
88 822 29 36
89 1165 37 18
90 306 6 74
91 784 51 92
92 595 4 68
93 1417 4 31
94 749 57 2
95 868 50 72
96 251 17 12
97 979 53 43
98 13 19 57
99 1342 11 87
100 1177 54 31
101 1305 51 36
102 1068 25 52
103 217 13 55
104 141 4 47
105 600 29 9
106 284 53 70
107 583 17 55
108 283 24 8
109 1280 12 1
110 794 59 80
111 349 59 66
112 814 48 55
113 1176 41 69
114 725 40 34
115 1112 13 93
116 1152 34 79
117 10 54 8
118 398 7 29
119 1159 39 79
120 974 21 27
121 171 13 2
122 462 31 16
123 1018 26 40
124 641 57 92
125 140 26 80
126 1400 32 94
127 317 49 30
128 1085 44 24
129 733 27 78
130 1232 32 29
131 448 12 4
132 188 5 22
133 122 6 25
134 882 30 18
135 1400 45 47
136 643 21 40
137 1332 22 49
138 260 36 50
139 579 59 98
140 972 25 38
141 366 1 15
142 130 30 29
143 1179 7 72
144 73 24 37
145 1332 35 60
146 201 50 98
147 1320 34 21
148 639 55 32
149 984 56 25
