150
1 97 41 32.043
2 160 58 45.95
3 366 34 76.08
4 1016 55 33.07
5 1331 5 52.7
6 499 12 33.490
7 228 43 44.029
8 1297 25 74.799
9 997 48 11.5
10 331 40 75.88
11 31 13 91.30
12 759 9 44.29
13 481 17 6.163
14 331 10 15.325
15 589 54 46.093
16 601 33 88.1
17 694 52 76.88
18 498 55 17.5
19 662 27 97.318
20 405 47 87.540
21 651 19 9.839
22 1378 28 1.53
23 1297 4 88.49
24 1037 55 67.36
25 870 36 25.2
26 1349 28 40.9
27 1421 31 58.057
28 1031 48 66.4
29 305 1 85.927
30 47 11 94.6
31 160 53 92.7
32 1351 14 89.665
33 311 52 80.83
34 410 51 67.72
35 1251 3 71.1
36 279 33 55.461
37 497 9 46.870
38 911 39 73.4
39 1406 22 47.3
40 412 21 79.508
41 989 9 41.861
42 689 18 36.6
43 894 53 4.803
44 509 48 84.55
45 1142 48 85.59
46 1138 55 70.08
47 261 47 3.2
48 65 45 17.3
49 952 6 37.097
50 98 38 36.2
51 886 48 99.62
52 1214 58 62.478
53 345 8 66.09
54 10 43 66.706
55 714 26 38.54
56 1092 6 70.7
57 173 10 22.99
58 1339 41 62.21
59 561 17 86.19
60 621 42 87.03
61 1020 51 91.542
62 1085 17 78.985
63 1106 21 79.4
64 637 47 83.9
65 956 21 67.3
66 507 13 35.2
67 937 9 7.995
68 109 15 84.262
69 856 53 95.92
70 1290 35 58.351
71 1011 15 36.7
72 111 53 23.8
73 37 8 87.952
74 360 50 76.540
75 325 10 47.7
76 167 48 45.847
77 464 58 28.6
78 192 16 58.772
79 1061 18 25.558
80 1125 28 45.70
81 532 5 30.45
82 953 44 68.5
83 765 44 54.3
84 1044 60 35.75
85 750 22 53.330
86 581 9 23.262
87 231 45 24.43
88 241 58 61.7
89 1283 48 65.558
90 586 20 95.59
91 56 26 45.33
92 879 42 36.93
93 571 52 15.556
94 120 25 81.80
95 284 3 19.400
96 518 8 85.632
97 1399 8 66.406
98 75 55 14.524
99 652 32 4.7
100 869 13 66.61
101 764 20 92.97
102 972 47 15.396
103 11 55 55.535
104 692 32 75.714
105 19 58 78.839
106 419 25 19.1
107 1068 40 46.1
108 795 13 63.485
109 1217 53 85.0
110 819 24 61.523
111 873 5 36.94
112 562 6 81.04
113 85 59 90.06
114 828 45 71.5
115 76 54 65.679
116 1025 11 45.6
117 305 23 64.9
118 146 5 61.842
119 148 3 87.515
120 225 3 39.87
121 395 24 96.1
122 589 27 33.535
123 1256 40 64.8
124 1218 2 91.756
125 1125 30 68.355
126 170 59 68.219
127 212 13 8.813
128 817 24 94.6
129 81 25 95.6
130 1148 42 40.74
131 116 46 86.61
132 138 9 9.3
133 541 7 16.3
134 492 3 75.33
135 1051 42 65.3
136 1024 8 12.30
137 481 6 91.60
138 863 41 93.936
139 712 29 90.73
140 409 54 1.22
141 879 27 46.31
142 317 27 37.14
143 1267 11 12.84
144 521 58 31.060
145 520 31 7.29
146 1131 56 35.0
147 398 19 79.903
148 674 35 72.822
149 951 47 25.9
150 333 48 22.1