146
1 1225 42 85.938
2 798 54 17.244
3 733 60 86.667
4 1053 38 50.753
5 227 4 10.324
6 1154 9 56.061
7 1410 40 71.016
8 626 17 27.105
9 515 55 82.436
10 930 40 93.51
11 225 43 6.131
12 274 6 67.409
13 86 1 31.972
14 838 59 66.319
15 1162 60 86.702
16 506 51 68.767
17 314 4 67.11
18 1218 34 40.215
19 621 51 83.285
20 98 34 36.912
21 687 39 48.131
22 1225 40 13.732
23 834 8 16.927
24 299 8 50.382
25 1097 14 41.107
26 718 56 93.353
27 425 17 20.447
28 1270 46 1.062
29 751 55 17.079
30 714 51 49.413
31 434 30 92.422
32 743 41 3.584
33 116 30 17.933
34 667 51 6.338
35 877 2 83.381
36 1263 56 52.545
37 1178 39 73.738
38 749 10 58.145
39 844 48 36.552
40 837 3 62.436
41 1089 59 70.224
42 1334 52 64.204
43 624 6 98.68
44 746 1 47.295
45 576 16 7.478
46 1144 58 3.153
47 1256 54 56.952
48 1142 10 32.91
49 1148 27 70.152
50 31 42 97.626
51 1103 22 8.55
52 523 42 40.756
53 266 39 42.019
54 944 24 17.87
55 62 6 7.588
56 583 14 5.197
57 926 9 50.782
58 1379 53 93.86
59 511 1 56.041
60 973 9 68.034
61 1373 33 12.133
62 1142 17 7.309
63 97 27 93.157
64 580 32 97.596
65 766 53 34.011
66 448 34 11.154
67 940 22 46.091
68 1352 17 1.96
69 16 13 88.218
70 65 57 79.817
71 548 41 7.152
72 535 11 82.008
73 1310 30 60.868
74 891 59 57.925
75 583 60 48.002
76 536 11 36.278
77 439 35 39.426
78 771 34 79.468
79 1146 22 54.087
80 1340 9 12.998
81 885 15 64.144
82 338 15 18.9
83 1019 15 36.574
84 1041 30 24.363
85 257 59 55.964
86 1081 45 20.023
87 374 11 42.289
88 1260 33 91.602
89 1437 7 53.195
90 921 16 82.331
91 175 33 85.333
92 91 30 79.742
93 819 45 87.28
94 1072 17 14.389
95 296 11 51.129
96 936 47 88.494
97 881 30 62.249
98 761 46 36.347
99 1076 11 43.891
100 805 20 78.762
101 683 26 65.227
102 876 55 0.164
103 526 46 62.456
104 1212 6 83.938
105 657 14 2.427
106 42 56 54.237
107 1409 43 85.615
108 133 57 23.029
109 1367 17 88.584
110 96 17 13.003
111 1419 55 31.634
112 756 40 96.496
113 482 17 26.577
114 1009 36 17.438
115 434 45 97.454
116 725 30 47.488
117 298 32 92.337
118 809 50 85.733
119 430 5 78.096
120 1279 34 0.855
121 402 36 46.366
122 601 9 7.682
123 275 56 45.702
124 1276 39 99.895
125 794 29 20.757
126 698 50 93.354
127 1205 18 35.104
128 1013 23 86.056
129 563 55 25.589
130 523 15 28.597
131 958 37 63.944
132 282 42 49.876
133 1387 60 47.816
134 862 52 31.618
135 1266 53 39.473
136 496 22 72.434
137 893 23 5.021
138 521 12 20.934
139 1293 56 26.108
140 1331 58 81.529
141 1296 8 32.139
142 940 41 13.594
143 46 10 72.524
144 323 7 55.092
145 82 35 15.202
146 418 2 56.646