150
1 437 4 99.999
2 399 8 99.999
3 62 6 99.999
4 119 6 99.999
5 377 13 99.999
6 312 7 99.999
7 63 15 99.999
8 231 8 99.999
9 125 9 99.999
10 168 8 99.999
11 114 13 99.999
12 226 14 99.999
13 158 2 99.999
14 413 1 99.999
15 244 9 99.999
16 479 6 99.999
17 284 7 99.999
18 66 11 99.999
19 296 11 99.999
20 35 9 99.999
21 464 6 99.999
22 140 11 99.999
23 307 13 99.999
24 261 15 99.999
25 337 15 99.999
26 18 7 99.999
27 472 2 99.999
28 217 6 99.999
29 79 13 99.999
30 199 13 99.999
31 260 2 99.999
32 113 10 99.999
33 209 7 99.999
34 19 11 99.999
35 381 11 99.999
36 217 2 99.999
37 98 15 99.999
38 64 5 99.999
39 415 13 99.999
40 89 10 99.999
41 228 12 99.999
42 443 9 99.999
43 156 6 99.999
44 135 3 99.999
45 418 10 99.999
46 438 15 99.999
47 342 11 99.999
48 453 6 99.999
49 298 4 99.999
50 174 4 99.999
51 345 4 99.999
52 305 3 99.999
53 198 8 99.999
54 238 4 99.999
55 477 9 99.999
56 157 10 99.999
57 193 2 99.999
58 348 6 99.999
59 104 8 99.999
60 47 10 99.999
61 43 14 99.999
62 402 5 99.999
63 208 14 99.999
64 124 2 99.999
65 65 6 99.999
66 37 12 99.999
67 38 15 99.999
68 273 9 99.999
69 135 10 99.999
70 309 1 99.999
71 28 9 99.999
72 398 14 99.999
73 442 12 99.999
74 398 3 99.999
75 26 10 99.999
76 277 14 99.999
77 48 13 99.999
78 14 3 99.999
79 104 4 99.999
80 252 4 99.999
81 269 5 99.999
82 150 11 99.999
83 267 4 99.999
84 234 1 99.999
85 150 4 99.999
86 306 8 99.999
87 23 9 99.999
88 427 8 99.999
89 291 2 99.999
90 87 1 99.999
91 33 11 99.999
92 334 15 99.999
93 410 5 99.999
94 135 15 99.999
95 325 9 99.999
96 86 6 99.999
97 163 5 99.999
98 213 7 99.999
99 143 8 99.999
100 264 3 99.999
101 194 14 99.999
102 111 7 99.999
103 105 3 99.999
104 454 5 99.999
105 218 14 99.999
106 198 13 99.999
107 129 1 99.999
108 229 12 99.999
109 62 12 99.999
110 182 2 99.999
111 324 7 99.999
112 46 13 99.999
113 184 12 99.999
114 16 7 99.999
115 377 11 99.999
116 438 5 99.999
117 32 5 99.999
118 307 4 99.999
119 428 10 99.999
120 459 6 99.999
121 477 3 99.999
122 79 15 99.999
123 259 12 99.999
124 450 6 99.999
125 58 13 99.999
126 287 10 99.999
127 122 9 99.999
128 297 5 99.999
129 277 14 99.999
130 111 5 99.999
131 259 13 99.999
132 112 6 99.999
133 112 1 99.999
134 406 15 99.999
135 273 1 99.999
136 93 2 99.999
137 61 10 99.999
138 206 1 99.999
139 367 14 99.999
140 17 11 99.999
141 175 3 99.999
142 361 12 99.999
143 361 2 99.999
144 479 3 99.999
145 70 3 99.999
146 458 11 99.999
147 465 1 99.999
148 408 14 99.999
149 271 8 99.999
150 421 7 99.999
