146
1 1103 48 94.736
2 393 57 65.029
3 598 60 51.337
4 1332 1 65.667
5 350 28 80.58
6 1041 55 30.233
7 1267 13 56.491
8 559 33 35.152
9 1297 42 95.494
10 1119 52 85.987
11 784 46 96.947
12 740 17 89.288
13 118 30 10.787
14 1225 23 91.093
15 1247 33 48.517
16 1155 22 91.826
17 816 5 74.196
18 665 8 54.181
19 103 30 13.476
20 1244 23 38.802
21 244 4 91.455
22 257 59 4.727
23 291 46 89.214
24 1400 46 73.857
25 1050 57 97.631
26 795 10 16.301
27 1110 56 3.311
28 377 58 75.138
29 1133 47 94.334
30 1420 1 96.839
31 1005 28 29.245
32 1235 16 66.875
33 421 29 89.994
34 822 29 12.082
35 182 17 27.027
36 1256 39 4.187
37 1345 25 80.083
38 102 14 83.022
39 502 17 99.127
40 65 20 16.139
41 963 43 94.313
42 597 44 49.429
43 1189 19 35.431
44 1440 55 14.836
45 134 27 18.34
46 640 3 27.537
47 923 29 82.041
48 888 2 29.644
49 238 48 24.429
50 1216 12 36.096
51 963 60 77.59
52 374 42 46.077
53 603 57 79.226
54 493 2 41.299
55 1210 17 2.413
56 775 34 61.805
57 173 1 62.106
58 362 26 75.723
59 829 48 76.36
60 748 22 26.082
61 213 45 96.78
62 395 2 74.888
63 1438 8 93.698
64 1141 20 28.701
65 1227 17 15.277
66 146 30 54.889
67 362 5 94.841
68 611 25 53.488
69 174 56 16.53
70 960 12 39.616
71 504 40 40.856
72 1294 39 63.555
73 219 50 3.634
74 1004 30 98.048
75 174 24 56.819
76 35 17 2.136
77 403 53 79.185
78 527 6 64.706
79 415 60 15.395
80 913 4 88.254
81 947 49 90.745
82 72 2 4.895
83 245 57 85.168
84 1013 1 93.374
85 1328 44 81.285
86 1107 47 53.261
87 1300 46 80.187
88 493 9 34.672
89 178 34 85.568
90 297 1 85.76
91 802 22 19.948
92 466 29 58.444
93 1248 28 33.165
94 243 11 88.467
95 1329 22 85.083
96 411 4 22.321
97 1074 19 15.898
98 323 28 87.506
99 169 38 24.907
100 289 29 67.525
101 112 16 81.154
102 536 3 36.372
103 1203 27 83.835
104 495 16 76.05
105 146 32 12.701
106 665 46 43.117
107 142 38 67.497
108 1180 57 70.702
109 213 22 91.768
110 977 16 72.069
111 497 35 13.649
112 566 14 78.313
113 681 34 96.461
114 849 47 5.477
115 1218 38 45.115
116 893 48 16.363
117 1147 14 59.721
118 1134 34 6.018
119 311 25 66.551
120 202 16 19.131
121 947 16 9.116
122 235 4 21.637
123 425 60 66.621
124 211 1 11.396
125 958 43 55.824
126 905 35 80.922
127 1236 19 37.091
128 1313 51 29.746
129 73 55 15.778
130 716 15 58.518
131 344 20 7.789
132 754 4 53.373
133 158 44 83.578
134 1294 29 65.757
135 1208 52 75.943
136 660 2 49.979
137 847 40 76.112
138 497 10 38.804
139 721 11 62.097
140 30 26 19.563
141 668 30 20.203
142 1126 4 87.486
143 509 17 88.863
144 939 17 82.012
145 1106 16 61.221
146 1224 5 26.092
