150
1 1419 8 81.691
2 806 35 18.947
3 1345 4 12.369
4 1038 50 82.100
5 697 44 63.790
6 920 56 1.611
7 1279 30 89.596
8 286 39 51.538
9 569 54 54.452
10 1429 32 60.644
11 579 17 76.044
12 949 59 85.535
13 1298 2 38.287
14 1434 19 8.465
15 941 59 73.388
16 156 22 33.199
17 52 18 83.975
18 890 7 37.172
19 817 55 82.822
20 1386 8 17.652
21 1075 20 12.952
22 954 54 87.989
23 754 30 4.407
24 374 37 68.672
25 1386 35 73.378
26 778 42 43.717
27 43 1 37.984
28 1003 32 97.966
29 748 1 39.899
30 85 50 44.019
31 1282 20 15.680
32 475 51 32.603
33 330 15 31.406
34 164 35 89.450
35 448 57 24.702
36 329 2 31.068
37 939 3 40.887
38 95 1 70.801
39 396 41 14.363
40 406 36 87.133
41 1268 6 8.315
42 640 48 46.174
43 1089 37 3.038
44 869 4 75.320
45 1128 4 70.004
46 164 8 21.451
47 1410 48 67.991
48 1222 5 55.729
49 72 14 85.068
50 671 14 55.857
51 469 6 90.178
52 908 52 41.952
53 331 42 35.813
54 835 44 48.899
55 869 39 25.596
56 864 31 92.917
57 646 19 46.676
58 51 40 25.401
59 740 7 43.122
60 587 9 70.253
61 155 1 40.233
62 662 58 18.184
63 649 59 85.625
64 794 7 58.420
65 1160 28 37.358
66 1009 40 22.169
67 1256 17 21.899
68 75 46 52.223
69 316 34 43.342
70 662 26 74.131
71 1381 16 7.045
72 1138 45 84.734
73 651 54 67.988
74 480 44 13.665
75 85 24 85.841
76 1067 57 19.983
77 730 15 60.734
78 288 32 54.305
79 615 58 16.232
80 243 16 0.565
81 1083 15 77.149
82 530 56 76.479
83 1357 4 42.107
84 24 18 5.681
85 1194 36 58.575
86 902 12 17.415
87 776 38 72.861
88 937 48 53.429
89 1047 30 25.306
90 136 39 91.706
91 1264 48 75.820
92 20 14 88.703
93 424 36 6.879
94 259 6 18.353
95 1334 31 73.708
96 98 51 69.672
97 837 56 77.700
98 918 30 50.190
99 938 16 42.550
100 1245 39 61.124
101 80 55 85.578
102 1177 31 67.080
103 762 59 52.359
104 1000 12 29.881
105 306 6 70.397
106 782 18 38.161
107 1012 24 56.769
108 1378 25 88.786
109 640 18 84.295
110 123 42 89.880
111 82 5 93.901
112 907 24 81.544
113 1147 18 0.135
114 996 18 0.309
115 497 6 8.746
116 1364 36 26.072
117 749 17 2.279
118 1374 9 42.408
119 106 1 34.106
120 298 17 54.135
121 1116 33 92.617
122 1317 53 29.850
123 1127 2 33.808
124 425 55 85.948
125 218 7 34.048
126 1221 50 13.812
127 1130 48 50.780
128 390 55 85.666
129 328 8 38.431
130 462 30 69.569
131 1195 24 62.791
132 1184 10 45.039
133 822 35 47.362
134 824 36 94.971
135 412 13 8.349
136 1007 31 27.983
137 1147 60 44.701
138 636 29 58.757
139 642 42 87.764
140 671 25 46.910
141 402 2 43.742
142 973 17 74.619
143 1302 48 46.791
144 1309 21 86.083
145 1076 5 46.651
146 375 31 49.810
147 993 22 48.743
148 189 45 22.947
149 177 32 8.555
150 275 49 6.738
