150
1 1267 13 53.51
2 25 49 3.03
3 26 59 23.86
4 1422 46 63.57
5 158 15 55.94
6 1199 55 79.91
7 898 40 60.61
8 587 51 14.93
9 121 39 45.34
10 704 49 93.37
11 792 60 86.4
12 207 41 68.0
13 874 20 82.46
14 1230 10 55.42
15 1087 4 68.11
16 590 3 68.42
17 540 15 46.38
18 293 2 54.85
19 1330 54 28.61
20 1336 3 25.6
21 1077 7 21.75
22 944 57 11.3
23 1143 34 10.67
24 430 34 73.4
25 743 18 54.41
26 735 57 63.99
27 695 9 32.21
28 823 11 9.81
29 486 11 98.62
30 508 24 95.01
31 1193 13 86.19
32 1029 9 27.04
33 113 52 91.63
34 630 53 91.32
35 230 33 68.34
36 321 8 3.61
37 272 5 51.58
38 653 4 97.08
39 396 24 4.26
40 529 37 35.74
41 764 38 24.52
42 467 16 92.87
43 1175 22 73.35
44 998 39 53.32
45 126 27 35.57
46 1062 29 91.37
47 108 46 47.84
48 1420 29 8.72
49 1109 53 73.38
50 592 8 80.29
51 864 4 37.94
52 1231 54 86.94
53 1043 33 53.36
54 898 18 86.04
55 500 42 87.2
56 1089 47 88.47
57 788 42 20.35
58 1278 38 28.22
59 362 4 86.09
60 1175 17 47.02
61 1381 8 86.89
62 102 17 50.31
63 1272 59 5.8
64 537 28 1.55
65 1021 46 67.97
66 830 15 7.28
67 284 31 91.4
68 274 48 4.05
69 57 52 65.52
70 695 6 3.14
71 156 15 28.55
72 1356 32 75.13
73 961 13 38.51
74 985 25 44.15
75 300 38 82.79
76 938 3 36.87
77 1241 60 30.02
78 1200 27 38.73
79 1134 27 35.56
80 744 56 72.98
81 134 19 54.48
82 909 57 10.54
83 222 26 4.47
84 161 25 64.34
85 28 30 48.14
86 1005 13 73.7
87 977 45 3.5
88 49 59 58.72
89 952 1 29.25
90 179 60 49.01
91 168 22 81.62
92 577 43 23.17
93 1058 41 39.28
94 1073 20 29.31
95 179 17 76.71
96 1083 49 27.08
97 1224 49 8.63
98 1316 22 59.09
99 662 39 5.3
100 955 36 9.23
101 885 2 96.31
102 677 26 90.74
103 864 35 51.79
104 1263 38 37.1
105 746 39 1.76
106 815 42 91.25
107 685 33 90.05
108 225 16 4.19
109 709 34 47.32
110 1337 38 86.06
111 98 34 27.33
112 1271 15 61.01
113 1012 9 87.25
114 1018 29 51.85
115 543 34 49.53
116 1258 11 68.48
117 1143 37 45.29
118 105 50 55.68
119 1322 8 5.87
120 378 2 62.98
121 1150 28 73.73
122 1357 57 44.51
123 580 24 86.7
124 268 35 14.28
125 401 10 6.93
126 1199 5 8.51
127 541 33 56.0
128 1015 47 91.55
129 1229 5 71.88
130 402 23 33.37
131 1214 47 68.11
132 972 12 18.15
133 963 33 37.37
134 1217 4 75.12
135 411 31 45.14
136 985 15 51.27
137 42 25 37.64
138 1129 44 11.08
139 1381 18 50.68
140 1335 23 21.98
141 310 39 18.18
142 1094 27 54.83
143 814 45 44.05
144 1040 18 26.5
145 537 50 31.26
146 119 29 37.24
147 427 36 10.56
148 176 57 55.97
149 1274 38 51.79
150 907 12 63.94
