150
1 404 31 44.436
2 271 14 30.662
3 91 19 76.582
4 633 28 98.097
5 1199 36 35.157
6 76 35 89.388
7 195 8 28.637
8 90 58 92.754
9 202 45 27.572
10 1256 54 34.036
11 856 6 12.674
12 53 7 10.67
13 217 33 55.702
14 490 25 62.102
15 1124 23 29.223
16 1292 43 29.659
17 277 51 47.276
18 1397 28 31.965
19 778 9 3.814
20 943 17 94.102
21 483 60 16.003
22 838 19 1.555
23 911 14 46.609
24 695 31 42.651
25 1023 41 87.855
26 60 42 11.21
27 480 9 79.724
28 536 30 42.576
29 927 51 27.138
30 428 8 27.466
31 1111 25 48.347
32 1192 11 49.249
33 514 14 58.785
34 350 58 29.563
35 438 37 97.042
36 1244 47 32.609
37 810 40 23.041
38 1331 13 43.196
39 960 1 1.266
40 1072 43 58.172
41 591 5 92.93
42 1118 38 84.898
43 1120 40 82.407
44 605 36 76.067
45 683 16 9.664
46 231 1 35.465
47 720 53 81.189
48 1187 60 16.064
49 1004 49 65.813
50 260 1 82.302
51 222 36 18.214
52 995 29 54.298
53 120 38 61.274
54 377 13 8.88
55 621 36 31.657
56 457 10 67.876
57 358 59 56.288
58 405 38 26.147
59 38 38 44.866
60 830 55 9.175
61 1243 15 8.596
62 1439 20 6.706
63 192 1 46.178
64 32 43 37.858
65 1439 44 5.27
66 991 18 80.082
67 1424 41 72.979
68 1133 48 69.321
69 1428 10 4.806
70 373 51 78.899
71 910 1 62.526
72 10 56 32.415
73 952 1 46.015
74 1071 57 33.87
75 1246 13 18.988
76 1156 48 86.78
77 913 20 50.003
78 539 17 50.428
79 898 48 7.417
80 269 25 57.041
81 330 43 54.539
82 1295 47 59.482
83 1017 30 25.033
84 746 15 45.42
85 560 54 18.97
86 135 35 59.447
87 214 25 59.669
88 824 31 55.475
89 276 27 31.113
90 486 32 15.305
91 129 53 81.29
92 562 29 20.955
93 163 50 93.778
94 476 7 67.634
95 1177 20 8.667
96 1135 42 88.481
97 1153 55 79.374
98 1183 53 23.403
99 588 20 21.901
100 363 15 40.74
101 896 44 18.32
102 240 10 26.742
103 1252 25 3.446
104 704 8 56.259
105 505 16 79.005
106 1429 16 42.764
107 947 46 74.294
108 118 17 13.999
109 1431 48 20.68
110 172 12 2.361
111 1075 55 30.021
112 1041 27 69.261
113 724 28 79.542
114 1053 48 42.446
115 581 22 76.7
116 1113 16 87.758
117 315 3 3.133
118 1225 20 41.884
119 539 14 57.09
120 964 49 52.872
121 1347 53 73.063
122 638 42 97.282
123 997 42 49.887
124 447 53 15.437
125 184 14 30.189
126 383 26 97.404
127 579 46 81.978
128 931 6 30.155
129 1347 54 56.853
130 921 1 10.933
131 860 47 92.302
132 646 31 63.371
133 1281 23 56.799
134 199 48 69.577
135 1205 52 4.946
136 1334 28 19.051
137 1423 16 92.52
138 765 7 4.193
139 542 38 91.744
140 1304 13 50.183
141 1186 38 66.672
142 1094 53 90.182
143 792 32 82.202
144 827 16 60.575
145 157 14 18.595
146 991 50 84.165
147 213 43 6.723
148 1099 37 3.685
149 1001 41 89.886
150 1335 18 74.314
