150
1 723 17 23
2 218 28 22
3 1049 24 29
4 1292 29 24
5 365 11 15
6 632 24 19
7 392 5 11
8 902 34 23
9 549 13 15
10 116 21 25
11 802 4 6
12 94 18 24
13 71 28 29
14 1194 19 21
15 1344 14 20
16 41 12 17
17 1367 19 20
18 1399 21 20
19 181 9 14
20 578 28 28
21 917 21 17
22 17 21 15
23 220 26 26
24 887 10 14
25 1079 48 34
26 467 10 14
27 373 28 26
28 1131 18 16
29 166 38 26
30 591 8 19
31 452 25 20
32 189 50 37
33 33 21 27
34 445 48 33
35 872 34 28
36 1372 47 30
37 162 23 19
38 195 30 21
39 886 14 16
40 96 27 29
41 926 34 30
42 623 13 16
43 123 29 22
44 163 21 15
45 1123 21 19
46 867 19 21
47 1200 12 12
48 1066 9 15
49 637 17 20
50 979 9 14
51 1168 6 19
52 819 51 37
53 1420 23 21
54 1294 9 8
55 882 13 16
56 724 27 26
57 1122 22 23
58 1032 16 15
59 1068 11 15
60 1288 42 31
61 1325 13 15
62 221 7 14
63 1307 35 29
64 118 12 10
65 788 7 16
66 152 10 12
67 84 38 30
68 1208 27 24
69 634 25 18
70 1436 8 12
71 195 18 19
72 1010 27 26
73 724 28 20
74 720 13 16
75 147 15 16
76 1426 7 8
77 675 36 30
78 1380 24 24
79 1116 21 15
80 245 16 15
81 319 32 29
82 142 17 20
83 1146 7 17
84 1248 46 34
85 480 50 35
86 511 15 12
87 598 30 25
88 1229 15 14
89 126 30 22
90 691 23 25
91 1182 15 16
92 1184 14 13
93 1299 6 15
94 1323 25 30
95 557 21 16
96 1026 7 13
97 261 12 7
98 820 20 19
99 868 17 22
100 1024 12 19
101 1209 17 27
102 536 9 16
103 482 16 18
104 87 12 15
105 62 9 13
106 588 26 21
107 509 16 22
108 660 24 19
109 550 30 23
110 725 36 26
111 1212 11 12
112 1134 11 20
113 433 15 18
114 1208 21 24
115 1302 44 30
116 1277 19 16
117 1362 12 13
118 1044 24 20
119 1238 4 11
120 941 23 22
121 1203 22 19
122 798 12 14
123 720 11 11
124 367 14 17
125 280 15 23
126 139 23 19
127 569 15 9
128 1014 21 22
129 346 13 12
130 118 11 15
131 352 23 18
132 679 19 17
133 664 19 24
134 799 21 25
135 867 35 28
136 371 19 18
137 1389 26 24
138 473 11 17
139 797 5 13
140 1108 23 19
141 923 15 18
142 1049 28 26
143 1342 33 27
144 834 31 28
145 623 16 18
146 201 18 20
147 786 4 17
148 222 27 22
149 589 21 23
150 487 13 20
