140
1 807 57 70.6
2 1022 34 89.33
3 28 53 4.07
4 188 4 44.371
5 336 23 1.5
6 1287 1 57.2
7 705 26 53.6
8 1239 58 37.23
9 571 1 59.643
10 1345 10 64.675
11 1378 47 23.615
12 972 45 67.21
13 294 24 13.3
14 1306 19 62.3
15 1390 13 85.78
16 780 23 18.7
17 37 35 18.313
18 255 47 17.4
19 1200 1 81.5
20 131 36 38.7
21 864 4 81.7
22 1024 19 14.55
23 208 34 49.41
24 228 50 98.6
25 177 17 96.5
26 645 47 53.92
27 943 44 31.236
28 181 15 13.0
29 890 37 47.195
30 193 54 20.032
31 148 60 52.754
32 592 43 77.928
33 1094 2 13.975
34 586 35 36.918
35 886 4 83.3
36 174 2 40.5
37 599 17 39.258
38 1417 32 13.338
39 452 35 22.6
40 559 18 41.0
41 66 2 15.1
42 413 18 57.08
43 1171 28 43.482
44 938 40 4.0
45 222 13 74.261
46 704 4 22.6
47 158 15 38.546
48 387 34 32.59
49 1067 14 38.1
50 639 35 25.34
51 783 26 27.0
52 469 49 45.164
53 976 59 39.729
54 1053 34 73.1
55 362 17 39.5
56 511 33 95.8
57 974 7 62.09
58 25 45 34.0
59 1293 17 2.8
60 359 4 99.229
61 492 34 84.169
62 164 39 98.85
63 874 39 28.681
64 864 29 78.41
65 1401 33 15.0
66 373 21 79.82
67 729 47 81.9
68 955 12 27.0
69 363 39 39.4
70 1287 38 7.4
71 1013 20 86.768
72 718 17 68.1
73 354 31 72.067
74 1301 22 63.19
75 649 19 32.977
76 1332 31 25.494
77 826 60 12.7
78 458 32 84.28
79 704 51 36.651
80 503 23 1.0
81 729 44 16.062
82 747 4 87.05
83 734 10 78.37
84 1279 14 85.4
85 298 14 50.7
86 801 11 90.25
87 486 60 11.818
88 381 30 22.044
89 859 55 14.9
90 1105 47 54.49
91 787 2 90.378
92 466 45 73.66
93 974 32 8.5
94 223 50 86.7
95 596 39 59.489
96 995 34 81.65
97 350 25 95.71
98 223 34 23.528
99 1340 34 97.5
100 952 10 19.27
101 906 45 37.43
102 302 43 5.59
103 1407 55 92.3
104 505 59 7.97
105 1207 33 52.074
106 702 10 48.648
107 385 12 42.61
108 1130 34 60.1
109 609 5 3.35
110 550 13 63.13
111 553 30 39.7
112 679 28 31.129
113 1398 39 10.6
114 943 43 77.127
115 337 29 42.5
116 1092 35 4.9
117 92 5 19.6
118 705 13 37.1
119 1155 33 77.9
120 89 57 2.4
121 1183 27 52.739
122 659 8 89.053
123 932 10 72.3
124 1195 43 18.51
125 569 35 63.47
126 880 22 43.8
127 807 46 59.6
128 253 30 80.7
129 433 8 73.0
130 540 49 59.621
131 561 39 91.641
132 585 52 54.2
133 1111 17 75.4
134 924 28 4.94
135 1251 38 41.24
136 1153 20 23.24
137 564 1 18.661
138 1429 5 8.126
139 187 37 85.2
140 252 49 62.3