117
1 330 25 51.558
2 972 25 6.423
3 355 14 56.19
4 1055 34 44.516
5 29 41 1.735
6 1 16 22.71
7 66 11 51.1
8 206 53 6.199
9 381 54 16.59
10 727 9 33.63
11 49 34 2.1
12 206 60 37.28
13 803 31 65.99
14 510 48 98.9
15 785 55 70.3
16 1110 53 6.7
17 840 49 21.5
18 1199 32 98.112
19 1151 7 48.7
20 9 16 7.3
21 1176 12 75.6
22 597 17 47.9
23 1059 41 12.48
24 160 17 98.799
25 334 26 29.448
26 498 22 45.73
27 522 12 58.86
28 1373 16 71.115
29 106 22 34.3
30 1212 52 67.596
31 470 29 66.29
32 754 27 50.1
33 1250 53 53.563
34 61 10 6.18
35 1209 1 92.56
36 68 41 99.13
37 258 40 41.3
38 8 6 11.8
39 1414 11 22.1
40 1200 16 72.3
41 609 46 75.4
42 87 59 21.35
43 1267 38 92.936
44 1433 47 96.27
45 820 5 56.79
46 123 6 96.35
47 1365 51 37.84
48 1182 7 50.74
49 1431 42 59.73
50 1197 18 25.633
51 1218 56 28.8
52 1326 38 71.299
53 172 42 26.225
54 513 1 2.61
55 838 37 31.6
56 268 58 57.4
57 659 54 7.3
58 1308 17 49.67
59 589 16 47.184
60 900 46 23.188
61 72 43 9.17
62 428 41 61.157
63 1068 14 53.9
64 742 1 61.434
65 649 33 94.423
66 638 51 86.99
67 1135 47 81.7
68 412 51 77.67
69 1393 15 91.5
70 913 44 66.047
71 37 23 44.1
72 336 4 50.9
73 1047 23 57.36
74 1242 14 96.369
75 157 44 98.2
76 194 54 54.88
77 526 24 16.017
78 1106 34 60.4
79 126 18 70.05
80 1111 19 66.3
81 309 2 90.31
82 833 11 81.59
83 1139 48 88.3
84 800 8 1.741
85 1181 45 83.5
86 426 39 11.721
87 1430 29 22.9
88 592 60 99.7
89 158 31 37.1
90 712 40 97.4
91 176 13 59.2
92 197 18 0.15
93 944 54 75.499
94 293 34 7.6
95 1057 41 87.57
96 802 14 11.59
97 184 59 82.469
98 798 56 72.558
99 323 14 53.408
100 797 59 49.7
101 1221 14 56.0
102 537 50 33.392
103 925 8 81.02
104 1267 5 80.4
105 505 29 81.373
106 648 39 20.0
107 801 2 40.7
108 505 26 52.5
109 938 47 38.37
110 829 53 11.567
111 703 25 58.56
112 1232 22 97.2
113 1269 50 23.9
114 964 35 69.9
115 954 12 95.0
116 474 52 15.933
117 939 9 90.9