138
1 190 29 78.195
2 891 19 92.602
3 214 56 76.232
4 406 23 26.85
5 1261 56 69.696
6 379 5 75.731
7 390 51 40.841
8 418 2 57.089
9 935 43 13.784
10 1422 38 32.131
11 1323 58 35.056
12 521 12 22.557
13 87 59 16.293
14 1312 55 92.649
15 178 50 11.421
16 1376 58 40.906
17 815 9 88.11
18 1107 34 75.712
19 639 53 1.793
20 1015 9 19.51
21 213 41 84.353
22 819 40 40.905
23 1172 20 95.73
24 1373 1 94.496
25 825 3 40.124
26 125 54 14.602
27 806 4 36.693
28 931 57 67.4
29 372 14 33.347
30 1361 44 92.592
31 1432 20 19.567
32 597 19 32.111
33 240 9 96.305
34 552 40 41.549
35 321 34 96.901
36 71 45 47.019
37 604 48 79.253
38 584 27 53.701
39 564 13 65.831
40 785 44 35.09
41 743 2 41.804
42 951 28 57.202
43 956 5 12.831
44 805 15 88.052
45 222 35 10.833
46 406 28 48.495
47 842 27 39.232
48 616 34 9.973
49 918 3 97.187
50 1338 24 92.316
51 548 14 76.863
52 1233 51 60.19
53 1112 34 7.8
54 619 13 30.045
55 1354 51 30.253
56 37 54 45.917
57 1420 58 24.606
58 1088 56 47.723
59 1286 58 49.46
60 165 47 70.773
61 142 35 47.195
62 791 3 81.36
63 344 4 45.941
64 302 53 67.107
65 1192 52 12.217
66 66 21 79
67 643 34 12.774
68 170 54 27.148
69 924 35 9.311
70 55 55 96.591
71 1160 9 0.098
72 1288 35 0.878
73 7 46 10.689
74 681 59 77.803
75 113 30 26.825
76 1080 47 46.975
77 612 42 19.484
78 569 35 56.735
79 265 12 80.461
80 885 17 7.24
81 1379 15 20.611
82 256 11 26.822
83 1045 6 68.32
84 1154 25 24.652
85 1408 31 87.085
86 648 46 39.315
87 953 44 35.441
88 175 33 40.511
89 170 46 54.649
90 939 40 30.291
91 447 51 57.211
92 453 20 87.086
93 317 20 28.032
94 1341 51 26.476
95 289 2 48.004
96 1206 9 38.776
97 57 33 23.254
98 1350 50 47.028
99 1380 41 1.041
100 1321 5 97.001
101 342 26 82.17
102 213 48 0.948
103 808 39 89.267
104 351 47 61.847
105 1246 31 17.777
106 780 3 77.946
107 1147 36 12.184
108 1225 37 86.989
109 243 50 61.818
110 1149 33 44.342
111 991 60 69.394
112 774 18 23.451
113 26 5 89.801
114 1025 6 84.991
115 1436 35 78.041
116 934 43 32.51
117 1028 50 92.84
118 263 16 77.224
119 920 24 28.362
120 205 40 88.346
121 293 14 50.52
122 1388 17 43.462
123 1422 32 89.274
124 983 30 97.04
125 1419 24 34.547
126 484 38 5.412
127 900 22 34.183
128 1286 2 30.051
129 155 9 38.999
130 11 50 54.657
131 17 40 56.158
132 29 60 7.57
133 1001 11 89.77
134 1215 37 61.97
135 1372 40 81.154
136 1435 33 69.918
137 561 5 33.143
138 669 40 70.82