150
1 730 25 93.29
2 835 12 26.084
3 1378 34 50.857
4 1425 49 56.653
5 257 40 2.01
6 440 35 81.161
7 774 25 49.695
8 785 26 24.25
9 1305 16 39.448
10 440 7 19.878
11 1041 11 38.442
12 834 46 82.665
13 418 22 45.113
14 547 57 51.662
15 1095 42 43.18
16 1242 52 34.298
17 71 55 41.642
18 586 11 90.242
19 777 19 12.877
20 474 49 60.587
21 199 60 19.863
22 1427 45 89.358
23 747 56 82.356
24 225 2 65.023
25 416 32 98.833
26 1243 51 43.28
27 155 13 49.607
28 319 46 83.671
29 783 15 76.507
30 291 42 33.446
31 406 24 30.372
32 958 39 51.554
33 1188 18 37.492
34 1215 34 71.161
35 202 22 83.386
36 767 53 27.262
37 707 12 96.808
38 771 44 66.965
39 255 50 5.813
40 986 17 63.684
41 889 53 19.39
42 1167 17 91.334
43 1345 21 75.654
44 1438 46 87.723
45 393 53 68.713
46 812 6 39.002
47 298 12 39.709
48 717 8 14.582
49 1221 15 78.295
50 229 34 35.621
51 1432 25 59.234
52 1283 58 5.857
53 709 53 7.905
54 40 15 36.969
55 109 42 68.53
56 1297 19 37.99
57 1077 60 96.581
58 256 59 80.039
59 1367 52 68.33
60 1304 36 5.065
61 168 23 74.12
62 308 6 91.924
63 557 7 13.896
64 734 37 84.636
65 531 4 87.149
66 1125 2 66.917
67 870 9 71.15
68 706 29 87.468
69 1058 10 70.836
70 1391 31 62.954
71 653 49 95.959
72 907 14 46.04
73 1092 36 94.169
74 419 40 30.605
75 400 27 34.822
76 506 42 4.843
77 676 12 54.283
78 906 25 44.313
79 757 12 21.259
80 1416 53 77.659
81 819 44 9.167
82 102 29 48.609
83 922 46 49.276
84 1152 7 80.733
85 1233 12 10.813
86 1204 9 91.365
87 44 38 92.021
88 163 2 75.925
89 1282 17 19.79
90 802 22 19.276
91 6 55 13.366
92 1215 47 64.06
93 1116 14 91.777
94 927 57 51.581
95 417 19 59.567
96 10 22 93.06
97 949 46 95.825
98 604 6 27.8
99 1010 49 63.256
100 1423 12 91.673
101 1336 58 1.921
102 902 58 95.932
103 1427 14 26.276
104 66 19 75.751
105 458 42 42.736
106 309 55 60.756
107 1368 13 11.526
108 790 24 40.234
109 118 28 96.491
110 99 13 8.293
111 623 17 49.532
112 489 23 86.736
113 689 25 97.258
114 851 21 75.095
115 1126 44 21.887
116 1126 39 89.721
117 847 35 6.151
118 329 28 58.264
119 1120 15 20.508
120 944 48 89.965
121 983 57 69.733
122 570 13 29.571
123 389 36 17.66
124 777 23 80.029
125 1292 53 48.921
126 465 36 22.628
127 1293 1 56.836
128 1031 60 73.86
129 178 49 6.873
130 1182 28 6.124
131 572 11 91.992
132 1432 23 34.347
133 241 57 95.27
134 235 37 43.606
135 1006 8 6.471
136 481 31 93.515
137 571 30 52.631
138 558 40 34.392
139 122 51 28.939
140 1080 39 89.403
141 1101 30 45.401
142 543 22 84.26
143 1364 1 41.932
144 1277 7 20.25
145 205 57 87.591
146 535 50 73.577
147 267 22 3.708
148 256 43 86.311
149 127 22 30.531
150 250 36 85.384