149
1 1440 37 33
2 1440 18 97
3 1440 59 74
4 1440 30 68
5 1440 42 97
6 1440 38 90
7 1440 36 5
8 1440 30 79
9 1440 5 52
10 1440 57 38
11 1440 5 36
12 1440 57 34
13 1440 42 7
14 1440 40 18
15 1440 39 57
16 1440 15 37
17 1440 28 54
18 1440 43 72
19 1440 51 85
20 1440 41 80
21 1440 47 2
22 1440 19 24
23 1440 1 96
24 1440 11 61
25 1440 31 92
26 1440 13 33
27 1440 20 85
28 1440 59 7
29 1440 3 32
30 1440 50 56
31 1440 19 17
32 1440 28 85
33 1440 42 35
34 1440 21 58
35 1440 58 19
36 1440 21 39
37 1440 53 13
38 1440 43 87
39 1440 3 31
40 1440 5 19
41 1440 52 62
42 1440 12 5
43 1440 56 55
44 1440 32 19
45 1440 16 39
46 1440 31 3
47 1440 57 22
48 1440 15 15
49 1440 25 86
50 1440 24 89
51 1440 4 21
52 1440 28 51
53 1440 51 72
54 1440 41 40
55 1440 8 73
56 1440 8 25
57 1440 59 94
58 1440 16 33
59 1440 57 95
60 1440 50 22
61 1440 47 34
62 1440 5 86
63 1440 10 64
64 1440 21 63
65 1440 55 92
66 1440 39 5
67 1440 6 96
68 1440 45 61
69 1440 43 77
70 1440 26 92
71 1440 37 29
72 1440 42 13
73 1440 34 24
74 1440 31 35
75 1440 23 65
76 1440 55 94
77 1440 12 1
78 1440 13 3
79 1440 8 71
80 1440 44 39
81 1440 48 79
82 1440 13 95
83 1440 31 10
84 1440 20 23
85 1440 42 58
86 1440 38 91
87 1440 60 45
88 1440 2 28
89 1440 57 80
90 1440 4 41
91 1440 7 62
92 1440 8 46
93 1440 43 26
94 1440 28 43
95 1440 39 31
96 1440 59 96
97 1440 6 67
98 1440 15 19
99 1440 36 22
100 1440 54 27
101 1440 6 53
102 1440 53 22
103 1440 36 86
104 1440 14 46
105 1440 18 47
106 1440 1 2
107 1440 10 13
108 1440 54 14
109 1440 60 26
110 1440 13 92
111 1440 40 68
112 1440 48 28
113 1440 47 13
114 1440 46 98
115 1440 30 80
116 1440 27 64
117 1440 6 4
118 1440 19 87
119 1440 16 29
120 1440 27 64
121 1440 22 73
122 1440 28 80
123 1440 46 4
124 1440 42 72
125 1440 7 12
126 1440 21 59
127 1440 14 24
128 1440 54 12
129 1440 5 21
130 1440 20 1
131 1440 57 80
132 1440 1 73
133 1440 20 51
134 1440 41 27
135 1440 57 95
136 1440 40 82
137 1440 22 23
138 1440 29 82
139 1440 6 70
140 1440 12 50
141 1440 14 90
142 1440 55 95
143 1440 5 51
144 1440 41 19
145 1440 4 62
146 1440 22 96
147 1440 54 25
148 1440 32 79
149 1440 33 54