150   
1 1121 39 75.923
2 766 57 99.307
3 735 55 5.946
4 604 49 36.416
5 495 18 42.44
6 993 35 68.09
7 1438 20 40.817
8 1375 59 56.801
9 656 5 74.947
10 924 54 21.4
11 855 30 62.893
12 919 57 86.241
13 957 1 1.059
14 1058 3 25.872
15 663 33 75.589
16 48 58 98.046
17 247 41 93.298
18 1266 54 92.026
19 1144 18 8.997
20 329 55 14.969
21 1097 21 55.009
22 1095 14 88.585
23 768 14 80.096
24 1229 20 24.846
25 1042 33 56.719
26 1182 28 76.379
27 1390 51 38.665
28 339 39 70.161
29 381 9 60.048
30 1076 6 47.078
31 1227 52 30.55
32 1116 19 92.852
33 14 55 65.727
34 878 33 43.598
35 1191 24 53.884
36 1405 30 7.265
37 720 16 64.88
38 1135 48 19.293
39 1182 47 72.295
40 858 48 14.153
41 970 1 61.748
42 738 29 34.619
43 226 50 2.827
44 296 29 58.243
45 1289 43 60.168
46 1110 44 66.082
47 696 32 31.081
48 131 30 48.943
49 177 60 18.86
50 719 55 71.145
51 1254 12 3.925
52 235 60 67.774
53 200 18 52.321
54 122 14 99.203
55 141 55 17.346
56 1369 48 8.866
57 327 21 35.798
58 1225 12 10.715
59 604 6 63.617
60 1137 38 42.035
61 201 59 28.735
62 1378 6 33.442
63 1144 48 28.952
64 795 19 85.448
65 135 35 33.889
66 977 28 67.785
67 812 9 80.927
68 854 50 16.984
69 1086 28 40.107
70 1255 14 41.611
71 416 30 5.652
72 153 43 64.114
73 442 45 35.245
74 867 9 50.069
75 782 21 91.754
76 1283 8 10.611
77 400 14 43.176
78 330 30 92.096
79 277 5 12.731
80 1259 49 3.86
81 78 19 47.009
82 67 17 76.415
83 1375 34 84.072
84 451 56 79.755
85 137 4 13.809
86 995 34 4.897
87 693 50 22.232
88 1134 8 2.004
89 538 30 97.865
90 217 20 88.088
91 714 56 33.656
92 1066 34 22.193
93 248 13 35.324
94 591 50 80.992
95 991 15 8.872
96 1162 13 78.974
97 595 4 80.031
98 1228 50 76.274
99 539 16 42.531
100 375 58 9.985
101 488 31 75.757
102 510 7 42.526
103 946 33 40.261
104 1284 29 32.612
105 1229 41 28.646
106 1077 32 21.035
107 112 27 37.637
108 858 6 2.346
109 421 51 56.974
110 980 18 10.779
111 772 52 22.652
112 406 25 10.412
113 115 19 15.013
114 487 42 11.834
115 400 44 65.942
116 744 2 20.565
117 554 19 64.663
118 858 51 24.866
119 592 11 2.581
120 404 41 32.106
121 1415 16 56.716
122 936 39 72.265
123 669 4 86.747
124 887 46 96.035
125 487 16 1.761
126 959 26 64.142
127 95 23 73.899
128 899 47 29.531
129 495 58 46.503
130 1001 51 93.795
131 188 52 16.061
132 734 51 0.195
133 635 42 54.983
134 1426 37 55.491
135 1100 5 29.445
136 1133 23 44.964
137 1215 51 89.604
138 1269 7 52.176
139 575 51 67.579
140 487 40 59.042
141 1336 30 11.484
142 100 17 61.713
143 1201 25 69.5
144 1136 22 69.373
145 113 18 50.779
146 908 33 53.14
147 505 3 76.253
148 1008 7 65.523
149 89 11 2.202
150 1315 6 59.016