150
1 180 42 88.202
2 39 20 39.965
3 50 14 9.724
4 66 41 31.203
5 48 47 88.39
6 1380 31 70.722
7 126 15 43.471
8 258 30 18.782
9 206 51 69.856
10 14 60 29.998
11 455 25 19.847
12 842 42 71.329
13 680 33 49.799
14 234 27 30.711
15 106 12 24.058
16 174 2 38.991
17 60 11 16.625
18 416 1 18.146
19 377 28 45.502
20 1028 40 57.323
21 6 48 50.408
22 1440 54 56.989
23 921 59 74.283
24 498 40 22.022
25 515 34 56.903
26 920 25 51.331
27 858 25 17.639
28 1121 26 48.554
29 216 22 56.632
30 452 44 31.4
31 541 37 31.141
32 7 41 56.136
33 642 56 97.154
34 1440 37 49.683
35 376 4 68.999
36 317 58 67.437
37 243 31 78.389
38 849 60 98.247
39 117 13 25.594
40 27 41 83.967
41 201 25 45.011
42 941 15 36.715
43 311 17 15.918
44 5 9 49.089
45 182 43 25.942
46 343 26 57.132
47 117 35 36.974
48 387 41 39.861
49 688 9 40.302
50 103 55 51.941
51 1128 34 37.99
52 4 12 30.702
53 307 34 77.533
54 407 23 33.754
55 195 48 57.079
56 111 34 78.898
57 399 51 26.574
58 106 47 31.499
59 300 56 31.651
60 1014 59 41.824
61 6 13 76.276
62 237 13 28.875
63 91 34 59.657
64 286 58 83.37
65 717 12 49.755
66 91 54 35.784
67 337 23 39.216
68 526 10 30.657
69 157 57 91.727
70 15 3 18.734
71 97 10 44.033
72 333 8 14.831
73 282 18 53.075
74 27 37 71.785
75 192 1 56.482
76 29 46 82.805
77 372 27 57.905
78 54 49 32.996
79 245 18 14.476
80 42 53 64.369
81 263 1 58.092
82 175 41 47.143
83 260 10 47.639
84 331 54 95.502
85 44 1 30.77
86 2 50 93.08
87 12 9 56.359
88 105 17 70.797
89 6 12 70.97
90 471 11 58.932
91 364 25 28.263
92 121 43 25.669
93 536 53 35.456
94 326 7 72.204
95 457 9 21.51
96 498 25 26.35
97 352 1 0.058
98 320 43 57.383
99 647 30 52.364
100 372 18 38.069
101 594 8 44.482
102 123 15 30.883
103 187 15 44.147
104 1440 36 68.729
105 56 11 63.108
106 182 55 38.826
107 620 32 47.533
108 367 42 26.374
109 69 29 75.191
110 345 1 17.264
111 49 17 78.226
112 111 3 26.573
113 121 31 58.397
114 413 11 70.999
115 13 32 60.598
116 702 13 14.777
117 626 21 49.981
118 156 11 73.478
119 59 41 47.861
120 6 53 95.012
121 147 41 30.277
122 206 2 65.95
123 65 51 69.769
124 48 39 78.397
125 479 4 64.949
126 40 27 45.891
127 298 56 58.789
128 79 46 68.741
129 30 58 49.71
130 404 23 71.435
131 1111 12 12.964
132 257 48 31.097
133 35 52 27.099
134 229 19 19.979
135 1139 31 65.446
136 506 13 42.472
137 40 45 77.155
138 486 28 80.999
139 578 49 30.308
140 464 30 53.471
141 123 3 58.501
142 231 7 19.176
143 63 12 46.812
144 142 46 50.172
145 1023 5 15.263
146 274 36 29.088
147 888 53 57.806
148 358 24 47.666
149 37 51 37.752
150 689 27 46.62