150
1 285 60 94.287
2 1260 43 29.0
3 924 55 33.35
4 81 13 46.898
5 1093 52 26.78
6 859 15 23.0
7 463 38 29.076
8 1350 29 81.291
9 1362 7 68.0
10 175 36 32.0
11 768 8 16.634
12 1221 36 69.217
13 1386 52 82.138
14 778 55 83.91
15 979 25 1.55
16 754 60 85.0
17 877 8 53.451
18 591 4 80.985
19 880 14 45.325
20 1186 11 7.412
21 859 57 89.521
22 337 32 49.53
23 201 20 75.55
24 915 10 97.0
25 655 58 83.0
26 419 3 30.91
27 686 24 12.347
28 26 59 10.36
29 204 24 35.0
30 516 25 40.9
31 642 42 52.04
32 819 26 19.2
33 1354 12 61.786
34 992 54 53.0
35 834 40 64.0
36 1297 50 12.8
37 786 12 28.0
38 773 48 88.76
39 687 59 56.42
40 1082 48 99.29
41 889 57 62.0
42 143 58 23.32
43 605 15 31.4
44 140 34 81.2
45 591 43 11.5
46 189 51 43.4
47 820 17 49.15
48 984 59 94.6
49 1211 60 18.2
50 334 3 87.0
51 838 34 57.7
52 657 18 79.332
53 625 16 20.86
54 636 44 13.0
55 274 39 2.629
56 1218 31 24.0
57 991 43 95.2
58 750 16 66.4
59 42 27 6.26
60 27 43 68.0
61 784 41 87.0
62 589 11 68.38
63 984 38 10.573
64 988 28 76.0
65 1062 16 49.47
66 644 28 72.0
67 493 54 98.1
68 136 13 28.95
69 811 31 62.9
70 1062 8 55.89
71 536 50 73.1
72 991 17 53.51
73 548 53 45.52
74 102 49 87.0
75 564 22 48.0
76 1256 39 61.0
77 840 17 99.58
78 1336 41 84.0
79 96 20 61.3
80 929 18 1.615
81 56 3 1.7
82 875 22 15.16
83 4 42 72.885
84 1251 2 5.77
85 89 2 89.951
86 918 40 32.7
87 693 30 32.0
88 1244 57 79.0
89 1356 22 88.952
90 598 48 27.67
91 51 51 10.37
92 678 32 88.77
93 1047 9 25.5
94 1116 18 10.286
95 47 16 90.351
96 844 53 31.0
97 296 55 46.53
98 1247 32 55.57
99 1071 54 31.0
100 1124 22 43.0
101 1215 24 98.1
102 1161 14 9.74
103 348 26 28.6
104 1394 5 35.898
105 644 20 65.0
106 1296 14 48.0
107 797 31 15.75
108 282 23 79.8
109 1097 45 52.3
110 551 9 14.9
111 195 51 49.0
112 125 46 4.0
113 570 28 65.0
114 1118 8 35.639
115 634 56 12.7
116 1413 6 5.9
117 827 11 65.758
118 722 32 79.29
119 1333 36 82.588
120 598 45 73.11
121 345 56 70.802
122 89 41 42.0
123 496 8 30.7
124 658 19 35.678
125 311 7 49.635
126 420 24 75.0
127 698 3 5.074
128 494 21 70.9
129 763 36 70.53
130 1432 43 35.0
131 144 4 44.66
132 790 7 65.95
133 808 26 97.0
134 984 52 72.0
135 1041 30 64.462
136 1064 19 92.1
137 679 4 19.35
138 711 51 4.0
139 542 34 73.497
140 1048 55 78.872
141 876 56 75.1
142 398 14 71.83
143 928 40 74.04
144 799 35 28.882
145 1343 60 71.0
146 444 39 48.52
147 676 23 80.3
148 1342 23 92.788
149 264 38 24.374
150 1 1 99.999
