150
1 1316 41 44.134
2 1281 31 62.711
3 368 56 34.339
4 756 20 79.845
5 861 8 33.174
6 624 59 70.831
7 578 32 69.411
8 48 43 42.05
9 367 18 60.755
10 1393 11 3.042
11 368 35 60.053
12 100 49 90.044
13 857 28 37.001
14 1313 43 42.997
15 170 5 32.713
16 1239 48 71.673
17 855 41 45.913
18 73 43 74.697
19 126 47 41.222
20 223 56 63.259
21 1061 57 28.145
22 1349 5 77.253
23 837 49 83.348
24 1330 19 65.298
25 374 2 44.395
26 947 59 42.443
27 189 53 99.466
28 1029 16 22.299
29 685 6 29.216
30 951 13 81.99
31 806 9 58.604
32 261 25 92.27
33 295 9 15.943
34 1361 7 97.962
35 233 44 67.221
36 59 12 99.421
37 683 54 13.128
38 756 53 84.861
39 455 33 36.32
40 478 11 91.46
41 524 19 56.049
42 452 21 36.879
43 1361 2 26.296
44 1356 14 39.349
45 345 47 99.13
46 1424 27 45.272
47 1044 47 17.151
48 235 17 89.253
49 341 43 24.815
50 221 26 58.085
51 1249 58 15.08
52 359 36 60.283
53 937 34 24.49
54 381 52 9.403
55 1231 28 52.623
56 610 6 41.642
57 618 59 15.911
58 68 12 83.758
59 408 58 24.901
60 1052 25 82.419
61 874 10 31.548
62 726 19 67.778
63 1219 6 77.456
64 1276 29 13.768
65 834 12 78.841
66 952 57 90.548
67 998 60 84.54
68 1319 11 35.244
69 825 56 96.617
70 575 5 84.966
71 1164 16 48.994
72 342 10 94.125
73 889 18 4.775
74 1174 15 72.265
75 1324 23 75.471
76 434 9 59.849
77 41 35 72.565
78 877 19 41.4
79 376 51 1.785
80 447 24 96.725
81 1201 50 88.029
82 1421 28 93.452
83 1167 33 9.098
84 650 23 15.942
85 365 54 88.469
86 288 29 9.951
87 760 36 68.676
88 1003 47 3.3
89 730 27 92.183
90 1200 48 29.897
91 718 56 29.84
92 591 13 41.993
93 170 3 54.875
94 521 21 67.515
95 1337 26 94.763
96 428 42 66.969
97 784 29 6.884
98 1226 9 82.698
99 890 18 59.64
100 177 30 26.233
101 1055 45 42.014
102 622 27 31.89
103 825 50 77.07
104 643 33 73.65
105 1337 1 37.87
106 76 10 73.942
107 120 31 11.055
108 1123 21 46.655
109 87 50 18.254
110 1162 60 44.087
111 1233 22 78.22
112 1413 57 3.629
113 983 16 85.357
114 68 59 92.234
115 507 34 80.396
116 1205 42 86.584
117 1237 19 76.97
118 1100 35 9.803
119 318 7 34.338
120 1245 7 12.503
121 1141 8 74.774
122 301 58 49.588
123 454 60 32.588
124 104 12 76.674
125 529 37 40.387
126 4 16 71.396
127 1126 33 8.154
128 145 15 56.12
129 432 35 63.941
130 1333 41 83.54
131 177 14 94.845
132 4 57 77.327
133 779 21 73.742
134 887 43 38.189
135 276 5 28.371
136 87 4 44.053
137 426 9 6.615
138 1030 60 35.59
139 154 43 95.532
140 793 5 3.36
141 1336 19 73.727
142 1024 36 49.867
143 801 3 24.425
144 993 50 79.817
145 38 57 82.531
146 570 2 25.33
147 240 5 92.036
148 1302 57 57.215
149 1155 59 16.033
150 837 54 18.03
