111
1 1169 38 10.643
2 464 60 97.227
3 24 28 31.639
4 501 46 64.064
5 1117 54 55.681
6 576 57 14.317
7 874 36 10.172
8 1191 44 53.824
9 1399 21 77.185
10 796 38 17.428
11 878 33 91.183
12 1428 32 51.434
13 254 9 63.842
14 1201 53 69.095
15 1397 57 4.96
16 1309 39 10.683
17 1354 28 40.097
18 658 22 59.825
19 1234 1 78.702
20 81 26 74.694
21 659 51 75.357
22 788 7 62.966
23 1221 14 30.019
24 272 42 54.058
25 590 8 65.607
26 574 31 35.799
27 200 40 89.41
28 653 10 5.847
29 960 36 57.517
30 1017 20 83.465
31 1420 11 94.019
32 671 17 65.301
33 1259 16 44.201
34 84 59 1.31
35 76 24 72.813
36 1111 34 71.784
37 1215 59 71.719
38 848 25 4.208
39 545 36 42.859
40 1079 53 71.864
41 1235 26 43.804
42 178 55 57.53
43 1018 56 68.474
44 961 7 65.925
45 570 56 22.541
46 659 2 42.335
47 469 60 91.32
48 1030 47 93.438
49 1007 37 84.125
50 163 10 31.985
51 299 17 16.733
52 651 46 48.816
53 1439 27 50.356
54 124 8 53.028
55 261 52 70.27
56 1076 32 80.929
57 975 3 72.842
58 934 33 7.17
59 31 3 31.211
60 1095 14 31.509
61 359 23 70.356
62 82 18 75.584
63 634 49 82.852
64 48 8 90.795
65 339 14 76.238
66 195 39 94.789
67 239 6 8.026
68 1335 29 13.907
69 124 17 6.309
70 736 20 66.612
71 691 9 97.484
72 1206 36 70.66
73 1230 7 65.064
74 870 15 88.286
75 1070 32 69.801
76 1028 24 22.422
77 19 37 43.846
78 757 47 51.805
79 65 40 10.574
80 1335 4 63.393
81 1226 19 38.493
82 752 24 19.556
83 570 49 85.426
84 296 12 0.423
85 1161 26 34.813
86 1191 41 78.309
87 610 13 53.662
88 1024 34 34.358
89 28 44 40.809
90 148 32 51.619
91 1166 13 38.1
92 1206 6 48.68
93 390 37 23.298
94 1362 27 5.977
95 867 34 58.606
96 1024 29 21.167
97 622 16 15.434
98 746 6 52.359
99 520 31 45.453
100 344 31 98.671
101 480 31 32.762
102 319 19 96.946
103 543 59 18.291
104 1141 3 0.074
105 1425 24 9.737
106 726 6 19.823
107 510 26 68.713
108 649 9 21.972
109 762 17 16.451
110 276 27 63.331
111 106 18 53.14