150
1 2 4 13.999
2 9 6 2.817
3 1 5 43.72
4 9 9 89.2
5 7 6 20.167
6 3 8 77.119
7 6 3 82.588
8 5 1 63.851
9 10 8 33.227
10 6 2 8.162
11 10 6 49.227
12 6 5 52.447
13 1 7 70.328
14 1 9 24.088
15 8 6 91.154
16 1 9 81.176
17 3 5 76.518
18 3 4 15.032
19 2 3 40.42
20 10 2 7.614
21 1 8 16.595
22 3 8 62.36
23 5 1 45.333
24 10 7 63.575
25 8 8 95.894
26 6 5 37.225
27 3 6 25.227
28 7 6 68.497
29 2 5 53.354
30 9 6 94.716
31 4 4 39.418
32 10 7 72.853
33 9 9 5.647
34 1 1 9.292
35 10 9 66.014
36 9 6 28.103
37 8 3 64.89
38 10 9 76.717
39 7 8 42.461
40 7 9 62.27
41 5 4 15.453
42 10 7 11.497
43 6 7 20.57
44 7 9 40.343
45 6 6 40.398
46 8 3 86.959
47 8 4 61.171
48 2 2 52.583
49 2 8 37.219
50 2 1 15.21
51 8 7 5.604
52 10 5 41.804
53 3 3 72.785
54 3 7 88.595
55 9 2 54.067
56 8 4 31.967
57 9 5 79.303
58 2 2 18.955
59 3 1 35.835
60 4 2 78.2
61 10 3 30.202
62 3 4 3.155
63 6 2 30.062
64 10 1 28.441
65 5 3 42.255
66 3 5 8.421
67 4 5 30.111
68 5 7 92.586
69 1 1 89.18
70 10 8 63.29
71 3 9 43.396
72 8 4 75.409
73 9 3 62.858
74 4 3 93.277
75 6 3 93.22
76 2 5 3.28
77 9 4 69.273
78 9 5 47.141
79 5 5 39.445
80 9 5 83.549
81 1 2 2.89
82 9 1 42.972
83 10 1 92.306
84 6 5 37.793
85 8 7 50.378
86 10 4 79.848
87 1 6 94.652
88 3 2 54.689
89 9 4 52.315
90 2 8 98.22
91 7 9 53.652
92 10 3 83.295
93 6 1 81.141
94 7 6 39.003
95 5 9 70.633
96 1 9 37.082
97 5 4 67.413
98 10 4 55.393
99 4 1 12.581
100 4 7 40.896
101 8 8 3.286
102 4 4 12.483
103 3 5 63.962
104 5 3 26.484
105 3 5 76.941
106 1 7 92.166
107 2 2 5.097
108 8 5 81.369
109 8 8 74.101
110 10 9 29.169
111 1 1 39.001
112 7 8 48.122
113 10 9 27.461
114 1 7 48.016
115 4 9 32.412
116 1 5 88.189
117 10 1 31.988
118 2 7 57.505
119 3 6 62.643
120 4 4 73.996
121 6 1 11.219
122 10 8 66.104
123 9 7 18.58
124 4 5 50.144
125 1 9 44.826
126 2 2 25.536
127 2 2 34.379
128 3 8 57.176
129 2 7 21.109
130 6 8 80.406
131 3 5 86.029
132 3 5 39.661
133 6 8 52.68
134 3 1 90.501
135 6 1 89.771
136 8 6 64.957
137 6 7 86.485
138 8 8 92.434
139 3 8 7.287
140 9 4 14.911
141 6 8 70.971
142 9 7 30.556
143 7 7 28.591
144 7 9 19.422
145 1 5 84.831
146 3 5 57.341
147 8 3 97.353
148 4 9 28.672
149 8 4 69.149
150 3 4 54.7