150
1 1391 43 34.05
2 251 60 65.24
3 84 3 44.516
4 373 10 53.871
5 30 55 60.285
6 1389 35 48.003
7 666 55 9.409
8 142 36 93.885
9 637 44 25.359
10 1329 36 47.888
11 43 1 28.036
12 1426 1 4.971
13 1013 6 47.594
14 350 45 43.335
15 18 45 95.83
16 185 25 48.881
17 752 18 90.16
18 648 2 38.197
19 379 30 31.206
20 1191 39 87.25
21 387 19 74.846
22 451 30 45.321
23 1118 1 19.782
24 1101 35 46.35
25 556 13 44.411
26 391 42 39.332
27 347 34 36.452
28 162 44 11.937
29 1129 20 34.107
30 1415 24 86.044
31 172 18 62.035
32 1022 43 89.247
33 456 47 37.723
34 379 14 87.474
35 1175 54 62.054
36 1036 15 95.39
37 584 41 66.925
38 514 44 80.905
39 1004 37 29.39
40 895 53 82.627
41 2 16 32.432
42 1158 52 12.754
43 253 29 98.238
44 434 37 78.656
45 462 5 49.61
46 653 25 88.016
47 1094 44 30.458
48 180 37 22.162
49 467 39 40.036
50 82 22 77.341
51 1196 52 58.124
52 1030 7 25.696
53 1115 16 77.244
54 1300 41 77.794
55 329 6 57.367
56 1061 44 26.422
57 1308 59 39.41
58 429 46 90.256
59 1144 57 78.695
60 710 4 58.877
61 265 7 71.41
62 1439 44 88.1
63 941 1 44.103
64 1013 45 58.289
65 744 2 13.315
66 548 28 51.36
67 198 27 97.235
68 332 11 69.031
69 995 26 62.872
70 1245 18 33.146
71 1108 30 95.109
72 697 55 82.837
73 1283 1 81.111
74 1399 30 70.803
75 1025 35 74.353
76 1204 3 84.713
77 1044 13 29.623
78 611 28 55.311
79 762 29 92.687
80 424 13 79.857
81 51 40 47.956
82 1157 11 19.529
83 997 56 42.372
84 783 36 6.82
85 1101 44 36.191
86 576 11 24.839
87 343 56 42.413
88 557 47 49.345
89 841 54 81.306
90 621 14 50.327
91 1382 34 67.449
92 1304 50 46.897
93 227 7 40.519
94 366 11 19.908
95 1352 45 13.455
96 275 28 96.393
97 355 45 56.804
98 595 44 22.6
99 416 34 93.178
100 831 58 34.183
101 1405 16 1.995
102 1168 43 78.293
103 840 22 3.906
104 1027 33 7.213
105 253 40 71.416
106 177 6 33.91
107 1015 17 76.42
108 871 27 98.576
109 1435 58 37.17
110 289 17 43.085
111 113 58 12.475
112 467 59 2.958
113 446 47 18.576
114 723 30 26.795
115 1431 41 9.232
116 228 37 30.807
117 114 59 8.618
118 233 27 80.132
119 530 11 91.839
120 139 49 47.39
121 641 10 98.742
122 580 39 91.069
123 674 49 7.196
124 54 59 29.085
125 807 26 67.025
126 32 52 32.291
127 428 22 10.432
128 951 60 20.825
129 1350 28 80.704
130 456 3 96.633
131 169 24 91.993
132 602 10 70.064
133 915 37 55.196
134 504 57 46.998
135 1432 15 74.051
136 418 42 47.23
137 252 13 33.603
138 687 18 44.046
139 196 27 95.938
140 1080 35 7.67
141 1261 46 96.621
142 360 24 72.312
143 766 13 85.578
144 1305 29 68.283
145 908 57 4.557
146 906 5 93.527
147 1159 6 37.589
148 797 32 3.647
149 13 38 1.352
150 1216 33 37.564