150
1 1328 59 4.473
2 1393 60 22.155
3 1236 17 42.586
4 65 37 72.586
5 261 53 95.32
6 178 19 59.575
7 1376 18 8.833
8 689 15 2.898
9 938 46 4.917
10 795 11 13.951
11 483 36 81.587
12 508 6 51.927
13 1198 41 56.851
14 1270 46 62.393
15 1301 30 86.528
16 810 41 25.621
17 819 19 50.992
18 763 4 73.63
19 1056 32 3.783
20 366 1 15.276
21 1103 11 84.455
22 643 2 62.443
23 612 29 50.081
24 168 4 78.731
25 29 16 90.388
26 816 35 82.254
27 409 31 35.342
28 839 4 69.179
29 934 1 75.054
30 533 42 28.786
31 793 55 1.683
32 1186 41 47.326
33 982 10 82.755
34 165 8 4.897
35 483 13 57.475
36 1422 39 47.869
37 1171 47 15.633
38 677 27 69.63
39 750 31 43.74
40 536 39 76.064
41 1310 52 89.887
42 65 2 41.868
43 786 40 98.791
44 1080 31 60.096
45 417 16 91.51
46 1275 8 4.872
47 160 6 70.956
48 1106 38 94.086
49 886 38 75.961
50 1139 2 66.345
51 170 48 39.203
52 653 55 61.676
53 1231 60 52.241
54 916 58 71.147
55 1042 9 48.308
56 246 20 55.303
57 565 23 64.993
58 150 8 75.818
59 656 33 9.088
60 881 13 69.038
61 232 54 41.069
62 956 9 78.431
63 1250 9 94.551
64 88 12 54.017
65 201 44 35.166
66 1253 53 6.217
67 311 6 73.072
68 1132 42 27.825
69 1246 44 52.894
70 843 22 14.044
71 1179 15 32.834
72 1096 54 80.528
73 743 36 91.131
74 142 52 99.428
75 646 25 19.85
76 1112 37 21.521
77 569 51 91.345
78 687 32 16.301
79 468 25 2.935
80 9 21 12.907
81 889 54 26.915
82 645 39 53.933
83 789 25 67.145
84 490 3 5.417
85 39 6 84.57
86 1068 56 94.813
87 1374 8 45.272
88 1104 21 95.532
89 632 11 51.011
90 38 40 41.57
91 571 49 82.731
92 1291 1 39.14
93 516 52 95.698
94 1117 4 59.114
95 1279 10 79.789
96 924 13 92.867
97 302 37 77.353
98 763 31 4.475
99 329 18 89.136
100 935 16 81.716
101 1394 30 19.043
102 940 57 15.924
103 177 1 76.791
104 866 32 71.474
105 239 3 60.065
106 722 30 50.696
107 74 43 11.003
108 1433 28 59.32
109 1389 60 68.562
110 1089 7 55.927
111 7 50 18.03
112 934 42 50.555
113 1158 52 34.827
114 631 41 59.652
115 981 10 39.967
116 678 8 3.964
117 1206 54 64.828
118 701 49 15.762
119 1288 47 65.536
120 1015 16 76.8
121 1236 38 34.21
122 1023 49 23.34
123 428 34 96.75
124 399 59 88.501
125 1387 17 55.596
126 684 57 93.193
127 914 44 60.96
128 1090 1 72.089
129 1083 55 44.549
130 1136 1 94.903
131 126 56 25.089
132 472 59 81.589
133 1311 3 11.024
134 750 36 22.305
135 537 53 94.558
136 488 24 49.769
137 1045 49 50.326
138 1376 57 43.921
139 997 47 7.661
140 1154 58 4.413
141 814 18 3.262
142 1039 57 15.412
143 238 11 34.79
144 1016 59 94.009
145 904 9 60.749
146 593 29 69.575
147 1198 33 0.206
148 119 4 61.344
149 1266 56 84.888
150 147 49 98.01
