150
1 1271 37 81.618
2 796 40 33.763
3 1233 43 67.982
4 382 54 35.831
5 472 52 77.371
6 1346 56 26.39
7 1356 14 52.152
8 780 12 11.686
9 750 45 77.709
10 229 20 3.628
11 853 42 63.876
12 1133 40 88.686
13 1180 56 21.118
14 860 9 41.801
15 505 50 87.352
16 248 57 80.528
17 118 26 11.552
18 1180 51 18.674
19 1004 57 18.573
20 1136 11 31.311
21 235 18 34.827
22 1214 13 33.031
23 722 1 89.107
24 631 28 63.379
25 1317 15 96.43
26 621 52 23.679
27 1180 34 25.072
28 1082 20 99.367
29 154 60 43.345
30 421 54 66.839
31 842 25 48.847
32 1099 32 86.491
33 118 39 85.361
34 1234 31 14.917
35 367 41 76.805
36 130 27 36.525
37 1353 1 17.529
38 581 26 71.847
39 3 14 46.171
40 247 25 73.217
41 13 43 72.305
42 1285 40 77.466
43 715 46 42.371
44 48 50 9.48
45 54 45 13.962
46 1322 55 77.089
47 576 51 78.711
48 587 37 9.582
49 310 57 94.153
50 622 11 94.715
51 849 36 90.687
52 367 18 25.708
53 685 58 24.021
54 17 59 82.8
55 872 26 91.843
56 1123 8 72.748
57 1121 16 76.207
58 1100 38 83.105
59 850 28 47.156
60 1095 12 16.055
61 347 49 6.337
62 370 9 32.562
63 1395 39 23.517
64 643 51 46.846
65 1066 32 26.154
66 1194 52 49.237
67 766 33 35.664
68 282 49 4.604
69 783 42 87.393
70 281 12 26.525
71 562 17 44.616
72 704 59 28.739
73 1172 21 3.854
74 960 9 2.744
75 310 47 37.833
76 108 3 51.963
77 481 23 24.217
78 14 54 35.56
79 312 26 85.918
80 1088 12 2.698
81 93 42 12.351
82 1367 28 52.769
83 885 6 42.071
84 525 32 47.872
85 1315 58 7.645
86 461 29 14.958
87 213 45 75.122
88 1159 47 32.33
89 1015 19 50.87
90 375 22 5.941
91 1171 20 81.594
92 892 29 39.292
93 495 59 25.287
94 385 50 84.051
95 406 13 53.841
96 1072 46 22.839
97 1290 12 32.395
98 1358 27 96.023
99 897 55 72.112
100 119 3 98.181
101 1146 54 34.381
102 1052 10 13.683
103 1415 44 54.794
104 333 24 60.187
105 513 33 92.998
106 1296 27 73.609
107 36 28 21.903
108 880 8 19.102
109 1028 12 38.808
110 1277 51 79.674
111 1384 3 66.773
112 318 48 7.296
113 635 6 55.551
114 1326 57 9.166
115 132 6 79.346
116 1131 1 18.726
117 1412 39 99.584
118 1279 11 67.343
119 1285 31 43.461
120 594 14 23.697
121 1009 25 12.544
122 71 8 16.055
123 142 18 4.516
124 291 50 92.348
125 161 31 43.547
126 782 11 58.512
127 968 16 62.437
128 1040 33 88.71
129 694 47 29.379
130 1113 42 15.169
131 1220 54 60.929
132 621 48 31.272
133 418 56 33.193
134 482 1 51.546
135 56 31 34.653
136 334 13 78.464
137 647 15 8.51
138 1192 2 49.984
139 849 45 25.964
140 419 49 59.247
141 790 36 82.674
142 974 34 20.258
143 213 8 59.491
144 1268 38 77.655
145 977 16 62.229
146 1062 42 66.745
147 187 3 24.76
148 1255 22 83.781
149 201 39 11.274
150 532 42 62.202
