128
1 707 59 81.081
2 656 21 10.027
3 668 17 57.888
4 447 51 78.281
5 799 59 50.258
6 1184 32 12.748
7 718 37 25.201
8 374 53 86.527
9 645 12 98.562
10 1158 12 66.591
11 661 1 76.5
12 1112 1 72.34
13 1117 58 57.298
14 727 38 4.639
15 1088 49 2.451
16 811 24 7.517
17 703 33 96.674
18 169 22 69.79
19 378 34 31.791
20 1110 33 15.006
21 683 26 23.89
22 455 59 18.056
23 208 33 95.789
24 74 51 61.114
25 6 30 92.527
26 996 46 96.631
27 1135 45 50.159
28 1192 5 52.144
29 1187 34 17.421
30 263 39 24.069
31 738 22 10.394
32 215 47 22.351
33 1325 28 95.177
34 163 35 52.434
35 113 48 34.836
36 407 17 47.003
37 470 40 58.187
38 1139 8 24.915
39 547 45 28.364
40 720 4 25.988
41 262 34 12.389
42 1067 14 20.466
43 1040 21 89.407
44 31 39 25.566
45 1411 32 53.589
46 686 21 52.056
47 504 12 15.022
48 464 17 80.97
49 98 25 4.104
50 464 32 56.346
51 345 2 11.808
52 1152 43 8.816
53 947 20 3.501
54 145 15 17.771
55 781 24 65.516
56 895 14 38.589
57 82 43 20.689
58 1392 45 37.999
59 76 47 6.633
60 171 27 37.737
61 762 55 15.415
62 1178 1 46.697
63 1009 9 86.657
64 1275 60 16.004
65 1222 48 70.467
66 271 57 15.071
67 1179 36 8.654
68 41 40 84.446
69 293 14 64.35
70 310 57 42.256
71 676 5 29.565
72 833 56 51.482
73 326 48 92.819
74 556 58 90.763
75 863 42 9.144
76 1251 53 35.483
77 489 19 19.391
78 989 49 16.119
79 906 20 69.254
80 1165 34 12.465
81 1341 44 60.852
82 1340 60 93.632
83 137 7 60.774
84 1225 40 36.103
85 119 12 71.663
86 429 29 19.571
87 399 7 77.426
88 567 28 81.272
89 796 25 91.404
90 1194 43 96.637
91 278 42 13.014
92 139 47 65.682
93 96 7 97.655
94 1174 19 25.752
95 1303 13 42.373
96 458 51 22.973
97 164 48 19.148
98 494 51 61.848
99 1120 59 12.848
100 515 3 40.904
101 925 52 98.126
102 582 48 42.818
103 1273 9 55.274
104 798 22 75.536
105 681 31 98.789
106 295 32 13.011
107 1317 13 54.575
108 183 33 29.366
109 789 36 32.295
110 831 27 93.342
111 667 4 66.025
112 291 55 72.861
113 384 13 90.518
114 1355 15 98.137
115 34 5 14.923
116 753 30 65.155
117 197 37 21.226
118 636 50 60.838
119 1318 42 9.195
120 1437 29 82.012
121 530 33 51.936
122 222 43 37.013
123 219 9 46.774
124 681 9 14.185
125 375 12 1.868
126 929 25 8.278
127 225 6 14.787
128 1357 45 68.064
