126
1 349 9 67
2 616 40 78
3 436 47 56
4 632 19 5
5 1048 39 77
6 137 39 25
7 243 43 90
8 1208 20 28
9 530 29 28
10 279 60 32
11 593 40 61
12 1082 16 93
13 263 27 25
14 48 35 90
15 1100 36 21
16 47 14 80
17 574 21 85
18 934 54 27
19 929 9 65
20 1026 7 92
21 571 59 87
22 539 9 54
23 268 8 23
24 1227 28 54
25 1273 51 70
26 39 39 92
27 287 2 65
28 1043 9 53
29 672 44 75
30 831 29 25
31 916 5 89
32 65 28 41
33 222 8 39
34 1050 8 40
35 1400 11 64
36 171 55 63
37 980 49 76
38 1301 7 27
39 758 44 24
40 117 47 43
41 1013 16 26
42 503 13 23
43 1039 7 75
44 382 35 58
45 797 22 99
46 1370 5 55
47 897 34 57
48 625 26 64
49 314 35 85
50 1121 56 42
51 132 38 72
52 463 17 43
53 835 4 68
54 1367 17 70
55 1306 19 47
56 207 49 58
57 582 34 15
58 1350 55 28
59 163 42 46
60 952 16 16
61 1384 33 45
62 897 59 39
63 1387 25 53
64 907 1 50
65 972 1 56
66 445 38 35
67 510 36 16
68 1045 46 4
69 119 57 75
70 370 26 19
71 1400 57 84
72 490 22 24
73 342 40 12
74 1127 16 80
75 718 22 54
76 1025 39 75
77 1180 50 39
78 580 20 24
79 715 58 95
80 1438 22 51
81 701 59 4
82 1184 21 86
83 1058 28 68
84 1436 8 23
85 19 28 88
86 153 36 29
87 275 40 89
88 538 13 80
89 261 34 72
90 277 40 50
91 292 60 60
92 140 27 86
93 139 10 87
94 1248 27 94
95 518 25 36
96 868 59 78
97 651 24 76
98 999 3 12
99 758 26 11
100 1038 1 40
101 190 7 10
102 500 10 56
103 703 29 41
104 1388 22 43
105 246 22 43
106 987 31 78
107 526 45 70
108 189 60 94
109 200 53 19
110 10 34 89
111 861 35 93
112 530 33 74
113 879 39 36
114 669 32 44
115 1005 59 38
116 398 35 80
117 478 60 30
118 1219 22 98
119 97 59 86
120 1122 3 52
121 970 34 25
122 639 45 78
123 827 25 25
124 118 50 15
125 1148 12 62
126 814 5 20