140
1 121 48 37.425
2 1286 24 41.014
3 1131 21 85.576
4 779 12 88.356
5 165 19 94.369
6 1350 58 67.769
7 1063 1 52.975
8 1066 41 64.464
9 958 29 39.678
10 73 21 40.752
11 1438 53 65.873
12 589 25 77.335
13 1291 8 27.739
14 172 14 68.958
15 1317 1 88.145
16 546 15 16.878
17 238 50 74.117
18 1171 29 57.515
19 1176 41 35.464
20 1012 30 89.023
21 364 4 6.991
22 1131 52 28.109
23 1041 60 46.94
24 530 52 81.102
25 406 3 78.885
26 373 8 67.431
27 1033 10 97.831
28 1264 21 91.53
29 678 22 44.023
30 791 47 86.325
31 721 46 9.29
32 939 13 31.654
33 296 16 75.877
34 668 25 98.829
35 475 52 13.3
36 1328 59 88.07
37 33 60 0.348
38 482 19 61.139
39 1244 54 52.408
40 1153 34 22.703
41 306 20 57.37
42 1012 8 49.153
43 58 31 53.718
44 985 18 35.959
45 1432 6 34.944
46 540 55 37.085
47 427 1 96.145
48 547 35 14.528
49 1148 57 57.434
50 1276 14 34.039
51 1045 26 36.904
52 1249 23 67.268
53 1067 17 98.309
54 116 25 26.855
55 97 38 90.45
56 45 34 12.331
57 1409 24 63.662
58 411 42 28.097
59 1001 22 66.359
60 29 2 85.989
61 1026 9 76.692
62 1210 4 18.046
63 1228 24 73.078
64 1245 51 23.287
65 1333 48 46.975
66 1109 51 73.085
67 1305 27 38.496
68 229 19 38.549
69 1427 27 70.563
70 1259 21 72.896
71 1147 11 12.587
72 1301 27 44.305
73 854 1 0.969
74 718 49 94.337
75 172 24 25.959
76 584 38 11.614
77 654 38 46.274
78 338 22 99.281
79 1053 29 65.331
80 366 16 6.958
81 57 37 79.317
82 1003 41 5.834
83 102 22 63.078
84 494 23 53.965
85 1016 23 18.596
86 501 44 71.569
87 69 44 25.92
88 304 27 2.667
89 933 16 99.886
90 526 36 35.454
91 542 24 95.181
92 383 39 13.583
93 249 56 86.015
94 1380 50 47.604
95 1235 3 48.497
96 130 30 91.842
97 1007 19 5.129
98 138 16 20.476
99 1292 1 47.714
100 323 27 92.868
101 744 5 96.155
102 142 36 19.973
103 582 24 72.98
104 114 7 83.444
105 801 14 85.192
106 832 55 88.59
107 234 21 34.213
108 1011 41 35.837
109 750 55 20.698
110 493 3 78.025
111 269 35 84.867
112 591 52 74.678
113 205 35 56.047
114 1326 11 40.885
115 18 44 80.827
116 566 12 15.628
117 368 43 18.707
118 1114 39 74.31
119 800 22 39.898
120 309 47 99.97
121 138 20 5.473
122 616 17 23.884
123 711 39 3.771
124 342 55 73.605
125 729 13 33.796
126 701 53 44.863
127 1265 18 20.034
128 346 31 91.136
129 227 30 89.459
130 1335 3 0.241
131 1092 50 24.286
132 1249 11 14.039
133 395 4 57.431
134 1019 51 14.094
135 1157 34 57.458
136 419 17 82.93
137 562 24 56.856
138 208 18 31.86
139 417 3 11.328
140 1197 8 3.841
