150
1 286 38 29.326
2 273 9 53.451
3 1362 41 19.761
4 1173 10 4.562
5 912 48 14.183
6 1303 41 25.649
7 432 14 52.886
8 513 14 81.758
9 878 37 29.216
10 542 52 86.270
11 192 23 0.942
12 400 5 56.182
13 295 13 82.188
14 1349 41 2.828
15 1229 48 55.756
16 569 41 67.276
17 1304 13 68.387
18 902 13 49.320
19 1368 52 72.057
20 1307 41 98.521
21 405 32 8.569
22 301 11 39.313
23 1364 44 41.891
24 880 11 64.095
25 322 23 89.469
26 787 41 52.178
27 380 31 15.469
28 774 58 37.989
29 828 47 37.203
30 1410 5 55.032
31 670 11 88.711
32 708 22 15.837
33 262 37 92.791
34 1237 22 13.967
35 420 20 16.088
36 845 14 51.907
37 872 3 68.044
38 875 15 83.613
39 63 29 42.063
40 1104 17 8.828
41 761 40 28.288
42 463 19 68.096
43 994 42 22.865
44 20 59 19.142
45 872 44 89.569
46 699 47 31.746
47 1294 28 96.506
48 530 13 81.955
49 1107 22 25.019
50 376 27 59.031
51 643 40 13.429
52 739 49 75.634
53 1275 52 90.890
54 207 12 79.277
55 1217 47 40.824
56 1436 48 59.640
57 1167 5 24.017
58 183 15 20.612
59 176 6 6.845
60 1193 46 88.876
61 478 9 26.829
62 743 46 30.584
63 1027 47 10.732
64 960 19 87.803
65 989 45 33.092
66 151 46 44.287
67 537 39 34.485
68 732 34 90.835
69 495 27 53.324
70 796 54 32.835
71 707 45 65.100
72 428 43 75.546
73 1172 59 29.298
74 507 31 8.771
75 1404 55 8.901
76 567 53 72.178
77 714 48 90.167
78 252 17 14.660
79 482 35 66.585
80 1356 14 17.662
81 1079 30 61.101
82 692 39 3.421
83 111 19 44.863
84 899 23 29.638
85 1319 37 76.560
86 214 24 34.551
87 1354 16 86.706
88 1222 8 39.059
89 951 55 52.095
90 324 20 44.694
91 839 4 9.205
92 121 50 14.481
93 551 12 28.157
94 1429 50 73.048
95 1252 33 19.316
96 376 36 70.105
97 214 55 63.532
98 299 30 68.107
99 665 52 7.303
100 391 6 72.043
101 1230 17 96.904
102 294 47 36.805
103 845 53 28.785
104 530 11 87.933
105 1051 9 83.373
106 1006 28 26.409
107 643 13 96.248
108 217 46 84.425
109 768 4 71.574
110 1221 14 22.701
111 749 3 55.528
112 794 35 12.025
113 406 3 69.526
114 436 41 26.950
115 962 2 69.801
116 234 31 24.856
117 1080 53 18.619
118 631 39 23.653
119 1336 10 23.952
120 981 57 97.793
121 1052 13 8.003
122 470 13 36.108
123 1349 54 31.352
124 112 13 53.490
125 1431 31 4.687
126 607 37 72.877
127 1096 54 95.075
128 1348 38 86.733
129 1303 29 87.388
130 438 51 75.716
131 950 2 7.459
132 574 54 88.429
133 1393 3 11.786
134 157 49 99.877
135 960 52 31.074
136 921 50 63.657
137 1167 12 51.690
138 222 7 27.218
139 1232 31 64.517
140 714 16 58.536
141 33 37 73.654
142 644 59 50.996
143 1347 58 69.429
144 226 15 27.423
145 1167 48 85.131
146 639 46 58.302
147 985 6 15.979
148 1142 9 65.113
149 1147 8 76.672
150 1076 9 93.068
