150
1 1166 55 80.227
2 130 17 11.793
3 921 31 65.16
4 430 7 48.786
5 799 28 60.744
6 5 45 44.539
7 469 38 94.527
8 651 2 2.233
9 1331 35 0.921
10 781 44 21.661
11 865 47 2.905
12 455 49 43.789
13 1016 36 23.309
14 473 44 21.879
15 942 19 92.651
16 853 54 91.627
17 1316 7 18.591
18 608 8 74.315
19 1026 60 96.721
20 1040 54 91.019
21 389 20 28.417
22 1023 55 94.091
23 806 38 85.329
24 984 16 74.373
25 828 27 66.475
26 752 36 88.273
27 1382 48 37.471
28 899 43 50.843
29 336 34 83.995
30 759 32 73.277
31 962 3 30.854
32 1260 38 57.818
33 1326 11 16.86
34 465 1 77.053
35 1106 59 86.029
36 476 26 51.378
37 1184 23 45.914
38 552 43 54.8
39 12 25 78.366
40 1050 52 12.926
41 1150 14 42.61
42 115 31 87.001
43 1168 36 19.985
44 1034 27 48.493
45 731 27 34.608
46 1103 35 62.349
47 1255 22 45.815
48 58 52 22.961
49 363 36 58.447
50 188 52 55.103
51 523 3 84.175
52 1379 5 8.324
53 35 29 1.457
54 576 16 26.865
55 1280 12 34.443
56 143 11 15.963
57 1081 11 65.666
58 1328 46 29.45
59 1439 21 49.65
60 234 2 31.201
61 704 27 79.621
62 530 7 25.347
63 1045 14 96.556
64 885 53 97.555
65 462 2 39.732
66 73 47 95.989
67 913 46 50.631
68 874 35 83.225
69 1292 52 69.505
70 924 15 52.39
71 63 26 67.491
72 658 43 63.095
73 121 48 29.861
74 435 57 4.745
75 145 55 7.646
76 611 48 15.822
77 1157 17 13.04
78 1149 57 85.053
79 1210 53 21.76
80 1168 30 17.153
81 1276 33 3.743
82 411 23 9.903
83 1175 44 89.657
84 1212 13 49.236
85 1364 25 29.608
86 1024 2 32.535
87 824 58 28.136
88 322 13 85.754
89 1154 51 13.515
90 880 14 26.654
91 198 54 37.924
92 1122 23 91.445
93 1408 35 48.45
94 1091 16 6.533
95 83 6 13.303
96 342 59 53.821
97 549 49 33.224
98 1037 54 25.53
99 694 22 11.392
100 482 56 94.4
101 1002 9 57.996
102 214 21 3.915
103 150 25 86.617
104 302 54 12.503
105 235 40 58.741
106 775 5 57.079
107 459 37 8.175
108 547 24 89.077
109 1156 35 92.507
110 938 58 27.719
111 94 53 29.574
112 1257 43 1.456
113 847 8 82.612
114 82 13 23.964
115 1202 27 16.203
116 924 11 68.089
117 326 48 84.502
118 892 59 96.469
119 1112 59 81.835
120 1127 17 71.161
121 645 7 20.762
122 651 3 2.727
123 606 47 59.657
124 922 26 31.329
125 129 5 91.339
126 1232 30 11.137
127 441 51 61.781
128 1112 56 68.819
129 1356 23 25.909
130 1110 14 30.733
131 505 24 8.138
132 576 6 98.338
133 918 6 65.201
134 1318 22 94.074
135 800 20 4.106
136 383 21 79.273
137 1186 58 92.135
138 504 22 10.096
139 1253 38 80.757
140 189 16 22.016
141 500 26 7.234
142 1129 56 7.093
143 154 2 63.539
144 596 49 79.219
145 1011 31 86.265
146 316 7 50.143
147 672 5 50.927
148 1363 12 17.957
149 307 10 82.155
150 655 20 10.689
