150
1 1413 20 47.012
2 790 37 18.115
3 1037 53 24.849
4 146 48 72.759
5 128 16 60.992
6 473 48 32.176
7 68 56 86.942
8 1037 7 85.345
9 1115 33 6.420
10 1085 42 95.761
11 1255 40 10.435
12 997 39 29.763
13 1153 40 93.328
14 404 47 41.545
15 1064 56 64.453
16 1289 18 16.048
17 805 56 59.448
18 276 1 98.744
19 379 17 15.214
20 289 45 74.884
21 1013 52 93.335
22 585 11 69.356
23 415 49 65.059
24 485 7 73.521
25 127 15 64.297
26 239 51 71.716
27 1201 15 4.931
28 1271 36 91.432
29 131 45 35.972
30 758 5 17.874
31 170 19 94.454
32 625 6 59.145
33 979 28 87.854
34 183 23 95.139
35 290 37 63.261
36 417 19 92.668
37 1059 23 4.400
38 62 49 72.962
39 295 6 2.793
40 123 59 71.198
41 1097 22 80.216
42 862 5 65.302
43 1103 47 64.132
44 160 47 53.453
45 1043 33 20.428
46 1395 49 23.023
47 1222 8 68.814
48 963 1 83.600
49 1034 2 76.910
50 1207 54 42.399
51 580 10 6.589
52 417 12 95.156
53 522 34 82.436
54 4 33 89.083
55 959 46 55.488
56 1274 39 86.604
57 1150 15 21.983
58 10 46 94.767
59 994 56 76.633
60 374 54 87.998
61 1230 4 85.068
62 326 31 32.399
63 1038 27 58.148
64 1153 60 69.163
65 82 13 85.382
66 776 54 32.431
67 800 47 57.318
68 1156 43 27.721
69 562 7 94.328
70 1309 25 51.594
71 1116 4 65.923
72 316 11 16.770
73 943 45 15.961
74 1409 54 49.194
75 115 54 65.884
76 450 54 94.978
77 526 46 62.842
78 1049 54 87.019
79 765 55 16.996
80 1288 38 85.530
81 98 37 83.720
82 415 30 0.116
83 956 13 11.345
84 997 41 41.847
85 132 8 86.034
86 1299 19 54.527
87 375 54 99.884
88 1181 19 31.556
89 1325 37 69.559
90 651 56 11.584
91 1037 8 59.918
92 1140 29 59.320
93 1070 48 39.674
94 1437 39 73.131
95 409 55 58.936
96 918 47 3.902
97 846 46 42.212
98 422 49 3.219
99 1327 8 30.732
100 163 46 99.276
101 460 9 95.449
102 819 3 81.705
103 144 11 46.646
104 42 58 0.868
105 1243 27 36.656
106 497 38 98.852
107 952 51 18.795
108 1356 45 67.617
109 656 7 66.008
110 755 19 47.740
111 580 35 36.877
112 275 49 23.075
113 890 52 44.516
114 573 1 5.842
115 318 35 35.692
116 396 42 37.358
117 783 2 65.863
118 1261 37 8.126
119 107 35 74.479
120 339 32 21.662
121 1307 31 26.362
122 155 22 25.487
123 720 45 54.348
124 459 31 58.486
125 1076 7 42.368
126 93 33 49.869
127 544 53 26.522
128 780 8 61.434
129 807 58 69.263
130 1168 27 76.260
131 191 50 47.479
132 560 45 75.153
133 52 57 60.370
134 771 25 14.941
135 1363 2 81.242
136 1138 6 89.475
137 760 9 78.421
138 278 29 75.730
139 493 39 88.332
140 93 19 25.062
141 645 46 1.490
142 940 52 85.510
143 38 45 6.104
144 464 21 84.747
145 1043 8 88.797
146 1105 47 69.018
147 1432 54 26.583
148 818 54 31.882
149 648 13 66.511
150 946 11 98.094