150
1 1344 34 38
2 1388 56 89
3 54 58 83
4 865 13 47
5 200 26 66
6 770 36 87
7 870 56 91
8 320 7 22
9 921 55 43
10 291 47 50
11 178 35 88
12 1025 52 35
13 712 43 43
14 643 42 14
15 802 58 27
16 506 58 46
17 367 36 74
18 882 7 62
19 478 42 81
20 335 37 12
21 1317 8 18
22 1331 52 12
23 702 28 48
24 1344 18 66
25 219 25 76
26 436 49 31
27 904 1 10
28 1240 48 55
29 769 1 52
30 1004 11 12
31 746 37 41
32 1180 19 67
33 828 3 6
34 1242 10 15
35 529 47 3
36 1175 57 68
37 864 39 58
38 869 12 20
39 336 16 28
40 100 6 27
41 9 20 65
42 614 50 99
43 1233 6 19
44 895 34 70
45 1353 25 47
46 1410 56 25
47 1210 43 79
48 820 31 73
49 767 51 31
50 301 4 60
51 691 51 44
52 263 13 93
53 881 36 22
54 256 36 72
55 690 5 48
56 84 40 4
57 13 16 66
58 131 60 88
59 317 21 96
60 1120 18 42
61 1080 59 58
62 1092 56 53
63 206 40 61
64 1116 17 33
65 223 9 8
66 252 51 32
67 398 56 2
68 1178 30 68
69 387 60 56
70 1169 36 64
71 913 1 83
72 1388 17 41
73 667 16 49
74 1418 27 40
75 414 11 36
76 532 5 73
77 825 21 45
78 276 54 18
79 1002 29 82
80 561 55 12
81 244 52 77
82 641 45 18
83 656 15 92
84 697 50 93
85 1299 21 64
86 77 19 73
87 1361 34 21
88 846 45 65
89 50 57 73
90 1433 26 17
91 1337 37 5
92 365 49 35
93 508 45 44
94 1047 11 2
95 888 24 58
96 1232 16 11
97 413 32 1
98 450 49 16
99 1101 47 88
100 93 8 31
101 1324 41 93
102 114 4 16
103 3 25 94
104 1316 48 50
105 34 9 54
106 1321 58 29
107 747 44 69
108 797 8 7
109 1396 39 99
110 1396 32 89
111 1419 20 55
112 1040 34 68
113 60 19 38
114 358 4 17
115 627 40 9
116 6 40 53
117 128 43 31
118 952 19 70
119 95 60 18
120 484 35 91
121 330 38 83
122 300 14 26
123 363 42 1
124 942 5 79
125 324 30 6
126 589 18 87
127 757 4 24
128 795 54 37
129 919 22 49
130 381 28 22
131 1003 38 65
132 319 17 10
133 148 8 72
134 478 25 88
135 370 54 86
136 109 60 63
137 188 37 92
138 1209 43 59
139 350 45 37
140 115 11 75
141 484 56 1
142 154 58 25
143 176 41 58
144 1362 34 23
145 569 46 45
146 1174 26 82
147 286 24 44
148 751 14 85
149 15 59 11
150 1171 6 36