140
1 1077 42 18.154
2 28 39 95.037
3 342 39 71.057
4 1307 15 35.644
5 1394 38 13.543
6 17 30 2.683
7 738 12 99.516
8 820 59 81.916
9 51 41 37.989
10 757 33 57.374
11 714 33 16.691
12 413 32 30.612
13 413 3 34.944
14 832 10 69.912
15 131 36 25.107
16 1189 29 15.250
17 740 56 82.335
18 76 20 55.352
19 1377 22 40.186
20 599 57 94.503
21 415 5 41.105
22 237 2 90.302
23 260 9 90.437
24 607 30 32.200
25 478 16 38.259
26 338 58 90.831
27 996 22 51.155
28 924 9 60.359
29 1398 14 70.592
30 395 16 37.462
31 235 12 62.158
32 423 54 93.249
33 926 57 90.348
34 1278 2 72.841
35 41 33 32.616
36 1139 54 54.250
37 916 54 50.392
38 1300 57 4.697
39 1401 42 69.114
40 527 12 55.731
41 205 54 7.792
42 687 7 82.017
43 51 43 26.256
44 287 42 65.016
45 734 52 8.852
46 365 14 21.939
47 1392 32 80.665
48 1125 44 42.655
49 1209 13 3.325
50 1053 55 89.954
51 51 41 59.995
52 1133 30 38.318
53 776 16 42.072
54 1399 16 6.641
55 994 40 36.904
56 334 9 28.408
57 1092 48 89.493
58 1215 34 2.193
59 710 24 38.907
60 712 12 72.781
61 808 1 84.964
62 1316 38 40.525
63 1227 38 31.462
64 68 42 94.212
65 1036 54 46.239
66 383 8 9.636
67 1435 3 68.933
68 589 23 67.848
69 982 56 52.829
70 1005 56 78.790
71 1270 55 69.169
72 1322 18 77.647
73 1032 47 35.649
74 678 51 16.607
75 1186 5 56.760
76 597 36 65.171
77 764 49 46.273
78 1056 9 63.437
79 529 39 95.317
80 1008 26 20.356
81 1022 21 74.569
82 99 12 54.831
83 47 33 37.482
84 1051 36 92.292
85 654 57 17.079
86 165 11 28.580
87 1042 2 86.334
88 458 45 76.695
89 290 2 26.579
90 306 40 44.920
91 322 10 21.313
92 615 31 20.992
93 667 6 32.445
94 356 38 85.339
95 139 46 38.434
96 920 5 13.808
97 262 56 61.517
98 384 37 74.625
99 212 4 30.238
100 56 26 97.786
101 1081 9 90.870
102 1125 36 29.486
103 944 49 3.900
104 404 25 99.988
105 1134 41 9.362
106 811 60 53.867
107 1208 46 10.922
108 889 4 51.695
109 1304 54 53.170
110 1203 14 93.403
111 1196 8 79.028
112 705 43 72.551
113 1321 26 11.532
114 917 28 46.413
115 972 15 42.413
116 788 32 59.897
117 21 32 57.150
118 244 26 33.883
119 49 31 23.655
120 1354 1 59.249
121 281 44 89.186
122 59 16 5.788
123 167 57 43.189
124 884 38 93.131
125 343 40 67.946
126 390 31 37.060
127 544 38 68.938
128 581 9 83.400
129 756 39 89.311
130 779 6 91.584
131 1358 33 65.526
132 1040 48 96.952
133 555 47 15.197
134 1227 32 78.931
135 274 48 28.711
136 343 1 58.665
137 400 24 96.462
138 650 17 93.121
139 580 23 51.976
140 475 46 54.459
