149
1 981 31 9
2 1357 36 16
3 312 42 54
4 901 51 16
5 1418 23 74
6 298 22 8
7 1431 54 20
8 510 1 66
9 1420 50 32
10 633 18 49
11 376 43 17
12 786 59 22
13 81 36 40
14 154 55 79
15 1007 50 91
16 1196 31 42
17 788 31 51
18 643 44 65
19 482 18 30
20 992 18 52
21 848 54 75
22 1206 19 8
23 632 37 86
24 39 56 23
25 113 28 80
26 198 14 84
27 954 5 91
28 844 58 3
29 1267 27 30
30 143 58 99
31 1327 53 27
32 226 1 73
33 13 53 83
34 790 7 73
35 101 45 14
36 259 12 6
37 563 24 15
38 432 34 96
39 290 56 11
40 173 6 76
41 1337 50 31
42 1137 41 29
43 1172 15 85
44 1310 16 24
45 263 4 96
46 1270 30 16
47 1266 27 73
48 492 43 92
49 874 46 16
50 640 14 31
51 89 13 51
52 1047 15 5
53 1106 42 5
54 321 23 95
55 878 30 12
56 114 10 52
57 854 41 82
58 214 14 9
59 149 22 67
60 1323 7 37
61 958 21 97
62 149 60 83
63 366 24 9
64 1232 12 81
65 155 55 30
66 196 53 10
67 870 31 6
68 1322 53 95
69 728 14 45
70 1132 60 7
71 39 26 92
72 486 29 9
73 107 11 67
74 1209 47 91
75 68 5 68
76 858 22 7
77 185 48 95
78 963 55 76
79 315 48 97
80 722 45 50
81 1350 56 76
82 975 32 64
83 1003 49 86
84 624 12 63
85 847 30 46
86 726 1 85
87 1400 31 71
88 897 55 11
89 375 19 82
90 547 41 92
91 524 57 42
92 92 21 61
93 1129 59 78
94 81 20 98
95 675 56 12
96 201 46 3
97 243 28 94
98 306 29 95
99 86 28 29
100 965 46 51
101 1063 11 32
102 553 37 49
103 413 21 21
104 567 11 40
105 409 47 19
106 43 45 81
107 1420 6 58
108 592 59 33
109 890 9 27
110 30 3 81
111 895 56 2
112 847 54 36
113 761 34 40
114 1363 4 94
115 816 24 85
116 1409 53 10
117 1311 58 57
118 621 9 68
119 453 38 62
120 1203 45 56
121 638 44 44
122 222 17 14
123 961 51 10
124 465 4 86
125 282 30 57
126 1144 29 86
127 1061 7 25
128 652 45 54
129 957 59 62
130 683 56 39
131 1401 19 61
132 1330 40 50
133 1214 33 27
134 1365 50 41
135 1226 47 99
136 774 18 26
137 584 10 13
138 748 42 67
139 679 35 27
140 796 52 67
141 33 10 27
142 101 5 17
143 1133 28 26
144 746 22 56
145 1402 1 40
146 551 56 78
147 72 13 16
148 1394 13 12
149 568 15 49
