150
1 696 22 77
2 802 32 35
3 224 36 90
4 1038 54 69
5 21 39 16
6 659 59 48
7 424 1 34
8 1361 53 56
9 1176 49 99
10 257 1 95
11 34 33 10
12 1061 46 17
13 612 17 85
14 1193 23 16
15 84 40 37
16 1066 34 37
17 1334 9 85
18 942 23 68
19 40 22 7
20 1367 29 87
21 298 24 20
22 725 52 51
23 941 39 84
24 207 29 92
25 1069 26 47
26 926 35 71
27 1330 55 1
28 1073 57 61
29 1127 59 42
30 624 1 66
31 190 24 13
32 265 35 52
33 790 35 86
34 921 46 61
35 710 6 48
36 1002 2 41
37 520 27 76
38 213 31 30
39 1148 20 97
40 285 27 1
41 1077 42 85
42 1384 45 35
43 713 38 83
44 1223 34 36
45 1318 28 78
46 206 53 78
47 647 2 95
48 644 13 67
49 913 30 74
50 175 47 76
51 833 26 73
52 1177 58 19
53 1251 26 11
54 929 1 87
55 487 58 50
56 1133 27 19
57 152 58 41
58 1220 54 96
59 331 53 25
60 3 13 4
61 477 46 91
62 70 49 78
63 1194 5 19
64 497 21 29
65 694 5 3
66 762 3 54
67 335 17 50
68 328 25 71
69 370 5 52
70 1203 50 6
71 808 33 13
72 753 34 7
73 788 23 39
74 59 23 86
75 1256 27 45
76 934 26 59
77 844 34 12
78 1279 49 43
79 832 29 53
80 859 27 91
81 440 52 81
82 1188 4 29
83 631 5 22
84 1361 6 73
85 43 16 82
86 697 5 3
87 1366 42 97
88 1172 50 83
89 410 57 22
90 345 21 47
91 6 19 3
92 965 31 75
93 1406 27 42
94 68 17 68
95 307 44 2
96 1365 52 64
97 442 25 26
98 1206 27 51
99 197 5 2
100 1089 40 41
101 340 4 79
102 757 4 58
103 797 32 98
104 377 50 44
105 488 1 96
106 727 21 8
107 607 31 72
108 358 45 57
109 564 2 16
110 403 2 63
111 1206 4 82
112 945 12 83
113 522 39 37
114 878 47 75
115 1424 52 13
116 37 26 86
117 1278 27 75
118 124 41 51
119 623 54 32
120 875 34 41
121 1072 55 27
122 263 16 45
123 190 32 1
124 466 41 66
125 1416 37 11
126 1110 41 33
127 1032 41 86
128 325 35 41
129 730 11 51
130 696 12 73
131 1393 39 76
132 1097 27 46
133 695 21 71
134 41 59 33
135 756 40 34
136 281 41 46
137 24 47 24
138 981 38 31
139 1267 8 16
140 235 22 66
141 694 34 61
142 677 36 53
143 370 29 24
144 1278 20 43
145 398 53 34
146 1014 57 33
147 477 49 20
148 1120 51 11
149 446 17 3
150 718 27 21
