150
1 10 13 25
2 30 41 39
3 200 33 5
4 160 50 30
5 210 20 33
6 815 55 9
7 1212 2 80
8 100 10 17
9 1400 21 10
10 495 60 27
11 504 9 20
12 605 36 1
13 512 25 10
14 190 23 9
15 10 5 47
16 119 36 42
17 1300 19 36
18 713 2 33
19 160 24 22
20 652 30 56
21 1184 27 8
22 1270 23 65
23 98 3 65
24 275 7 17
25 130 58 50
26 1252 1 93
27 411 26 32
28 1128 2 46
29 124 13 37
30 1102 45 12
31 27 23 82
32 71 19 11
33 613 3 3
34 710 16 11
35 173 18 49
36 85 20 19
37 208 19 62
38 1154 33 10
39 1240 20 58
40 170 37 64
41 180 57 47
42 219 19 23
43 24 24 17
44 1157 2 56
45 368 52 1
46 50 7 73
47 750 22 50
48 170 55 4
49 51 48 60
50 1217 8 11
51 16 28 19
52 232 48 51
53 517 16 62
54 542 47 33
55 813 31 10
56 169 44 11
57 110 6 65
58 1263 45 44
59 421 15 30
60 17 2 55
61 416 23 97
62 1284 19 27
63 812 15 44
64 771 29 17
65 1154 39 25
66 969 56 62
67 310 30 58
68 1170 10 10
69 600 15 95
70 170 48 19
71 85 17 87
72 426 29 30
73 136 47 22
74 1135 4 5
75 10 8 7
76 85 8 9
77 1116 38 25
78 36 43 36
79 1263 40 11
80 35 49 34
81 749 19 45
82 1054 56 24
83 1282 27 10
84 870 37 24
85 270 46 31
86 925 57 57
87 117 15 35
88 124 21 55
89 420 33 46
90 210 35 33
91 30 43 15
92 761 31 14
93 522 52 30
94 541 40 4
95 90 17 12
96 1319 19 8
97 40 2 25
98 1263 16 7
99 275 36 28
100 480 19 52
101 640 20 58
102 1390 37 64
103 480 57 47
104 1209 27 23
105 914 24 17
106 1257 2 20
107 315 52 1
108 100 7 33
109 100 50 5
110 47 55 4
111 580 48 60
112 227 8 26
113 286 8 19
114 206 48 51
115 204 16 62
116 168 47 33
117 874 31 10
118 139 44 11
119 400 6 65
120 353 45 4
121 511 32 30
122 70 2 55
123 401 23 27
124 1194 19 7
125 862 20 44
126 791 29 17
127 1353 39 25
128 973 56 22
129 820 30 58
130 1349 57 1
131 659 15 22
132 770 48 19
133 1185 17 7
134 1326 47 30
135 1006 47 7
136 1035 4 3
137 530 47 7
138 813 4 9
139 596 38 9
140 836 43 6
141 1234 49 4
142 527 44 45
143 1244 56 34
144 112 27 40
145 184 37 24
146 225 46 31
147 73 58 57
148 1007 12 35
149 1234 21 55
150 42 33 23
