135 
1 1151 17 40.858
2 1081 50 95.021
3 847 25 87.148
4 173 24 45.742
5 146 1 98.885
6 1260 23 97.746
7 598 46 10.136
8 680 48 26.99
9 578 5 56.679
10 524 40 61
11 1360 31 58.934
12 1032 22 93.345
13 482 34 14.157
14 136 35 55.822
15 751 23 43.764
16 152 54 95.899
17 873 11 34.798
18 1227 32 83.465
19 809 32 90.294
20 29 27 1.003
21 1367 45 68.713
22 298 44 7.045
23 401 40 80.494
24 1426 13 32.642
25 926 52 12.317
26 1290 59 77.621
27 1207 11 63.613
28 983 6 90.974
29 1222 21 40.036
30 670 5 88.487
31 419 17 63.271
32 55 59 66.817
33 1381 15 28.337
34 478 26 44.493
35 1101 1 96.616
36 394 15 62.929
37 138 50 93.71
38 867 17 22.423
39 925 4 47.839
40 1214 58 36.295
41 151 7 27.728
42 617 51 85.122
43 818 52 70.925
44 902 32 3.193
45 1359 25 44.777
46 634 22 30.914
47 241 3 93.173
48 649 12 69.594
49 175 5 15.045
50 267 8 89.035
51 1059 54 25.641
52 1429 32 85.172
53 194 50 58.415
54 21 25 8.516
55 654 8 24.619
56 288 15 86.375
57 87 43 65.186
58 430 30 83.172
59 413 18 25.491
60 644 2 28.946
61 832 41 55.968
62 120 31 60.272
63 83 6 58.049
64 775 17 83.2
65 304 43 63.819
66 70 52 51.992
67 993 47 22.183
68 449 12 50.638
69 563 51 57.615
70 193 37 43.433
71 432 45 12.315
72 359 11 30.558
73 121 32 4.538
74 1050 19 36.066
75 495 48 41.251
76 247 56 82.548
77 43 6 0.718
78 206 12 70.656
79 894 31 71.036
80 1178 25 2.348
81 720 29 39.849
82 589 21 33.003
83 1343 50 95.367
84 632 11 84.541
85 376 31 78.998
86 639 60 82.902
87 335 2 24.214
88 332 12 99.673
89 377 15 67.293
90 339 39 21.309
91 1003 58 61.501
92 910 52 29.405
93 285 50 29.309
94 758 19 26.535
95 352 26 9.831
96 692 24 1.104
97 541 52 19.219
98 313 19 59.319
99 429 38 61.357
100 848 48 87.788
101 889 52 37.429
102 1079 19 38.192
103 502 16 38.708
104 283 39 75.479
105 1246 45 29.02
106 422 31 2.393
107 731 4 85.415
108 411 16 73.724
109 261 27 17.123
110 374 58 8.065
111 738 15 46.36
112 1431 57 88.944
113 409 7 37.35
114 802 44 83.426
115 211 20 16.871
116 1039 23 20.591
117 1117 5 65.231
118 184 1 62.696
119 834 30 52.418
120 176 53 31.739
121 473 47 75.932
122 165 1 38.733
123 237 12 87.562
124 19 4 31.041
125 855 14 75.308
126 854 38 26.958
127 724 54 47.301
128 749 53 56.567
129 891 28 73.201
130 1146 24 87.356
131 1389 44 51.145
132 583 2 80.877
133 344 22 26.68
134 50 12 64.695
135 79 22 13.545