150
1 531 21 90.5
2 448 58 77.5
3 938 20 2.8
4 1188 37 73.0
5 989 54 7.5
6 985 11 32.5
7 1174 21 14.4
8 306 4 94.3
9 892 3 22.9
10 98 17 94.9
11 917 21 54.9
12 869 5 36.5
13 673 29 85.5
14 28 30 88.4
15 1417 21 67.4
16 1438 10 82.8
17 83 14 87.4
18 1389 58 2.7
19 337 42 42.2
20 817 25 30.9
21 152 36 70.9
22 552 12 86.9
23 557 12 74.3
24 339 52 77.5
25 1145 31 16.4
26 186 42 20.2
27 1209 29 75.8
28 638 17 16.7
29 1364 51 22.6
30 608 52 20.2
31 452 13 23.8
32 956 52 74.4
33 158 37 26.8
34 1162 6 72.9
35 107 39 75.0
36 1412 56 22.7
37 341 54 26.9
38 447 55 10.4
39 649 11 80.0
40 736 36 67.5
41 279 49 8.2
42 1187 21 50.9
43 182 54 26.3
44 161 27 81.2
45 994 8 25.7
46 56 21 60.8
47 139 3 50.6
48 680 9 10.7
49 833 5 89.4
50 333 30 45.8
51 419 60 39.3
52 912 34 85.6
53 1332 6 38.6
54 522 3 10.1
55 985 22 45.3
56 121 34 50.5
57 1152 6 28.5
58 954 21 76.0
59 366 57 12.8
60 480 7 97.1
61 936 57 75.1
62 1081 30 77.4
63 654 2 35.6
64 914 34 58.6
65 143 22 94.1
66 928 25 40.0
67 166 40 57.8
68 500 26 57.3
69 1048 42 51.4
70 128 54 51.1
71 192 51 75.7
72 286 14 37.1
73 743 12 71.0
74 1421 32 31.1
75 1172 24 64.1
76 193 14 68.6
77 27 10 61.7
78 1369 42 53.7
79 982 44 89.0
80 1273 37 30.8
81 47 48 23.2
82 1275 5 23.3
83 1379 27 55.8
84 1076 1 51.8
85 1347 17 16.3
86 619 55 47.7
87 438 5 34.6
88 1093 56 39.8
89 206 13 87.9
90 142 52 46.6
91 151 31 39.7
92 1028 56 85.1
93 654 36 2.1
94 134 42 45.7
95 864 34 50.6
96 896 19 17.3
97 1420 15 24.5
98 226 51 99.2
99 591 19 56.1
100 490 17 10.9
101 865 9 91.2
102 384 37 10.3
103 900 44 60.7
104 978 11 81.7
105 1334 50 27.4
106 1112 27 97.4
107 1209 10 16.3
108 1117 34 39.6
109 1097 57 48.0
110 613 33 33.2
111 673 11 82.8
112 511 23 97.9
113 1124 52 30.4
114 1170 54 31.7
115 941 20 45.9
116 824 45 70.7
117 824 7 51.3
118 697 3 98.6
119 1077 35 86.7
120 180 15 6.9
121 227 52 55.1
122 810 14 10.0
123 1438 25 56.2
124 1392 7 90.3
125 1106 59 63.3
126 999 39 44.9
127 207 32 22.3
128 571 48 84.6
129 1354 11 57.7
130 1042 35 92.1
131 493 48 53.8
132 1200 41 30.1
133 812 14 51.9
134 746 51 82.0
135 1435 21 88.2
136 867 53 45.5
137 1196 46 39.2
138 1163 1 28.0
139 800 49 99.2
140 1110 38 58.9
141 1047 24 90.2
142 879 31 73.9
143 1194 12 7.3
144 1027 28 41.9
145 692 8 3.2
146 885 5 31.1
147 1143 49 73.2
148 541 59 92.4
149 724 60 53.0
150 535 27 83.5
