120
1 1095 57 5.188
2 1305 24 13.594
3 546 43 49.716
4 797 56 11.866
5 381 48 6.061
6 198 10 29.308
7 1383 18 5.397
8 770 39 35.223
9 253 23 84.834
10 1292 55 91.7
11 977 46 23.375
12 1123 10 30.296
13 58 4 64.322
14 1037 56 6.491
15 958 24 72.145
16 201 49 48.716
17 1141 56 49.884
18 916 37 64.666
19 979 12 24.931
20 576 42 83.894
21 1185 3 72.826
22 1122 43 37.097
23 970 22 78.806
24 325 57 7.567
25 100 23 70.39
26 854 3 39.455
27 1404 59 64.742
28 798 39 37.739
29 1419 6 50.526
30 832 59 84.185
31 1156 21 64.322
32 891 51 52.068
33 1395 60 61.424
34 1312 51 23.695
35 76 59 45.329
36 1267 20 38.846
37 1118 12 10.765
38 681 31 21.881
39 996 39 93.141
40 843 10 93.492
41 934 2 93.929
42 779 28 0.671
43 425 21 89.286
44 1359 21 66.63
45 1364 45 59.665
46 12 26 77.394
47 367 1 20.926
48 789 9 45.1
49 90 47 89.84
50 986 56 88.354
51 880 43 39.397
52 824 48 86.755
53 1275 33 89.673
54 641 13 77.997
55 1413 38 62.639
56 1156 19 12.588
57 710 20 4.203
58 221 37 63.07
59 1146 25 73.005
60 1114 6 25.412
61 385 51 47.149
62 1151 10 66.325
63 328 26 42.616
64 67 34 86.07
65 219 25 80.23
66 1186 27 96.542
67 1077 9 63.283
68 551 15 1.384
69 49 5 10.821
70 1415 20 87.985
71 681 38 49.594
72 1416 30 87.33
73 1216 40 95.191
74 982 11 74.728
75 58 2 76.613
76 895 7 14.304
77 1428 27 93.645
78 887 37 72.308
79 886 15 24.982
80 57 46 39.078
81 933 30 26.553
82 1125 23 68.043
83 117 27 80.282
84 1136 1 86.455
85 957 6 67.201
86 867 48 7.574
87 1085 6 88.211
88 1188 20 8.566
89 1107 44 83.842
90 1296 41 28.443
91 160 49 46.173
92 1378 50 50.1
93 932 22 41.831
94 310 43 72.865
95 788 55 40.479
96 230 10 78.385
97 1194 44 63.526
98 89 46 41.855
99 1054 51 4.725
100 1038 22 71.525
101 1113 25 91.085
102 888 27 1.439
103 281 59 40.288
104 1391 14 45.018
105 78 15 26.853
106 354 39 82.0
107 745 27 68.528
108 9 12 24.141
109 735 60 12.723
110 718 41 66.17
111 742 14 20.252
112 472 5 27.15
113 48 14 91.072
114 1054 10 64.266
115 172 42 10.524
116 458 49 12.181
117 1372 4 45.948
118 127 41 60.497
119 1042 33 46.511
120 1345 53 51.617
