146
1 208 22 74.705
2 690 12 39.848
3 80 43 19.432
4 926 19 8.144
5 144 42 47.868
6 395 19 48.202
7 618 37 62.284
8 787 29 21.871
9 697 2 19.546
10 629 26 5.142
11 387 43 58.25
12 824 11 22.359
13 240 16 32.471
14 448 58 60.046
15 791 34 15.73
16 438 13 94.449
17 199 55 18.046
18 1056 1 42.147
19 1328 41 69.426
20 1414 25 19.246
21 284 60 84.437
22 571 28 16.2
23 858 57 90.144
24 1404 50 65.071
25 742 55 63.996
26 1429 15 22.671
27 757 22 1.487
28 1203 45 46.516
29 1029 4 43.837
30 1429 11 42.826
31 411 34 24.579
32 1326 13 33.143
33 543 5 28.976
34 854 19 21.494
35 688 6 27.351
36 1366 9 47.194
37 8 57 17.006
38 391 30 66.803
39 342 12 63.057
40 519 22 84.661
41 534 24 84.818
42 1246 46 86.847
43 1017 31 39.801
44 803 19 12.169
45 599 52 0.583
46 125 57 86.074
47 1389 5 68.612
48 337 18 88.505
49 880 26 78.087
50 230 50 34.377
51 1437 6 9.221
52 765 21 58.816
53 808 49 31.308
54 616 57 3.53
55 89 37 30.491
56 1328 10 67.958
57 821 49 3.876
58 840 30 60.092
59 749 55 77.373
60 831 27 49.014
61 440 39 97.376
62 1310 11 69.999
63 878 19 0.822
64 696 34 15.082
65 176 27 75.555
66 1248 45 93.362
67 243 60 75.708
68 1429 33 85.289
69 101 7 91.944
70 676 51 41.776
71 401 1 98.909
72 337 26 23.14
73 180 51 68.85
74 453 8 74.449
75 439 40 24.625
76 301 51 53.769
77 1059 38 59.967
78 571 13 10.342
79 919 28 44.026
80 647 28 17.973
81 78 2 31.925
82 1044 29 48.557
83 1203 4 5.972
84 1210 29 50.822
85 1191 44 44.924
86 901 20 85.883
87 1307 19 81.919
88 669 19 73.447
89 530 24 50.911
90 568 28 99.437
91 851 48 1.625
92 1196 20 98.086
93 1097 35 7.802
94 680 58 3.347
95 264 58 8.619
96 476 27 78.292
97 435 3 37.424
98 1261 11 15.37
99 973 54 7.708
100 400 32 11.08
101 642 60 50.36
102 59 29 60.637
103 1239 10 23.855
104 1199 30 42.804
105 1391 27 15.209
106 331 52 80.903
107 554 36 14.283
108 594 5 53.584
109 885 35 78.855
110 787 34 75.51
111 601 9 66.248
112 740 25 85.941
113 1289 7 82.662
114 201 25 59.556
115 301 43 46.719
116 684 11 94.359
117 257 57 46.058
118 131 50 83.371
119 496 19 75.6
120 75 37 52.651
121 192 8 87.145
122 489 25 16.987
123 105 3 16.785
124 233 38 70.79
125 893 18 38.34
126 796 19 9.87
127 409 1 86.508
128 473 12 86.933
129 749 37 78.257
130 569 51 9.187
131 1208 58 65.461
132 961 48 92.26
133 257 56 46.774
134 686 7 44.903
135 414 41 21.867
136 1017 19 62.411
137 97 8 34.578
138 1142 11 13.012
139 492 30 59.686
140 596 20 99.314
141 194 3 69.393
142 424 26 73.259
143 1000 38 9.525
144 296 1 22.084
145 786 19 80.892
146 754 7 58.074
