125
1 992 6 38.551
2 698 19 1.995
3 1409 27 76.428
4 316 29 99.993
5 373 27 81.616
6 673 18 14.79
7 859 44 1.914
8 842 13 66.964
9 697 9 78.171
10 33 30 34.575
11 1389 37 59.67
12 607 29 92.201
13 979 42 54.736
14 254 18 70.108
15 707 50 18.784
16 1436 25 56.206
17 770 29 6.061
18 262 18 72.27
19 1084 49 30.06
20 173 30 2.874
21 224 40 12.34
22 1241 60 21.706
23 1077 16 6.767
24 281 3 41.833
25 1370 34 50.138
26 154 31 63.673
27 440 7 68.496
28 835 29 27.671
29 1218 11 45.197
30 1279 41 56.786
31 350 24 89.862
32 1211 37 81.016
33 230 38 36.2
34 309 19 32.592
35 524 16 72.242
36 53 41 41.53
37 412 49 95.938
38 215 38 60.131
39 469 7 19.453
40 570 54 59.009
41 316 23 21.684
42 77 15 17.026
43 914 38 89.603
44 1335 55 88.344
45 35 5 11.676
46 514 4 48.325
47 687 36 19.877
48 587 7 14.148
49 263 54 63.509
50 69 31 75.56
51 128 16 14.989
52 1369 29 68.011
53 967 20 30.329
54 552 11 77.571
55 1358 40 59.419
56 242 23 9.611
57 975 18 68.805
58 732 48 1.751
59 432 2 41.466
60 614 10 20.497
61 1161 53 27.806
62 848 42 96.015
63 83 48 59.141
64 244 39 82.442
65 163 50 49.496
66 1195 26 10.066
67 19 49 66.156
68 516 7 82.871
69 829 37 12.08
70 777 50 18.703
71 1106 11 28.121
72 75 59 58.824
73 194 30 87.111
74 554 1 42.899
75 363 14 59.542
76 1212 49 68.956
77 388 48 2.669
78 985 50 44.24
79 793 48 17.513
80 373 20 58.865
81 1003 7 35.231
82 1366 33 35.955
83 1010 39 93.908
84 829 52 65.021
85 493 1 55.707
86 268 46 27.341
87 1173 36 86.649
88 593 27 70.058
89 1406 56 84.147
90 825 11 16.001
91 1295 24 9.83
92 205 19 1.298
93 1261 4 36.714
94 1165 54 95.611
95 390 39 92.895
96 1049 57 52.334
97 612 23 74.647
98 239 2 23.328
99 1374 20 15.558
100 1164 15 50.159
101 1109 15 96.637
102 798 47 68.273
103 1333 1 77.757
104 904 49 87.794
105 129 32 10.43
106 562 25 14.631
107 797 29 91.768
108 1177 28 99.315
109 167 24 82.081
110 1033 41 23.871
111 1067 14 79.112
112 193 49 55.646
113 200 27 0.742
114 762 59 16.675
115 1092 6 53.682
116 566 44 88.957
117 391 6 51.076
118 287 9 41.326
119 314 42 18.407
120 205 3 21.576
121 807 42 92.611
122 71 9 84.284
123 628 56 80.558
124 411 46 98.793
125 416 33 35.362