125
1 690 59 94
2 852 21 9
3 960 1 62
4 104 4 68
5 402 19 34
6 938 41 67
7 1334 24 57
8 1177 35 83
9 1341 24 91
10 1349 9 93
11 59 46 69
12 1438 7 38
13 945 31 63
14 971 60 28
15 812 18 26
16 1225 12 48
17 288 44 8
18 1298 23 35
19 901 3 13
20 585 6 86
21 686 9 11
22 867 22 72
23 1301 49 89
24 548 22 61
25 688 57 74
26 1137 60 64
27 743 56 94
28 820 39 40
29 957 12 83
30 14 16 65
31 832 8 67
32 366 42 91
33 1424 15 17
34 409 10 11
35 948 7 99
36 252 35 7
37 935 56 42
38 567 55 38
39 258 13 71
40 497 46 31
41 1177 36 69
42 146 32 48
43 362 55 43
44 725 11 51
45 32 30 62
46 1288 15 97
47 700 46 76
48 303 29 25
49 1001 34 89
50 599 9 89
51 608 16 79
52 892 29 94
53 704 47 67
54 627 33 86
55 63 58 91
56 589 33 63
57 74 17 67
58 1102 26 94
59 584 55 57
60 851 53 7
61 271 39 48
62 1157 16 24
63 458 28 47
64 87 9 27
65 1163 38 56
66 697 44 94
67 91 6 30
68 577 9 87
69 1268 4 39
70 789 43 39
71 1251 15 25
72 166 51 20
73 1241 15 28
74 873 43 67
75 353 22 60
76 1329 31 88
77 509 35 21
78 530 45 36
79 1253 57 58
80 842 26 69
81 271 16 33
82 588 22 97
83 649 60 59
84 1364 37 94
85 1164 15 77
86 1378 8 18
87 596 34 82
88 1326 54 62
89 512 37 41
90 1318 9 52
91 1324 36 91
92 246 19 72
93 194 22 91
94 846 50 37
95 700 33 45
96 1381 32 32
97 1018 24 77
98 365 27 6
99 883 4 51
100 1356 58 74
101 129 44 62
102 1186 57 22
103 835 43 90
104 482 35 2
105 426 59 71
106 1171 21 28
107 94 16 63
108 1130 32 78
109 361 35 66
110 368 23 8
111 71 13 39
112 361 18 41
113 387 32 12
114 564 52 74
115 975 29 96
116 64 11 71
117 1438 30 44
118 824 24 15
119 137 53 99
120 383 56 95
121 1382 59 46
122 847 8 17
123 1229 10 36
124 1359 41 83
125 830 38 1
