144
1 60 60 60
2 10 10 15
3 30 30 10
4 60 60 99.999
5 50 50 30
6 50 50 99.999
7 10 60 88.86
8 1 60 95
9 1000 10 10
10 1440 50 20
11 1440 30 60
12 1440 40 40
13 1 1 1
14 5 10 90
15 25 25 1
16 500 3 90
17 600 5 7
18 20 20 20
19 20 20 30
20 1440 1 1
21 1440 43 56
22 676 25 18
23 444 34 21
24 1185 6 87.306
25 894 18 35.751
26 603 52 30.673
27 551 57 83.797
28 36 48 42.475
29 619 18 39.158
30 621 14 7.738
31 1400 57 71.573
32 111 58 70.696
33 931 35 92.944
34 226 38 18.273
35 392 16 19.027
36 687 53 32.853
37 874 41 61.905
38 224 27 15.827
39 554 6 65.404
40 911 39 37.757
41 1418 45 97.789
42 602 11 39.452
43 1106 58 30.631
44 916 19 91.053
45 490 26 56.177
46 242 28 50.89
47 334 18 46.79
48 1189 15 27.301
49 1266 19 76.064
50 1236 20 78.805
51 350 22 8.612
52 447 7 32.681
53 1249 34 15.212
54 600 50 23.665
55 495 49 85.902
56 757 48 15.266
57 279 6 43.545
58 1219 57 37.373
59 1429 53 92.992
60 111 16 90.402
61 1252 39 83.841
62 1428 40 12.015
63 288 1 57.794
64 1355 43 13.75
65 406 33 80.97
66 971 17 73.23
67 157 31 20.563
68 387 11 11.665
69 1208 17 12.833
70 1169 15 75.944
71 1122 43 18.168
72 210 36 46.77
73 851 51 90.52
74 1260 36 22.816
75 1143 20 48.114
76 363 29 73.652
77 1078 3 10.368
78 249 22 90.531
79 99 4 33.057
80 761 28 15.484
81 600 39 74.678
82 1102 33 82.962
83 656 16 42.493
84 281 15 1.35
85 1278 5 45.385
86 461 8 48.443
87 322 38 89.387
88 726 48 64.404
89 980 57 12.626
90 683 48 52.096
91 802 23 41.448
92 689 49 75.243
93 928 57 18.05
94 226 24 16.316
95 1069 56 89.071
96 1275 40 36.301
97 1213 55 93.247
98 995 11 33.811
99 425 10 85.795
100 100 47 28.689
101 684 47 94.804
102 521 49 95.23
103 1131 44 24.43
104 689 18 64.1
105 1165 21 59.075
106 1278 41 59.487
107 631 2 17.82
108 1005 9 63.032
109 527 47 25.826
110 160 27 68.595
111 1127 46 66.367
112 619 34 92.17
113 1364 45 71.003
114 169 15 38.912
115 967 10 46.729
116 340 35 55.64
117 1132 32 51.29
118 556 8 62.049
119 1436 21 54.927
120 949 41 80.71
121 1249 21 97.29
122 1230 11 32.605
123 454 52 26.242
124 254 29 71.83
125 1043 56 13.544
126 881 38 52.671
127 558 35 13.782
128 805 47 1.965
129 249 29 22.114
130 78 47 64.222
131 28 28 95.875
132 7 38 90.65
133 1003 51 51.01
134 1038 34 20.092
135 454 57 87.172
136 579 59 43.473
137 193 48 63.748
138 374 34 16.549
139 555 17 23.128
140 495 33 55.194
141 809 29 57.935
142 653 36 9.04
143 517 54 96.093
144 1360 11 33.838