150
1 943 52 61.076
2 937 37 89.312
3 1205 45 3.917
4 1406 16 12.814
5 872 7 95.111
6 1206 28 11.188
7 606 54 77.415
8 4 26 68.482
9 78 44 30.234
10 102 19 43.117
11 1416 39 32.033
12 1207 42 60.498
13 1018 16 75.75
14 421 15 22.369
15 141 52 56.66
16 81 44 5.601
17 886 36 85.044
18 1172 42 45.261
19 853 28 12.178
20 613 2 94.431
21 744 33 17.753
22 65 42 88.638
23 600 3 20.22
24 746 4 48.171
25 1132 42 13.376
26 945 12 45.632
27 583 23 73.695
28 436 56 25.382
29 388 17 41.965
30 746 17 1.872
31 528 29 42.085
32 124 56 31.262
33 1252 34 62.485
34 694 57 47.08
35 1113 21 36.223
36 817 9 38.115
37 1056 31 37.089
38 1214 50 7.572
39 352 16 45.039
40 182 20 35.003
41 244 48 27.945
42 1148 57 34.117
43 1434 9 88.766
44 650 10 32.197
45 869 12 77.422
46 1271 46 48.469
47 771 9 2.087
48 792 38 60.362
49 199 15 37.61
50 1129 17 2.473
51 1059 19 31.603
52 1168 28 81.791
53 147 59 94.78
54 646 59 46.397
55 1265 1 44.832
56 189 46 22.277
57 585 56 1.329
58 188 12 7.296
59 916 24 90.129
60 547 21 1.915
61 959 58 52.097
62 538 51 46.024
63 998 9 50.994
64 1378 21 94.841
65 815 58 4.53
66 701 2 26.589
67 823 41 44.297
68 29 9 76.962
69 1202 57 84.413
70 1297 45 1.911
71 1376 23 15.681
72 848 26 64.859
73 1016 55 77.677
74 878 46 68.544
75 962 9 11.908
76 1255 17 52.277
77 373 13 31.157
78 1345 10 44.662
79 998 7 98.654
80 301 20 61.063
81 1169 50 81.912
82 1371 53 65.951
83 243 45 29.521
84 644 52 15.184
85 119 59 75.701
86 218 52 36.454
87 1063 13 7.657
88 370 41 17.445
89 1101 37 84.815
90 722 12 47.076
91 86 7 58.439
92 1088 4 0.109
93 1154 50 54.366
94 946 29 18.178
95 1210 51 0.658
96 115 33 57.824
97 218 31 7.994
98 1041 55 7.643
99 1088 3 32.751
100 187 59 49.204
101 503 7 89.756
102 290 56 96.212
103 543 52 62.941
104 903 39 80.222
105 559 15 39.712
106 1191 1 62.878
107 276 43 0.948
108 388 11 91.921
109 1398 3 5.647
110 453 38 9.59
111 564 2 20.656
112 512 40 95.99
113 219 32 45.183
114 784 28 94.522
115 1219 1 48.565
116 490 48 42.357
117 795 28 24.746
118 17 5 89.676
119 1195 43 16.027
120 1129 6 38.957
121 743 43 84.825
122 1161 58 78.062
123 255 34 86.248
124 1027 53 10.617
125 668 20 96.317
126 847 27 94.169
127 709 5 50.244
128 226 28 98.642
129 813 8 38.299
130 504 5 99.356
131 763 39 40.341
132 1158 16 30.735
133 1351 45 30.644
134 1200 46 85.746
135 672 26 5.424
136 816 59 33.51
137 365 6 35.119
138 711 9 54.92
139 863 20 21.626
140 808 4 44.477
141 658 36 97.286
142 602 45 48.22
143 44 24 76.3
144 1360 15 13.962
145 1025 39 98.487
146 297 31 15.267
147 1031 21 80.679
148 157 15 80.963
149 1279 36 2.094
150 1190 34 96.708
