131
1 1162 27 87.932
2 540 60 34.336
3 442 27 34.384
4 767 36 35.939
5 736 8 27.308
6 419 60 34.057
7 164 2 15.729
8 305 38 42.251
9 1379 54 96.23
10 903 27 82.293
11 138 43 15.776
12 1425 56 71.975
13 918 35 75.701
14 55 6 53.273
15 899 42 4.116
16 881 32 60.486
17 504 2 78.073
18 516 7 29.494
19 259 26 94.19
20 602 41 74.356
21 730 48 55.915
22 419 23 74.728
23 930 14 45.348
24 637 24 54.923
25 1113 37 75.456
26 903 30 48.022
27 1207 17 5.48
28 262 39 26.998
29 1160 51 79.329
30 590 23 75.336
31 1346 21 93.342
32 1004 23 6.888
33 1142 22 63.084
34 1183 60 54.859
35 1339 36 87.153
36 1162 20 37.7
37 568 40 14.275
38 683 60 19.102
39 280 50 71.085
40 635 15 35.038
41 610 48 68.491
42 1190 3 41.303
43 1331 5 55.096
44 572 5 15.217
45 1242 55 51.289
46 337 44 97.066
47 3 59 93.956
48 129 18 47.529
49 1288 8 2.039
50 631 18 48.286
51 122 42 31.792
52 507 54 62.041
53 1224 56 93.496
54 728 58 10.05
55 1075 43 55.29
56 599 1 64.76
57 518 33 6.653
58 328 1 25.187
59 855 41 89.534
60 160 59 31.475
61 179 44 79.261
62 752 56 55.116
63 1148 1 83.405
64 80 17 31.608
65 866 56 13.835
66 708 60 83.576
67 334 9 42.718
68 286 45 21.48
69 33 57 58.83
70 178 51 40.601
71 895 27 17.933
72 1402 40 84.069
73 1058 53 54.211
74 1103 58 74.339
75 1178 56 38.903
76 639 23 60.863
77 1394 7 75.484
78 1175 58 54.329
79 1334 34 47.93
80 1035 32 61.333
81 404 23 17.547
82 302 48 90.433
83 1416 53 96.764
84 696 42 23.386
85 197 39 15.619
86 1164 14 37.323
87 1067 2 7.311
88 533 27 6.003
89 1366 55 57.243
90 31 9 58.07
91 437 49 87.254
92 1026 50 35.173
93 531 21 35.904
94 1280 28 65.099
95 1102 30 47.397
96 3 50 17.243
97 464 5 94.474
98 1176 27 56.439
99 848 4 11.61
100 933 58 84.539
101 1190 37 32.874
102 833 34 38.991
103 1028 57 2.512
104 173 5 42.818
105 503 59 73.593
106 855 15 48.37
107 328 38 18.09
108 811 28 84.864
109 572 51 71.828
110 1373 6 51.916
111 82 7 32.025
112 184 25 21.517
113 471 29 84.81
114 728 56 85.842
115 1286 7 43.186
116 688 47 86.578
117 5 18 49.281
118 1421 19 18.085
119 716 56 71.547
120 1060 49 63.954
121 974 45 62.324
122 655 34 12.59
123 616 14 50.038
124 551 44 62.291
125 299 56 75.857
126 949 35 54.625
127 188 57 62.559
128 213 49 5.482
129 875 46 15.923
130 175 50 28.22
131 1343 58 56.936
