150
1 23 17 89
2 705 25 78
3 359 45 56
4 58 5 55
5 1009 32 21
6 1083 5 37
7 281 3 22
8 436 41 29
9 753 53 14
10 453 34 55
11 1343 22 31
12 493 30 78
13 509 45 1
14 577 40 19
15 1082 42 27
16 347 49 51
17 420 10 67
18 1399 32 49
19 1226 33 68
20 227 45 77
21 758 12 16
22 110 4 8
23 723 22 39
24 713 10 32
25 1207 28 12
26 1201 54 53
27 438 15 71
28 805 10 14
29 1386 3 57
30 379 33 90
31 292 38 11
32 1282 48 51
33 812 3 89
34 551 30 54
35 590 46 86
36 1413 31 33
37 29 24 24
38 797 13 33
39 691 11 10
40 52 35 37
41 142 50 75
42 23 58 54
43 439 11 63
44 171 51 54
45 1244 9 81
46 721 49 28
47 202 28 13
48 1069 31 49
49 1200 54 34
50 1261 16 70
51 1361 33 15
52 1308 49 93
53 569 13 86
54 1300 50 14
55 1422 41 76
56 224 13 64
57 131 30 90
58 316 26 33
59 96 34 16
60 1005 19 11
61 1223 47 33
62 1256 10 50
63 766 1 32
64 672 59 83
65 681 51 27
66 812 40 83
67 355 56 94
68 391 49 86
69 964 43 29
70 362 27 23
71 812 52 24
72 1341 56 47
73 890 13 3
74 216 45 53
75 1351 45 11
76 407 41 1
77 1078 21 83
78 1331 9 78
79 194 16 47
80 574 18 54
81 437 26 89
82 528 11 26
83 291 35 9
84 949 41 59
85 189 38 81
86 564 6 85
87 936 8 32
88 799 34 57
89 1312 32 58
90 990 55 36
91 1132 4 22
92 150 52 17
93 880 40 63
94 138 22 75
95 991 36 56
96 987 32 55
97 117 39 54
98 352 26 24
99 1358 45 63
100 719 14 76
101 99 31 55
102 1020 11 88
103 622 24 2
104 949 34 71
105 1206 11 32
106 655 15 16
107 1081 55 16
108 809 51 39
109 186 21 17
110 1069 53 71
111 830 18 72
112 1362 54 58
113 317 7 83
114 180 19 50
115 874 55 79
116 707 37 39
117 671 9 32
118 1316 45 54
119 141 38 52
120 1163 15 4
121 1295 19 82
122 325 28 79
123 198 44 51
124 379 39 29
125 102 13 31
126 1257 20 57
127 1201 17 62
128 728 13 70
129 1020 38 28
130 1187 50 36
131 1426 32 6
132 1047 36 13
133 1303 40 66
134 813 28 48
135 375 32 31
136 374 57 35
137 590 27 24
138 643 24 96
139 6 19 44
140 1429 50 23
141 1360 32 4
142 887 32 95
143 1214 53 71
144 664 59 20
145 1372 25 60
146 1196 45 42
147 380 48 11
148 797 1 48
149 111 31 63
150 395 27 31