120
1 744 1 43
2 1217 8 66
3 1405 51 11
4 859 36 15
5 1049 34 31
6 699 58 74
7 580 55 80
8 1430 38 83
9 1072 16 23
10 622 6 56
11 458 40 26
12 253 1 17
13 1355 38 56
14 376 23 76
15 394 11 30
16 592 32 94
17 1161 25 50
18 979 50 3
19 577 37 33
20 72 24 99
21 260 7 34
22 1028 45 48
23 1143 24 22
24 801 47 99
25 1296 22 88
26 77 54 30
27 643 37 33
28 449 8 44
29 1082 31 74
30 517 33 26
31 1107 59 15
32 390 45 40
33 420 9 79
34 34 7 31
35 362 57 21
36 1120 25 60
37 190 35 69
38 1043 34 48
39 1243 25 15
40 550 38 74
41 670 42 96
42 1115 34 39
43 413 35 19
44 1115 17 62
45 44 22 25
46 1384 37 22
47 260 24 80
48 1081 22 62
49 1257 25 12
50 995 23 63
51 627 43 42
52 752 40 23
53 1194 60 52
54 768 27 43
55 820 7 54
56 281 19 62
57 471 6 95
58 1396 39 6
59 872 58 78
60 314 23 11
61 541 30 51
62 395 57 37
63 246 27 64
64 265 3 53
65 1002 35 38
66 88 54 35
67 41 8 15
68 117 28 61
69 1271 59 85
70 567 34 30
71 1377 2 72
72 780 41 24
73 1406 38 89
74 121 59 7
75 463 2 87
76 795 20 25
77 385 50 59
78 34 33 82
79 2 11 91
80 132 34 47
81 1355 55 83
82 26 21 35
83 533 21 69
84 50 52 40
85 203 27 42
86 1258 24 78
87 1108 37 57
88 756 47 72
89 1200 31 39
90 757 30 75
91 81 14 43
92 121 9 52
93 632 59 50
94 772 19 15
95 1115 25 78
96 1159 37 45
97 1014 37 26
98 353 35 52
99 1156 31 73
100 70 36 32
101 795 46 4
102 905 28 7
103 1096 17 22
104 1416 15 6
105 829 9 52
106 1349 4 50
107 318 11 46
108 400 33 3
109 1407 58 58
110 1088 51 65
111 719 3 37
112 227 15 72
113 274 60 48
114 702 40 1
115 1067 19 85
116 158 4 76
117 587 60 9
118 510 23 83
119 674 36 74
120 557 3 61