150
1 159 15 75
2 244 23 52
3 675 48 45
4 1175 6 2
5 1326 21 51
6 1307 34 84
7 1041 11 18
8 129 15 16
9 210 32 77
10 1245 8 91
11 458 34 10
12 199 36 66
13 986 27 59
14 264 22 61
15 910 36 26
16 1028 6 64
17 776 26 6
18 1040 18 87
19 318 13 42
20 220 53 40
21 493 22 80
22 241 36 48
23 835 34 49
24 313 7 36
25 351 45 63
26 1218 25 92
27 689 59 82
28 1387 5 82
29 1333 2 28
30 102 48 67
31 1406 44 66
32 1321 23 60
33 878 6 16
34 521 39 79
35 659 57 87
36 1306 44 35
37 626 4 4
38 1199 29 56
39 839 60 29
40 461 41 21
41 791 59 6
42 882 28 28
43 1150 43 99
44 586 28 43
45 151 49 27
46 849 27 88
47 502 41 29
48 558 8 64
49 662 36 84
50 1400 21 70
51 1148 24 38
52 1204 22 69
53 979 20 31
54 1365 3 52
55 1387 34 92
56 1336 27 49
57 170 49 28
58 875 32 76
59 1196 34 12
60 966 34 72
61 1355 53 10
62 1008 43 6
63 1321 11 84
64 294 41 63
65 549 22 92
66 779 36 14
67 1171 2 46
68 987 12 89
69 471 57 26
70 934 4 73
71 227 15 36
72 1093 52 8
73 1245 46 52
74 644 24 33
75 1056 47 34
76 622 60 79
77 210 2 21
78 1330 27 10
79 1047 7 34
80 92 6 41
81 593 36 55
82 992 42 89
83 1127 10 99
84 1324 52 64
85 821 1 67
86 1203 35 92
87 794 35 82
88 1415 43 21
89 637 54 91
90 198 51 55
91 1433 12 35
92 669 26 2
93 1356 58 6
94 809 57 37
95 845 10 68
96 838 20 16
97 535 22 2
98 513 31 9
99 1253 54 55
100 51 47 94
101 867 2 19
102 224 32 32
103 205 35 69
104 1393 26 58
105 475 18 40
106 765 53 2
107 1042 11 82
108 1177 59 94
109 788 25 71
110 316 56 22
111 200 31 14
112 1402 20 65
113 632 6 43
114 686 28 43
115 328 49 74
116 218 17 83
117 765 6 26
118 557 7 16
119 806 50 21
120 431 58 86
121 433 54 33
122 1231 21 16
123 923 27 61
124 1397 2 4
125 982 8 80
126 1270 40 48
127 701 42 47
128 1261 37 87
129 235 56 80
130 404 60 85
131 488 29 29
132 1045 24 65
133 1251 27 8
134 402 1 28
135 297 43 73
136 183 7 73
137 573 60 20
138 454 41 14
139 1305 51 80
140 1225 15 43
141 1094 43 9
142 878 59 82
143 756 32 59
144 1283 38 33
145 908 19 23
146 478 60 57
147 186 29 93
148 1422 48 61
149 1162 32 21
150 1189 50 90