150
1 1181 28 27.591
2 907 27 78.156
3 870 3 88.207
4 1012 50 91.921
5 1384 26 53.175
6 506 17 2.322
7 671 50 30.877
8 1437 6 69.519
9 727 38 3.821
10 415 23 54.929
11 965 49 91.691
12 804 27 22.359
13 688 17 4.752
14 906 20 25.572
15 433 4 39.393
16 266 11 3.202
17 484 31 9.686
18 448 43 29.97
19 701 60 29.589
20 868 38 64.846
21 1057 21 14.907
22 720 29 77.078
23 1038 7 31.247
24 172 26 11.491
25 329 17 70.038
26 403 54 30.876
27 384 3 97.453
28 960 55 68.894
29 1240 30 98.541
30 11 18 72.886
31 1065 48 87.926
32 933 56 51.016
33 1239 12 72.975
34 323 1 46.746
35 147 34 60.42
36 528 9 99.522
37 470 4 13.891
38 1288 30 30.26
39 311 6 52.685
40 1220 59 37.65
41 381 27 14.663
42 346 31 25.774
43 1043 33 52.04
44 1065 7 69.679
45 35 11 29.942
46 250 16 79.661
47 35 39 53.759
48 648 57 56.103
49 1132 11 52.709
50 972 50 54.655
51 221 53 18.546
52 591 47 34.441
53 1080 2 56.311
54 1403 42 64.714
55 1216 18 64.035
56 66 35 24.736
57 459 5 83.169
58 16 47 59.963
59 304 37 26.223
60 54 45 29.481
61 1395 18 71.984
62 896 21 35.055
63 944 35 9.821
64 567 50 62.709
65 455 52 45.176
66 1139 21 63.059
67 49 18 65.818
68 418 12 10.839
69 627 27 14.133
70 752 15 58.315
71 1232 52 76.602
72 780 33 19.267
73 277 36 35.867
74 585 47 2.031
75 916 29 36.093
76 612 1 6.424
77 1012 15 22.553
78 1000 53 46.137
79 634 26 77.935
80 469 9 94.309
81 1101 2 97.656
82 1080 59 23.608
83 1086 36 21.309
84 962 58 59.304
85 881 1 71.993
86 382 48 42.669
87 1071 44 98.689
88 1388 50 10.853
89 90 4 31.143
90 460 4 93.0
91 870 11 35.309
92 1361 49 68.128
93 592 45 59.01
94 1252 12 69.569
95 1431 4 96.496
96 437 15 31.024
97 1151 25 94.217
98 773 57 78.48
99 276 36 46.129
100 468 50 8.537
101 1399 46 4.965
102 669 38 27.78
103 1094 15 46.621
104 356 14 18.662
105 369 32 14.69
106 229 33 21.507
107 171 48 20.938
108 32 31 64.723
109 757 9 30.321
110 64 8 7.246
111 464 41 85.172
112 1178 24 98.037
113 15 35 16.431
114 29 27 23.605
115 85 37 36.443
116 292 29 81.371
117 813 8 69.727
118 858 50 58.473
119 723 19 42.954
120 196 28 96.552
121 366 55 85.418
122 1 1 46.157
123 383 5 40.077
124 200 58 78.034
125 1322 45 82.441
126 259 31 21.074
127 448 42 76.648
128 1057 54 19.161
129 1174 50 97.343
130 41 17 65.798
131 467 55 38.228
132 1418 3 45.827
133 843 28 33.092
134 1237 43 30.89
135 573 51 87.107
136 82 49 11.845
137 155 54 14.393
138 803 31 3.401
139 275 22 3.639
140 410 42 33.13
141 664 9 98.458
142 257 15 26.897
143 873 20 51.662
144 825 51 26.383
145 1399 4 94.882
146 1343 2 46.09
147 1069 36 60.16
148 810 15 77.446
149 931 31 76.796
150 1322 56 75.416
