125
1 443 24 44
2 14 36 63
3 814 17 87
4 450 52 42
5 280 22 28
6 278 58 83
7 1326 33 39
8 245 50 24
9 1170 5 69
10 1371 27 85
11 1420 13 62
12 1152 40 82
13 1004 53 2
14 600 24 58
15 1169 17 52
16 1102 3 5
17 1137 54 41
18 615 2 97
19 464 28 65
20 1221 1 68
21 77 29 3
22 1420 52 80
23 244 59 17
24 838 34 96
25 1219 19 99
26 393 31 22
27 64 28 73
28 1138 5 24
29 700 24 88
30 799 25 60
31 1053 51 14
32 29 33 90
33 737 20 81
34 545 11 59
35 1362 59 41
36 328 41 63
37 319 29 52
38 449 25 38
39 531 9 3
40 834 52 4
41 1246 42 55
42 656 21 89
43 163 55 71
44 1157 2 5
45 1417 54 68
46 734 41 36
47 62 31 81
48 836 5 21
49 540 35 5
50 1161 34 50
51 403 10 63
52 1223 9 62
53 1208 20 19
54 1121 38 22
55 1090 24 94
56 574 40 15
57 435 56 45
58 1365 29 12
59 1095 25 86
60 1083 8 98
61 171 47 32
62 1253 57 31
63 1267 4 44
64 97 3 59
65 306 30 13
66 480 49 37
67 105 20 65
68 418 45 83
69 1079 19 50
70 124 19 47
71 658 15 31
72 110 48 19
73 399 57 32
74 774 35 18
75 969 30 57
76 914 19 53
77 19 27 36
78 787 59 11
79 1009 30 78
80 775 13 89
81 29 55 3
82 24 2 66
83 585 18 57
84 226 29 75
85 1318 50 53
86 484 36 77
87 208 40 39
88 1375 54 21
89 1148 27 54
90 494 4 49
91 1258 43 84
92 842 37 39
93 756 44 77
94 999 44 27
95 616 4 57
96 71 45 28
97 528 47 8
98 379 7 36
99 234 29 8
100 1410 8 75
101 547 13 67
102 378 56 18
103 1073 4 89
104 1377 12 17
105 280 5 52
106 1363 1 37
107 601 56 21
108 508 57 75
109 683 33 41
110 1414 9 27
111 616 6 94
112 195 14 73
113 873 37 57
114 946 42 39
115 584 9 65
116 512 29 98
117 1347 30 34
118 61 36 32
119 1315 22 99
120 269 40 44
121 505 20 42
122 1028 43 36
123 1354 23 1
124 66 20 60
125 903 13 49
