126
1 1210 27 73.173
2 1203 44 78.508
3 747 3 92.48
4 458 41 98.994
5 1080 29 94.175
6 917 29 58.613
7 417 12 58.881
8 517 28 30.301
9 951 4 40.638
10 151 3 54.009
11 1046 35 35.471
12 985 50 20.132
13 90 11 55.506
14 1009 17 38.933
15 857 14 53.363
16 838 32 41.334
17 1318 19 25.164
18 1231 30 73.773
19 706 20 2.704
20 657 56 11.267
21 185 50 49.031
22 378 36 60.949
23 829 25 18.814
24 711 48 67.434
25 868 42 92.662
26 228 10 87.262
27 475 30 43.59
28 7 25 98.6
29 639 21 99.796
30 1103 28 1.746
31 1418 9 22.537
32 1385 10 98.884
33 79 44 24.077
34 972 52 45.565
35 456 14 43.708
36 1052 44 66.679
37 1429 3 3.582
38 1087 3 79.968
39 1379 13 46.901
40 876 35 63.373
41 1327 25 14.923
42 508 2 38.662
43 21 30 72.011
44 1326 57 35.786
45 264 13 18.322
46 618 24 50.92
47 941 54 5.47
48 1270 37 65.937
49 925 4 40.557
50 539 39 34.337
51 1388 3 72.351
52 828 33 60.926
53 305 5 61.042
54 1208 47 47.108
55 50 2 75.572
56 1119 45 60.928
57 884 16 58.579
58 1242 41 35.118
59 904 7 21.094
60 1157 34 43.931
61 932 48 21.055
62 1065 34 18.197
63 808 3 66.626
64 1247 34 1.915
65 764 38 8.073
66 672 36 58.872
67 534 34 56.446
68 1118 36 84.499
69 64 33 22.628
70 193 27 63.893
71 1140 55 63.698
72 843 55 73.551
73 900 57 56.862
74 574 47 35.71
75 1100 1 86.1
76 289 50 26.728
77 741 42 87.261
78 432 5 4.685
79 1055 45 79.102
80 188 50 96.866
81 126 58 97.362
82 1232 6 74.782
83 100 59 70.554
84 873 16 19.206
85 88 59 23.456
86 1281 9 10.796
87 1147 3 65.859
88 602 22 99.99
89 978 7 53.513
90 258 18 33.018
91 300 20 82.464
92 139 39 88.151
93 1317 3 91.09
94 175 48 36.328
95 548 33 17.8
96 626 37 24.499
97 1249 53 45.128
98 465 30 51.794
99 244 46 26.22
100 11 17 12.806
101 1337 30 58.495
102 78 54 36.483
103 67 55 2.583
104 243 55 66.155
105 1322 55 36.656
106 1339 3 33.212
107 543 2 47.244
108 424 49 72.471
109 980 19 35.45
110 538 57 45.068
111 899 49 65.729
112 907 4 50.189
113 572 6 34.438
114 825 29 44.93
115 960 22 72.043
116 1227 11 88.832
117 995 23 86.223
118 647 47 87.756
119 753 18 4.334
120 240 51 59.404
121 605 29 76.517
122 684 55 35.022
123 1069 6 15.043
124 410 45 10.749
125 698 34 78.054
126 758 6 91.155