149
1 1049 28 95
2 729 45 56
3 1094 58 87
4 1242 56 5
5 959 33 93
6 237 41 58
7 271 44 19
8 801 33 45
9 435 13 10
10 623 9 73
11 758 4 83
12 1250 19 23
13 622 30 68
14 557 46 91
15 760 15 81
16 531 24 83
17 1231 23 12
18 217 27 28
19 908 52 71
20 923 17 9
21 581 12 21
22 462 58 79
23 640 44 25
24 1331 2 24
25 362 48 7
26 1419 34 75
27 1366 20 88
28 211 20 25
29 974 8 53
30 701 32 95
31 233 37 73
32 601 13 5
33 255 57 36
34 1065 42 72
35 419 9 86
36 617 23 81
37 607 37 36
38 1410 23 24
39 742 15 67
40 1404 59 44
41 1025 56 28
42 1348 56 47
43 1384 30 59
44 11 12 36
45 526 37 57
46 216 29 94
47 11 57 7
48 268 4 62
49 722 10 75
50 400 55 45
51 411 18 21
52 281 44 61
53 1318 48 33
54 1225 43 86
55 1318 37 34
56 2 31 73
57 31 45 98
58 994 48 98
59 1213 16 1
60 356 39 6
61 366 15 63
62 1239 42 31
63 440 6 10
64 947 27 34
65 961 50 16
66 907 15 7
67 291 24 9
68 182 15 60
69 1273 56 78
70 350 27 38
71 943 54 55
72 1279 4 55
73 1381 27 18
74 1366 58 89
75 1405 42 12
76 1087 28 95
77 364 6 26
78 439 46 97
79 1121 43 97
80 667 3 10
81 726 12 81
82 531 46 65
83 799 59 86
84 989 6 21
85 1301 10 92
86 173 49 48
87 462 24 3
88 865 12 48
89 974 8 57
90 1024 13 81
91 134 18 91
92 1108 19 10
93 1129 26 32
94 1099 36 32
95 441 16 68
96 1323 39 43
97 85 48 39
98 810 42 21
99 460 30 51
100 1286 1 82
101 295 7 59
102 693 23 66
103 1184 60 47
104 294 37 85
105 233 60 14
106 717 13 56
107 455 36 4
108 491 8 97
109 886 44 25
110 691 53 48
111 1061 10 53
112 324 26 28
113 59 25 57
114 127 53 10
115 396 9 27
116 1411 53 68
117 640 45 42
118 657 49 75
119 359 56 30
120 228 42 9
121 972 29 33
122 99 56 77
123 714 60 92
124 498 53 60
125 886 38 38
126 477 11 7
127 1074 48 78
128 390 36 56
129 227 16 57
130 1000 52 8
131 1235 52 25
132 494 20 13
133 990 33 86
134 819 45 30
135 1360 34 41
136 689 5 56
137 855 5 83
138 645 30 1
139 975 8 85
140 740 39 26
141 241 56 19
142 1178 45 4
143 420 34 3
144 960 60 70
145 577 39 79
146 5 9 58
147 964 56 52
148 870 11 63
149 450 38 46
