150
1 1034 44 53.763
2 1221 41 99.42
3 989 27 80.469
4 826 55 59.677
5 738 17 91.666
6 385 47 34.641
7 619 28 19.175
8 229 8 21.154
9 1148 7 14.773
10 574 5 14.266
11 413 55 79.567
12 774 50 40.772
13 1096 30 89.577
14 164 37 5.803
15 758 15 58.552
16 843 2 59.538
17 802 48 86.892
18 1152 28 21.16
19 511 53 69.569
20 579 45 56.808
21 391 22 40.241
22 404 22 81.943
23 353 20 20.62
24 225 13 74.441
25 388 38 23.11
26 715 6 70.188
27 1282 37 83.84
28 557 37 47.679
29 1221 17 69.64
30 1263 45 89.804
31 1341 57 67.698
32 1202 25 11.072
33 399 44 95.814
34 1096 8 38.991
35 316 40 98.327
36 336 7 10.038
37 1387 29 87.555
38 1194 1 98.346
39 1249 40 19.706
40 516 28 30.578
41 114 52 34.143
42 280 21 10.123
43 633 39 7.422
44 1312 16 9.076
45 528 23 53.648
46 853 55 61.386
47 199 29 77.161
48 324 41 44.046
49 922 33 51.174
50 152 40 20.299
51 1168 1 51.844
52 1167 3 14.626
53 63 44 4.853
54 426 18 12.787
55 978 6 23.577
56 913 36 60.096
57 393 26 24.131
58 717 30 40.904
59 1067 48 35.643
60 1339 2 62.715
61 1060 59 66.827
62 1079 4 11.309
63 197 22 72.906
64 988 22 73.014
65 1361 49 3.201
66 740 11 28.389
67 47 39 41.648
68 1079 47 20.926
69 989 50 88.74
70 380 48 51.475
71 416 12 98.295
72 355 59 18.372
73 845 14 61.201
74 564 43 58.096
75 998 50 45.699
76 1303 8 96.476
77 282 29 39.891
78 810 26 2.158
79 473 46 89.145
80 523 29 21.236
81 1290 26 7.101
82 858 33 38.061
83 966 20 79.834
84 1100 9 88.314
85 910 51 74.517
86 949 51 46.35
87 102 31 20.891
88 867 42 76.276
89 436 32 21.064
90 1184 19 27.702
91 411 43 19.64
92 1101 1 86.535
93 374 27 10.625
94 1257 37 2.626
95 622 27 38.198
96 1175 49 47.955
97 96 45 54.025
98 510 19 67.772
99 674 26 39.415
100 1034 48 80.85
101 647 52 51.491
102 1108 52 54.873
103 1250 35 79.367
104 21 30 61.799
105 964 56 89.397
106 721 2 30.441
107 368 13 73.304
108 971 38 8.791
109 748 56 57.461
110 264 60 98.503
111 81 4 66.35
112 1328 56 92.965
113 623 29 92.712
114 1068 57 90.597
115 519 47 87.962
116 1124 28 63.478
117 128 59 53.026
118 1313 20 17.593
119 537 19 70.119
120 971 20 76.057
121 305 6 4.232
122 684 24 13.597
123 379 8 23.136
124 789 10 4.962
125 1209 5 70.522
126 1069 4 84.144
127 1359 14 72.557
128 1323 20 2.212
129 1255 42 80.805
130 1271 4 48.365
131 1270 4 54.653
132 111 47 17.432
133 765 19 68.945
134 1136 8 90.563
135 848 53 79.159
136 1111 36 24.321
137 127 23 25.047
138 417 51 64.479
139 653 1 61.582
140 1209 38 53.256
141 67 18 62.448
142 881 11 31.23
143 350 32 9.761
144 1192 37 86.442
145 1139 43 32.325
146 694 4 63.221
147 640 28 2.1
148 1050 3 18.442
149 605 54 96.731
150 1145 34 45.92
