150
1 249 25 25.291
2 255 31 44.411
3 264 35 44.181
4 241 36 40.906
5 249 46 61.692
6 207 32 38.324
7 232 37 44.077
8 234 27 30.587
9 237 33 43.183
10 253 45 68.337
11 232 26 29.363
12 263 19 22.335
13 250 24 27.983
14 228 51 58.847
15 244 49 68.999
16 261 27 35.514
17 217 31 38.397
18 240 58 60.776
19 246 39 41.497
20 239 21 21.71
21 245 32 42.152
22 238 27 22.91
23 233 45 60.734
24 256 27 37.548
25 224 19 31.163
26 247 33 35.357
27 233 32 33.803
28 231 19 15.003
29 239 30 39.351
30 244 35 36.647
31 236 29 26.733
32 249 27 37.161
33 231 42 38.997
34 221 32 48.013
35 228 48 53.035
36 282 39 30.019
37 236 42 59.072
38 259 25 29.92
39 218 51 65.788
40 222 40 38.236
41 261 45 51.204
42 237 36 36.243
43 256 52 73.515
44 239 32 51.154
45 222 29 27.881
46 244 45 58.749
47 259 41 64.86
48 219 36 43.099
49 225 25 34.94
50 242 35 59.39
51 239 35 45.027
52 225 35 46.366
53 244 49 62.101
54 265 42 69.071
55 245 48 63.899
56 215 33 20.789
57 218 40 61.4
58 230 37 47.616
59 227 41 39.887
60 253 27 25.932
61 217 44 57.188
62 200 40 44.662
63 216 24 29.526
64 266 32 27.497
65 234 31 29.383
66 218 33 40.76
67 231 32 39.468
68 239 31 34.113
69 228 50 86.608
70 250 40 35.454
71 232 20 18.524
72 231 31 46.052
73 264 33 45.702
74 265 39 44.611
75 247 42 51.209
76 247 33 33.118
77 238 35 42.901
78 243 24 25.055
79 220 23 21.952
80 240 25 26.67
81 249 32 36.107
82 257 28 46.451
83 244 42 57.092
84 256 29 40.223
85 258 49 39.828
86 238 21 21.863
87 242 38 53.311
88 245 38 57.131
89 241 30 40.56
90 224 39 62.586
91 258 48 85.583
92 249 39 52.91
93 264 39 52.369
94 259 31 25.565
95 239 27 30.657
96 253 44 53.073
97 247 51 64.053
98 293 24 39.622
99 254 32 41.663
100 215 44 65.895
101 233 39 66.186
102 217 26 32.332
103 244 60 72.487
104 230 15 23.708
105 251 33 44.25
106 237 42 42.739
107 247 12 15.936
108 257 37 47.195
109 255 42 36.457
110 245 9 12.664
111 234 49 63.6
112 238 24 38.737
113 234 49 64.248
114 229 33 42.871
115 236 41 52.802
116 220 20 18.813
117 248 17 26.413
118 235 43 40.005
119 219 25 20.249
120 230 23 19.048
121 255 19 27.97
122 281 38 50.653
123 268 41 40.708
124 240 24 32.099
125 218 50 68.376
126 253 41 40.607
127 216 28 33.021
128 223 25 30.865
129 235 41 39.956
130 225 10 13.1
131 255 32 34.496
132 226 37 53.299
133 253 21 29.71
134 266 48 75.887
135 237 36 46.099
136 270 60 57.437
137 239 44 68.44
138 247 32 39.475
139 244 20 20.26
140 197 50 48.094
141 244 24 31.931
142 258 46 72.734
143 257 39 51.802
144 264 29 47.136
145 247 37 31.656
146 233 46 53.095
147 228 32 35.362
148 263 26 28.898
149 241 30 41.178
150 236 18 13.919
