106
1 1095 54 43
2 791 11 23
3 451 52 47
4 1168 33 28
5 128 11 38
6 226 44 49
7 1062 58 80
8 104 3 37
9 1174 49 71
10 1244 3 27
11 417 53 43
12 1131 10 99
13 264 50 42
14 796 60 62
15 949 42 57
16 359 8 60
17 1229 11 89
18 848 1 34
19 912 53 24
20 200 32 86
21 1310 24 43
22 1349 50 28
23 1398 33 19
24 701 54 23
25 1227 13 34
26 983 29 92
27 1155 16 90
28 945 19 14
29 1194 12 63
30 239 2 23
31 849 58 93
32 650 59 20
33 503 1 9
34 731 54 54
35 863 47 45
36 717 1 25
37 445 36 38
38 1154 53 53
39 308 6 41
40 84 45 63
41 439 54 35
42 311 37 49
43 1098 10 24
44 129 60 26
45 876 57 13
46 1202 19 55
47 90 55 58
48 176 22 44
49 281 49 21
50 496 13 61
51 1023 18 36
52 653 29 34
53 210 5 47
54 874 3 61
55 1204 46 59
56 1135 54 14
57 245 40 40
58 427 16 8
59 210 51 70
60 1366 59 50
61 578 53 9
62 715 40 69
63 936 2 16
64 739 54 84
65 272 28 24
66 493 5 35
67 1350 24 63
68 1110 57 2
69 1029 41 58
70 1202 33 16
71 237 21 46
72 1028 47 92
73 37 35 29
74 790 7 48
75 637 48 60
76 474 28 13
77 654 33 26
78 1009 52 87
79 320 17 86
80 1192 29 70
81 6 35 93
82 506 50 97
83 1307 36 48
84 1128 38 91
85 350 41 7
86 1044 43 35
87 591 39 21
88 101 39 73
89 941 19 29
90 466 60 35
91 327 32 8
92 663 53 39
93 53 50 79
94 429 43 66
95 673 21 76
96 10 55 67
97 144 6 50
98 1423 41 94
99 391 15 45
100 149 33 51
101 1270 40 45
102 852 29 73
103 226 22 48
104 1022 51 89
105 1162 56 12
106 1255 17 11
