150
1 1435 17 61.137
2 815 17 64.246
3 581 21 56.615
4 954 12 46.9
5 353 12 83.674
6 134 47 48.951
7 66 32 45.071
8 125 16 40.948
9 1089 3 91.939
10 912 24 45.173
11 41 12 97.537
12 616 36 98.683
13 93 8 48.143
14 652 43 57.011
15 448 28 78.65
16 1385 29 64.853
17 196 36 48.399
18 869 18 63.786
19 1261 56 62.148
20 563 22 31.023
21 1220 45 7.467
22 1222 1 71.491
23 717 6 1.404
24 1390 14 62.199
25 316 39 43.358
26 80 47 68.501
27 889 4 44.093
28 984 18 58.577
29 721 8 75.409
30 688 27 89.719
31 1230 7 96.549
32 120 37 38.649
33 1020 43 6.344
34 819 15 3.579
35 254 1 5.671
36 1002 12 34.191
37 1210 27 93.401
38 518 48 13.063
39 1146 38 69.452
40 149 51 86.718
41 225 30 91.311
42 1310 18 35.237
43 752 28 43.99
44 542 19 53.381
45 463 16 89.629
46 538 47 52.557
47 179 13 4.598
48 533 52 75.717
49 1312 9 25.751
50 333 42 19.653
51 544 24 49.431
52 266 1 44.065
53 645 1 21.13
54 674 41 16.938
55 384 15 26.056
56 482 25 38.512
57 817 32 9.659
58 1314 12 99.732
59 1438 49 29.315
60 928 30 98.166
61 1388 44 44.246
62 100 7 5.633
63 991 17 46.228
64 351 17 89.252
65 1283 58 50.236
66 101 47 6.79
67 600 7 91.49
68 1262 34 62.818
69 914 44 23.088
70 1126 12 6.237
71 84 56 82.604
72 652 3 2.05
73 597 32 93.461
74 987 14 54.811
75 533 36 11.868
76 914 4 62.887
77 166 46 51.321
78 267 55 78.97
79 699 48 75.774
80 35 28 34.464
81 607 59 52.417
82 294 54 40.668
83 1231 14 85.168
84 158 59 37.851
85 280 46 41.542
86 794 59 20.091
87 40 35 14.955
88 976 34 10.075
89 159 34 88.848
90 931 19 37.658
91 750 26 83.24
92 872 25 64.769
93 71 4 73.744
94 91 36 78.981
95 481 4 59.618
96 97 2 73.45
97 50 56 35.961
98 148 1 49.491
99 631 26 92.787
100 829 54 17.154
101 415 16 6.358
102 167 43 41.855
103 929 20 20.311
104 199 32 15.788
105 249 40 70.898
106 465 40 52.847
107 78 17 30.476
108 42 56 93.459
109 1223 51 63.287
110 785 11 97.619
111 1409 26 99.381
112 1097 5 15.422
113 346 25 69.371
114 472 12 23.781
115 751 49 43.586
116 849 42 62.777
117 372 48 93.128
118 375 35 88.525
119 502 52 47.021
120 332 49 44.056
121 233 3 16.524
122 1300 22 30.731
123 1277 42 26.361
124 1428 49 77.918
125 1100 42 75.059
126 745 24 32.299
127 1199 35 26.279
128 1044 59 35.755
129 290 5 44.59
130 76 59 89.107
131 723 55 3.283
132 26 60 58.14
133 844 7 51.934
134 997 15 34.675
135 497 18 19.49
136 583 42 99.282
137 1159 21 70.174
138 779 40 93.275
139 15 17 47.09
140 797 60 53.528
141 451 42 0.07
142 939 10 7.537
143 1233 47 37.9
144 691 31 23.864
145 156 49 53.776
146 391 51 23.273
147 556 46 54.584
148 594 49 98.406
149 85 50 48.257
150 17 50 61.253