150
1 362 3 83.081
2 1224 42 4.293
3 766 25 3.101
4 1102 1 17.61
5 1239 15 20.438
6 115 9 33.877
7 750 40 69.595
8 440 27 94.294
9 1201 46 19.812
10 667 36 99.385
11 42 50 22.473
12 1131 27 72.245
13 931 55 29.444
14 1038 18 62.494
15 1257 23 30.907
16 522 55 56.011
17 669 11 72.09
18 1112 35 21.139
19 605 54 6.653
20 125 20 41.739
21 790 35 71.494
22 652 31 43.877
23 531 29 55.577
24 842 15 8.865
25 514 54 17.658
26 600 59 50.088
27 1307 51 18.336
28 1065 6 90.721
29 321 29 45.686
30 671 57 64.873
31 1059 31 13.45
32 468 15 69.076
33 410 3 86.366
34 2 28 51.786
35 155 6 22.045
36 425 27 21.984
37 178 51 93.782
38 1210 11 1.238
39 533 10 66.739
40 1186 53 71.015
41 1303 13 73.818
42 1166 28 67.717
43 171 13 92.686
44 461 33 56.78
45 1165 33 15.235
46 326 42 17.666
47 153 30 78.762
48 273 58 93.453
49 244 43 44.011
50 1425 12 7.671
51 449 32 97.997
52 1067 3 15.088
53 1245 9 91.867
54 1002 6 6.429
55 231 9 51.895
56 938 8 84.541
57 1176 13 37.5
58 279 48 7.79
59 789 23 92.97
60 352 2 69.777
61 404 41 92.788
62 755 5 15.365
63 1028 17 19.601
64 1046 11 60.131
65 207 20 89.865
66 1010 17 28.852
67 330 37 25.512
68 1 23 29.06
69 422 46 1.976
70 860 51 29.175
71 11 59 10.176
72 907 39 91.846
73 618 57 16.184
74 625 59 98.918
75 1067 43 50.059
76 92 8 50.19
77 35 7 4.025
78 968 53 44.11
79 501 48 94.49
80 136 22 11.167
81 590 57 41.43
82 1420 32 18.53
83 430 57 42.177
84 141 11 79.488
85 70 16 24.277
86 1343 36 71.953
87 984 16 46.777
88 589 38 12.49
89 445 43 37.364
90 1022 2 22.09
91 528 57 38.276
92 760 39 89.785
93 217 54 19.202
94 422 44 6.447
95 713 41 71.489
96 1312 29 72.143
97 899 51 87.145
98 1317 36 87.141
99 242 27 58.874
100 708 13 88.951
101 622 23 82.959
102 1013 60 41.624
103 611 11 82.272
104 615 55 14.586
105 850 29 15.544
106 1004 1 63.56
107 737 46 30.068
108 517 19 29.214
109 154 20 31.33
110 1293 13 7.325
111 72 59 77.826
112 319 36 10.564
113 1182 20 36.301
114 477 53 58.048
115 1014 17 69.115
116 1224 36 45.301
117 1003 27 19.078
118 1417 43 65.331
119 523 31 32.126
120 12 44 2.428
121 1401 43 60.272
122 1255 9 65.248
123 799 37 4.704
124 968 14 28.236
125 1171 29 40.552
126 1418 15 75.816
127 35 52 52.03
128 1091 7 18.761
129 1112 58 10.904
130 288 48 59.917
131 195 40 96.948
132 652 2 28.115
133 722 17 91.251
134 1071 28 56.856
135 982 17 95.994
136 1432 59 94.814
137 1099 19 37.942
138 834 47 17.845
139 1268 25 90.633
140 733 23 61.872
141 254 29 55.664
142 674 45 21.862
143 749 38 98.364
144 1410 49 53.831
145 1336 3 80.539
146 541 26 36.101
147 499 6 51.222
148 781 39 39.005
149 907 59 9.292
150 1145 37 82.428
