150
1 975 2 11
2 447 13 81
3 138 19 52
4 509 11 30
5 733 51 26
6 188 17 42
7 1112 46 85
8 753 60 5
9 362 1 64
10 1427 35 42
11 74 30 66
12 1320 56 79
13 432 14 35
14 273 55 2
15 73 36 42
16 571 23 81
17 251 14 68
18 47 43 10
19 532 18 93
20 198 31 76
21 615 22 72
22 953 42 6
23 670 48 29
24 214 26 76
25 450 51 48
26 764 54 44
27 1241 17 73
28 978 10 64
29 730 33 39
30 1226 48 13
31 265 46 95
32 272 46 55
33 730 33 96
34 64 33 74
35 302 13 54
36 765 11 75
37 649 34 67
38 696 45 80
39 157 60 8
40 459 20 49
41 1077 3 34
42 125 16 99
43 1135 21 82
44 1037 40 8
45 1233 59 18
46 17 10 39
47 560 5 85
48 665 11 58
49 1415 39 59
50 1039 3 54
51 1090 5 64
52 62 48 68
53 633 22 75
54 836 22 38
55 1385 16 40
56 632 42 63
57 647 26 43
58 823 23 78
59 756 48 83
60 1297 16 70
61 1085 19 98
62 49 21 11
63 840 27 3
64 895 4 45
65 378 54 39
66 1043 40 81
67 1049 19 89
68 813 58 64
69 974 4 46
70 822 45 5
71 492 49 42
72 938 53 21
73 1111 39 83
74 672 31 20
75 930 60 75
76 954 43 75
77 500 42 54
78 769 32 38
79 159 60 24
80 701 2 79
81 306 37 90
82 354 21 5
83 559 18 39
84 1088 18 93
85 696 26 23
86 688 25 67
87 577 16 18
88 96 22 45
89 136 26 73
90 51 46 87
91 957 43 63
92 1259 33 53
93 97 36 74
94 800 8 48
95 426 49 68
96 166 9 38
97 1039 24 53
98 479 19 96
99 147 6 70
100 667 36 28
101 780 4 83
102 785 33 64
103 914 40 18
104 773 21 73
105 394 6 75
106 180 46 49
107 782 22 15
108 478 13 46
109 287 20 28
110 1151 21 64
111 1227 38 73
112 561 55 93
113 926 5 97
114 919 31 30
115 320 24 52
116 1022 40 87
117 182 36 98
118 311 34 43
119 1002 14 44
120 1179 20 51
121 1336 7 50
122 705 55 68
123 140 23 99
124 204 18 25
125 1067 13 82
126 1100 59 9
127 93 31 16
128 781 4 6
129 669 31 47
130 1146 40 99
131 470 11 12
132 943 28 38
133 149 13 27
134 242 24 87
135 1345 3 26
136 1293 38 32
137 882 42 98
138 1436 45 39
139 1406 40 89
140 725 60 78
141 838 19 16
142 69 57 95
143 1410 45 72
144 883 30 72
145 198 26 21
146 291 5 59
147 1025 4 3
148 1207 17 78
149 974 43 31
150 748 56 63
