107
1 1292 35 78
2 760 46 81
3 163 37 23
4 619 49 11
5 1225 46 15
6 1162 15 30
7 1170 51 41
8 1405 60 42
9 433 42 71
10 848 32 38
11 547 16 81
12 725 59 65
13 1062 5 87
14 596 8 64
15 845 23 6
16 337 47 73
17 445 9 5
18 498 44 55
19 1290 23 13
20 50 10 34
21 1126 6 86
22 148 1 67
23 182 10 20
24 615 43 34
25 980 29 95
26 1078 46 99
27 897 36 29
28 1168 32 74
29 368 18 47
30 1234 36 63
31 675 5 7
32 390 18 74
33 582 48 13
34 757 33 29
35 11 26 66
36 1173 25 29
37 871 16 66
38 322 24 5
39 1093 15 37
40 550 27 40
41 1034 43 98
42 157 19 94
43 386 16 6
44 1393 53 34
45 1116 17 84
46 95 47 49
47 724 37 35
48 1211 38 46
49 447 59 9
50 653 30 86
51 841 25 72
52 685 26 6
53 425 4 39
54 689 20 14
55 1150 14 10
56 570 37 1
57 597 60 55
58 520 45 1
59 36 8 77
60 1191 19 60
61 1233 35 60
62 126 57 65
63 1206 40 70
64 1429 32 2
65 550 34 42
66 920 1 58
67 323 39 18
68 1105 8 64
69 643 54 2
70 233 60 72
71 289 18 29
72 1126 56 53
73 801 12 59
74 882 19 10
75 1190 50 7
76 1 27 4
77 962 42 62
78 808 37 6
79 283 50 28
80 1057 29 63
81 809 3 18
82 192 20 16
83 871 14 82
84 880 2 15
85 911 55 81
86 617 1 42
87 1129 32 26
88 163 55 13
89 22 3 22
90 81 33 74
91 814 45 60
92 245 34 56
93 1071 8 34
94 466 55 55
95 940 10 91
96 361 9 31
97 566 60 21
98 872 6 19
99 747 59 91
100 383 36 34
101 1302 38 10
102 845 54 16
103 1215 33 5
104 832 53 49
105 1074 1 10
106 343 7 52
107 686 7 21
