150
1 1384 1 64.619
2 1064 22 78.005
3 1240 4 12.116
4 228 14 4.044
5 1078 3 54.515
6 1424 29 38.523
7 1094 19 76.695
8 1267 19 46.449
9 413 43 3.248
10 1013 2 15.133
11 1165 35 15.695
12 1096 47 33.278
13 1182 49 95.141
14 415 14 97.348
15 219 10 22.705
16 270 50 10.159
17 725 11 30.584
18 318 55 30.922
19 149 47 15.209
20 1076 58 61.957
21 539 2 78.967
22 28 38 68.178
23 1313 17 75.912
24 885 17 97.104
25 452 16 95.588
26 1287 13 74.06
27 1225 37 45.759
28 759 5 97.796
29 746 21 5.833
30 319 40 32.946
31 884 45 42.402
32 457 49 11.229
33 562 13 52.197
34 7 38 90.841
35 754 58 40.061
36 602 29 5.344
37 1391 46 41.129
38 170 47 34.6
39 1426 11 35.352
40 31 21 90.049
41 994 13 62.255
42 411 49 4.218
43 1285 30 1.14
44 130 17 51.977
45 384 31 31.671
46 1166 47 89.559
47 987 14 30.229
48 368 16 79.153
49 1223 53 91.641
50 386 17 45.065
51 1099 54 56.913
52 51 8 20.743
53 1010 38 75.65
54 123 32 19.988
55 492 45 4.087
56 814 34 40.482
57 826 2 80.705
58 1174 17 83.195
59 845 20 21.257
60 175 42 3.331
61 1008 47 67.764
62 1307 15 74.598
63 352 5 57.168
64 18 5 85.915
65 1117 15 88.314
66 428 6 30.215
67 296 3 70.511
68 118 52 83.265
69 774 30 14.384
70 791 56 18.279
71 521 40 36.801
72 937 36 68.942
73 605 56 92.876
74 320 50 94.126
75 423 29 8.124
76 552 42 59.247
77 1016 7 99.868
78 1111 55 38.711
79 526 58 50.051
80 1325 25 17.866
81 394 2 62.399
82 1276 23 51.617
83 408 3 29.428
84 235 16 74.826
85 669 5 15.033
86 571 8 22.432
87 1389 6 46.608
88 1414 54 1.881
89 1254 2 87.315
90 886 52 83.828
91 920 15 1.423
92 826 33 11.635
93 829 17 55.782
94 1175 33 16.462
95 842 6 45.548
96 536 58 79.881
97 1385 55 47.598
98 875 58 72.08
99 576 47 57.481
100 1230 54 86.226
101 1053 49 37.738
102 861 54 14.75
103 459 19 60.944
104 999 38 91.762
105 549 13 15.997
106 1382 20 34.251
107 562 37 36.897
108 495 36 47.307
109 859 47 80.621
110 820 45 71.339
111 1271 25 68.203
112 286 49 54.533
113 839 34 11.066
114 192 32 47.889
115 373 26 23.234
116 304 25 29.687
117 1326 48 78.757
118 1350 38 52.468
119 719 34 47.908
120 994 52 51.268
121 1134 25 16.123
122 678 36 46.323
123 964 18 33.647
124 506 4 24.874
125 1226 59 25.368
126 516 3 50.75
127 1042 16 89.192
128 314 28 37.247
129 963 45 41.95
130 584 32 5.595
131 917 15 5.952
132 512 20 36.56
133 1070 41 9.042
134 1360 6 37.345
135 310 47 93.019
136 284 53 16.453
137 529 35 40.866
138 409 25 67.72
139 1047 10 46.465
140 1022 19 89.711
141 1014 41 20.388
142 1169 3 92.403
143 266 52 46.91
144 379 55 95.587
145 572 40 45.564
146 1261 47 48.03
147 551 33 13.425
148 1427 6 36.544
149 54 51 69.576
150 229 37 49.69
