150
1 240 58 48.869
2 1247 60 21.323
3 973 33 10.798
4 572 37 98.819
5 1400 2 23.107
6 412 32 98.739
7 1109 41 41.254
8 1001 58 59.832
9 494 18 6.528
10 1424 14 85.738
11 1417 16 47.298
12 294 13 50.598
13 987 1 16.087
14 1404 24 24.706
15 1168 39 66.847
16 961 34 40.333
17 956 7 48.047
18 997 50 81.135
19 108 7 92.724
20 217 32 27.868
21 1009 14 61.368
22 496 42 7.541
23 13 13 51.254
24 279 22 68.154
25 1181 13 43.433
26 1013 26 17.738
27 319 8 73.916
28 168 36 51.584
29 606 39 70.956
30 1113 40 89.427
31 729 26 50.869
32 571 52 26.479
33 785 29 46.782
34 1137 29 61.848
35 642 47 83.282
36 1386 29 10.612
37 696 57 72.85
38 177 31 58.027
39 420 20 69.969
40 103 26 4.923
41 246 23 36.719
42 116 4 2.462
43 13 22 6.409
44 1017 9 96.083
45 534 46 52.606
46 142 40 17.406
47 240 11 28.198
48 1098 30 80.873
49 811 36 0.903
50 472 14 25.651
51 745 39 32.947
52 169 27 33.182
53 1429 3 68.071
54 785 28 97.234
55 534 31 13.13
56 1142 45 38.289
57 448 42 7.14
58 702 38 28.441
59 872 55 68.413
60 617 31 32.279
61 911 23 72.807
62 103 34 95.028
63 505 5 1.921
64 821 50 46.648
65 786 43 2.676
66 545 36 64.19
67 1145 19 16.834
68 251 5 39.466
69 989 48 12.966
70 1333 20 10.501
71 1211 22 72.439
72 1360 4 65.289
73 217 56 63.317
74 894 26 7.083
75 1294 26 21.27
76 1148 8 65.531
77 389 40 6.472
78 1356 2 56.883
79 462 18 70.479
80 606 24 3.561
81 563 1 77.051
82 1134 24 56.61
83 724 31 51.303
84 124 47 9.9
85 40 22 83.335
86 96 58 99.623
87 1309 22 59.768
88 353 14 85.806
89 364 19 63.101
90 453 58 81.054
91 139 44 68.843
92 807 15 13.99
93 291 14 20.819
94 1103 16 66.216
95 410 50 66.282
96 1177 33 26.118
97 170 28 73.094
98 526 8 49.222
99 730 26 69.446
100 146 8 59.641
101 154 43 45.055
102 342 24 7.646
103 1118 36 29.18
104 417 28 47.273
105 510 32 45.299
106 1431 41 76.157
107 1001 9 25.065
108 57 36 85.835
109 1049 33 61.406
110 572 55 6.16
111 416 39 6.898
112 745 3 26.992
113 396 36 57.898
114 238 34 22.494
115 741 3 80.416
116 34 29 58.671
117 1077 42 73.474
118 622 14 97.369
119 850 10 33.954
120 1073 52 4.281
121 84 53 12.134
122 1226 29 47.871
123 362 12 80.441
124 246 23 1.964
125 242 36 61.803
126 20 39 70.887
127 472 43 14.067
128 1108 3 7.953
129 1048 4 70.053
130 44 12 24.243
131 621 32 23.934
132 649 15 49.045
133 135 20 86.929
134 149 26 5.325
135 106 33 76.195
136 480 26 34.245
137 1086 18 13.378
138 1021 3 51.503
139 766 52 86.811
140 784 33 48.174
141 183 15 51.429
142 443 30 89.422
143 1381 17 32.88
144 1152 23 18.449
145 1096 26 4.265
146 738 52 39.506
147 985 16 54.593
148 1286 40 50.173
149 137 46 22.578
150 77 20 63.236
