103
1 167 41 95.133
2 757 18 38.504
3 374 19 56.436
4 1439 55 90.536
5 485 49 74.355
6 1343 22 23.93
7 639 8 69.267
8 97 37 48.423
9 544 9 53.203
10 554 56 26.696
11 697 35 36.305
12 366 43 60.597
13 420 39 15.19
14 922 15 59.039
15 856 29 37.898
16 50 1 65.156
17 1403 51 82.806
18 117 18 63.228
19 625 2 17.916
20 419 59 1.292
21 606 8 14.296
22 444 32 2.065
23 648 33 85.784
24 1253 48 13.287
25 300 3 25.499
26 133 17 33.629
27 972 9 67.031
28 1439 53 30.633
29 320 53 46.866
30 718 54 27.081
31 913 35 46.475
32 1198 59 91.542
33 877 32 9.37
34 1243 60 23.164
35 680 1 95.177
36 1147 41 44.851
37 91 7 66.231
38 167 54 75.728
39 113 20 97.478
40 240 52 29.785
41 567 18 40.471
42 470 55 45.25
43 326 57 98.831
44 1423 8 20.302
45 903 3 7.35
46 1364 34 77.435
47 319 9 22.9
48 768 27 25.531
49 96 1 36.85
50 1162 18 71.722
51 1358 54 89.313
52 1006 33 79.752
53 175 3 17.387
54 1130 48 22.999
55 986 41 13.033
56 975 31 18.543
57 206 16 4.405
58 364 39 73.264
59 1440 11 22.404
60 409 17 63.632
61 1066 12 41.912
62 253 60 43.988
63 1242 20 40.485
64 411 52 59.918
65 635 26 39.676
66 1339 17 49.734
67 121 10 29.459
68 39 13 18.113
69 242 54 6.084
70 133 34 50.604
71 461 2 74.249
72 525 25 20.884
73 1229 59 15.047
74 387 26 30.835
75 534 48 47.387
76 1250 30 30.769
77 587 10 80.063
78 932 39 54.012
79 1384 18 62.905
80 292 45 73.176
81 1416 18 82.724
82 400 21 91.951
83 1029 52 94.258
84 726 54 40.494
85 588 4 44.376
86 845 10 53.303
87 309 18 94.633
88 1406 11 7.368
89 1061 59 91.523
90 844 26 3.583
91 1088 41 57.737
92 231 9 62.104
93 47 59 10.22
94 1077 35 40.013
95 805 14 75.201
96 416 13 40.679
97 931 47 47.252
98 369 34 37.853
99 436 28 3.371
100 178 14 48.652
101 1044 10 65.538
102 1243 42 46.641
103 424 31 50.836
