150
1 588 10 95.579
2 1028 15 95.268
3 1115 17 65.138
4 726 15 90.816
5 1391 17 97.532
6 1080 16 95.757
7 969 14 99.986
8 1003 16 96.774
9 1068 11 89.307
10 770 11 95.482
11 1285 17 75.417
12 1233 10 86.832
13 866 12 94.894
14 1361 15 93.015
15 168 12 64.209
16 324 16 93.792
17 439 6 90.926
18 189 12 90.785
19 1094 15 90.794
20 1021 24 95.423
21 679 17 63.558
22 985 14 97.995
23 1282 8 62.429
24 760 12 88.808
25 473 21 95.204
26 389 16 79.777
27 299 15 91.120
28 1140 13 86.001
29 114 9 95.875
30 322 13 86.022
31 1192 13 99.283
32 1141 13 91.533
33 1289 10 97.750
34 1284 13 86.900
35 1323 9 95.017
36 846 17 96.743
37 840 10 90.775
38 676 12 90.604
39 77 15 97.553
40 1246 11 98.554
41 1065 15 68.399
42 1196 13 99.570
43 894 12 93.098
44 156 13 93.946
45 1178 10 88.036
46 965 10 70.368
47 509 11 85.526
48 69 12 99.379
49 238 15 86.567
50 664 11 91.062
51 844 18 95.673
52 1369 15 89.137
53 706 8 69.865
54 149 12 85.379
55 419 12 94.982
56 607 8 79.780
57 1093 14 75.601
58 1440 14 93.380
59 1172 14 97.239
60 945 14 90.399
61 955 12 98.454
62 1306 17 99.331
63 1336 13 97.128
64 618 20 95.187
65 551 13 86.128
66 705 12 99.943
67 219 18 97.381
68 1209 16 86.937
69 22 16 98.779
70 123 7 97.016
71 636 14 94.626
72 280 15 71.041
73 1147 9 61.781
74 42 12 97.439
75 109 8 97.050
76 848 8 98.541
77 101 8 89.869
78 154 16 88.885
79 260 14 62.120
80 1332 7 90.880
81 267 13 91.717
82 719 8 90.182
83 808 11 98.780
84 1224 17 75.631
85 262 14 61.362
86 63 10 96.826
87 360 12 88.268
88 679 18 93.191
89 545 13 91.288
90 823 11 63.973
91 1113 16 87.486
92 1275 10 68.727
93 1439 13 73.683
94 1306 11 99.545
95 523 16 92.885
96 346 9 94.070
97 912 20 98.968
98 1230 15 96.064
99 345 9 88.511
100 94 16 88.582
101 433 12 85.684
102 868 11 68.215
103 227 10 97.643
104 272 13 87.965
105 404 19 85.516
106 236 8 85.010
107 373 10 95.005
108 1350 12 93.946
109 1017 10 61.452
110 612 12 61.607
111 1384 9 76.058
112 1392 16 86.190
113 923 13 89.750
114 1062 17 66.169
115 439 12 99.663
116 657 10 76.854
117 873 8 78.569
118 489 13 98.058
119 586 11 94.422
120 134 11 94.385
121 580 16 95.713
122 220 9 85.029
123 739 14 88.144
124 250 15 90.325
125 599 12 93.831
126 794 11 94.640
127 399 19 86.384
128 676 7 93.960
129 168 16 95.655
130 291 14 85.290
131 609 9 87.931
132 182 17 64.199
133 711 14 84.401
134 745 8 92.347
135 608 13 73.283
136 525 13 99.937
137 1371 12 99.266
138 30 15 88.050
139 882 12 82.765
140 771 15 86.073
141 44 16 65.560
142 1131 17 95.759
143 935 13 85.983
144 1224 16 73.215
145 804 9 74.741
146 1025 16 60.027
147 317 12 64.856
148 444 6 99.083
149 1067 14 88.677
150 1006 11 96.810
