101
1 464 51 59.832  
2 853 43 36.01   
3 1255 57 2.487  
4 758 15 51.581  
5 213 53 58.271  
6 972 37 96.501  
7 1166 4 35.347  
8 1071 38 19.373 
9 964 59 66.719  
10 37 29 22.586  
11 597 4 99.51   
12 328 3 78.463  
13 515 3 39.154  
14 301 29 27.72  
15 325 18 5.466  
16 681 60 14.667 
17 1365 46 61.087
18 18 9 54.892   
19 1137 52 53.897
20 1214 33 69.766
21 1276 43 19.302
22 526 18 82.352 
23 1328 14 52.486
24 198 38 21.558
25 1430 10 61.567
26 477 13 92.386
27 1337 58 33.662
28 212 56 82.533
29 879 29 51.804
30 466 34 55.702
31 9 11 25.897
32 596 40 5.159
33 616 54 64.326
34 246 3 59.501
35 192 10 45.664
36 1269 39 94.759
37 1138 12 36.288
38 1034 24 99.13
39 1133 47 27.11
40 1380 1 61.747
41 1154 41 39.267
42 1123 26 76.836
43 425 49 49.645
44 821 8 26.448
45 444 33 1.139
46 976 27 38.186
47 431 36 2.826
48 48 12 52.042
49 821 46 97.324
50 1347 28 95.941
51 251 39 0.125
52 442 42 76.671
53 745 44 53.553
54 443 21 66.588
55 1000 17 67.324
56 1331 48 4.363
57 616 28 54.392
58 257 59 32.325
59 960 36 20.233
60 875 12 19.882
61 223 12 54.555
62 297 33 13.796
63 1409 25 36.181
64 1216 42 27.721
65 1282 59 81.914
66 784 17 80.312
67 754 16 68.447
68 1287 41 44.933
69 1262 19 40.244
70 243 39 14.131
71 985 52 77.787
72 181 40 25.317
73 38 18 89.48
74 1275 35 60.702
75 1344 55 20.472
76 67 43 24.026
77 1439 9 72.059
78 1021 25 94.035
79 670 60 9.484
80 1089 9 19.63
81 1141 27 84.623
82 1098 18 50.192
83 211 9 88.07
84 1392 40 82.473
85 717 42 17.267
86 1205 3 73.702
87 167 14 75.348
88 81 45 21.95
89 1256 43 31.094
90 1141 5 75.062
91 1032 49 28.604
92 1348 57 10.318
93 1368 20 3.573
94 858 2 79.256
95 304 28 62.79
96 15 26 4.313
97 386 43 35.719
98 1291 57 85.88
99 476 49 26.437
100 160 24 51.269
101 1286 26 59.611