132
1 1072 24 93.12
2 63 54 0.92
3 680 32 19.48
4 886 32 71.43
5 995 8 62.31
6 214 54 28.87
7 642 55 89.08
8 322 23 67.51
9 156 6 68.39
10 1149 23 52.03
11 765 4 56.40
12 24 52 44.26
13 961 58 62.98
14 79 46 49.93
15 742 20 53.99
16 828 38 75.96
17 551 18 28.29
18 481 25 74.78
19 805 31 66.31
20 823 59 46.67
21 941 9 69.42
22 886 49 8.86
23 900 51 14.17
24 636 20 13.17
25 38 17 98.30
26 454 35 89.06
27 1155 27 25.73
28 496 40 76.09
29 321 19 79.40
30 1318 5 19.35
31 644 42 49.39
32 816 23 11.27
33 1297 26 74.84
34 1082 14 13.51
35 645 36 69.38
36 366 11 9.11
37 1193 57 28.00
38 486 22 30.02
39 984 37 69.27
40 915 38 15.53
41 894 51 84.70
42 660 22 54.58
43 564 13 80.51
44 1200 36 25.91
45 1214 10 18.57
46 831 23 60.77
47 184 46 93.62
48 255 52 57.14
49 779 8 29.98
50 77 41 55.17
51 184 53 2.51
52 121 38 67.91
53 972 47 49.85
54 1094 29 15.37
55 1387 50 53.21
56 296 12 38.05
57 757 58 38.55
58 716 7 39.16
59 307 7 84.97
60 1033 23 5.01
61 682 57 19.51
62 807 21 78.51
63 701 6 16.19
64 1075 59 5.48
65 997 15 76.60
66 775 58 27.97
67 655 33 2.37
68 190 1 98.79
69 901 22 28.59
70 835 26 77.25
71 339 12 15.52
72 31 17 12.38
73 1149 36 51.45
74 956 39 61.17
75 1260 36 34.61
76 540 8 96.89
77 343 40 70.33
78 924 2 17.93
79 119 16 21.11
80 1025 51 94.24
81 76 55 45.18
82 1270 29 96.47
83 1043 36 18.39
84 1331 15 2.32
85 1212 53 89.61
86 1278 6 41.28
87 1336 44 79.52
88 1303 11 82.73
89 691 36 35.75
90 177 32 41.56
91 1183 30 37.22
92 158 45 40.25
93 699 17 65.95
94 211 48 67.18
95 780 18 35.57
96 979 31 23.54
97 1320 45 18.58
98 1327 39 67.53
99 1251 45 54.55
100 1262 34 89.34
101 330 28 8.85
102 186 31 27.16
103 217 33 94.48
104 972 17 23.01
105 449 38 5.45
106 415 27 31.72
107 697 43 93.26
108 1043 49 18.76
109 955 24 75.52
110 829 32 91.49
111 993 54 40.67
112 1074 28 6.02
113 1129 1 17.30
114 235 52 65.85
115 166 16 84.99
116 1307 16 38.39
117 1088 23 39.80
118 880 6 64.60
119 918 49 34.12
120 1010 48 48.34
121 1157 6 35.26
122 568 21 19.06
123 502 13 99.40
124 586 6 3.16
125 1079 8 28.04
126 1172 43 65.07
127 1276 19 65.52
128 259 31 17.31
129 640 38 51.82
130 417 13 55.95
131 713 18 65.53
132 569 2 90.23
