113
1 1175 33 74.562
2 870 10 47.099
3 387 58 66.102
4 356 51 53.894
5 1140 15 39.73
6 215 26 67.917
7 254 40 20.722
8 1060 10 99.172
9 1181 42 20.726
10 995 9 21.572
11 3 32 13.342
12 1425 16 54.227
13 925 40 69.817
14 621 19 21.564
15 680 60 27.32
16 1320 30 87.749
17 1281 47 70.992
18 1155 8 42.433
19 289 27 32.212
20 942 7 71.66
21 1113 31 76.71
22 13 46 64.129
23 243 45 86.229
24 943 29 38.261
25 605 60 26.652
26 985 19 29.987
27 629 24 24.52
28 379 2 46.684
29 1119 29 1.518
30 732 15 39.3
31 1318 7 8.31
32 916 20 38.619
33 1131 25 40.469
34 1427 13 13.882
35 1104 30 37.394
36 269 22 40.109
37 1102 58 7.884
38 411 42 25.294
39 756 11 16.917
40 237 9 12.48
41 1381 33 11.367
42 1097 32 56.85
43 949 53 95.334
44 249 42 81.103
45 75 60 61.196
46 1133 21 42.823
47 764 1 25.385
48 1220 12 68.681
49 815 56 37.886
50 478 51 21.638
51 501 41 77.976
52 308 30 23.627
53 1191 44 72.833
54 205 2 88.601
55 460 15 11.356
56 407 46 47.025
57 882 59 63.932
58 6 47 89.551
59 470 9 94.805
60 1368 53 69.773
61 395 6 56.734
62 241 40 75.391
63 1017 39 64.093
64 1313 12 99.64
65 980 26 12.256
66 581 50 69.32
67 228 50 1.5
68 440 35 81.801
69 691 45 69.886
70 1210 17 64.449
71 1214 45 17.855
72 681 39 55.313
73 1133 32 94.378
74 404 44 89.403
75 666 60 37.484
76 45 39 94.183
77 326 36 33.303
78 1134 29 80.901
79 793 60 79.497
80 769 20 93.614
81 1062 9 95.132
82 477 13 80.345
83 1036 43 71.321
84 247 52 16.866
85 547 32 89.8
86 1421 14 52.137
87 1427 35 87.466
88 1219 60 4.999
89 1355 46 45.1
90 210 38 42.622
91 967 50 28.401
92 27 52 58.862
93 370 48 11.228
94 739 47 86.767
95 742 20 86.033
96 1038 42 64.893
97 929 56 57.512
98 1319 33 61.277
99 1370 52 15.355
100 982 55 80.923
101 573 2 34.653
102 1272 40 66.048
103 434 35 74.68
104 184 36 62.243
105 116 8 34.256
106 291 35 44.475
107 849 38 90.28
108 502 56 39.811
109 316 5 87.017
110 854 48 48.41
111 420 6 56.891
112 1368 22 99.197
113 1173 44 10.655