140
1 977 8 5.616
2 256 15 37.014
3 608 59 67.489
4 1314 2 1.063
5 223 2 6.38
6 560 42 52.623
7 389 50 93.241
8 657 2 2.134
9 500 36 49.003
10 407 13 22.131
11 345 47 99.007
12 282 14 32.521
13 665 23 24.556
14 313 13 27.792
15 256 7 18.42
16 539 5 6.794
17 450 54 83.986
18 426 38 60.535
19 369 1 2.234
20 610 53 64.867
21 483 13 18.716
22 489 58 82.581
23 1255 31 17.083
24 242 10 27.35
25 401 10 18.681
26 282 25 63.018
27 217 20 64.972
28 265 34 90.417
29 391 3 5.661
30 256 18 51.218
31 687 17 17.812
32 458 46 66.732
33 948 60 42.904
34 693 50 49.008
35 678 15 15.607
36 553 13 16.81
37 190 23 84.019
38 771 18 17.743
39 548 26 35.715
40 508 40 55.044
41 907 39 29.924
42 197 2 5.664
43 315 42 88.062
44 687 37 38.265
45 366 50 92.375
46 530 30 38.638
47 543 28 37.434
48 390 32 56.079
49 448 40 59.483
50 452 32 50.046
51 344 1 1.975
52 1214 16 9.308
53 584 50 65.119
54 271 32 76.864
55 559 43 54.813
56 507 37 50.915
57 515 38 52.024
58 487 8 11.602
59 411 40 68.659
60 490 53 75.578
61 780 24 22.138
62 319 9 19.742
63 379 48 88.188
64 384 48 80.861
65 372 55 98.768
66 980 3 2.106
67 398 37 69.343
68 341 44 95.164
69 462 58 88.116
70 279 34 87.689
71 856 43 34.905
72 853 29 23.563
73 435 25 41.681
74 684 57 54.884
75 447 59 93.666
76 612 8 8.899
77 324 46 89.77
78 412 51 76.821
79 253 7 17.749
80 643 18 19.501
81 212 30 99.559
82 1323 35 18.607
83 375 22 41.608
84 369 32 60.686
85 375 39 68.747
86 1232 47 27.224
87 456 21 32.69
88 400 31 51.856
89 568 46 57.138
90 1300 20 10.829
91 1284 37 20.009
92 646 24 25.241
93 295 13 34.299
94 516 42 58.351
95 351 6 13.555
96 788 26 22.23
97 478 15 22.156
98 700 26 26.653
99 565 9 11.518
100 434 53 87.844
101 598 12 14.174
102 352 26 51.932
103 426 40 65.475
104 1321 24 12.65
105 376 25 50.727
106 336 4 7.83
107 746 34 32.876
108 264 1 2.505
109 251 12 33.541
110 1238 23 12.768
111 741 59 58.738
112 367 29 52.769
113 534 56 70.559
114 978 41 29.802
115 1418 31 15.42
116 533 37 47.542
117 370 33 72.435
118 306 26 65.517
119 455 53 78.874
120 447 40 62.959
121 398 27 48.658
122 501 15 20.892
123 445 26 39.03
124 345 37 70.336
125 450 49 76.457
126 423 31 50.718
127 987 4 2.929
128 1196 14 8.589
129 312 26 63.439
130 680 53 51.345
131 602 2 2.202
132 753 33 31.153
133 276 22 57.614
134 602 36 43.57
135 906 46 34.863
136 496 50 72.61
137 245 16 49.56
138 987 5 3.618
139 316 17 34.855
140 403 36 61.203
