120
1 717 45 14
2 1311 54 55
3 1115 44 32
4 420 41 60
5 1384 57 99
6 336 57 49
7 878 48 29
8 363 1 27
9 852 12 51
10 836 31 58
11 132 28 66
12 1308 34 36
13 438 2 50
14 387 57 34
15 771 46 85
16 356 50 70
17 125 41 80
18 1063 40 39
19 1216 14 33
20 17 39 1
21 823 2 54
22 763 52 93
23 1242 38 80
24 174 33 27
25 351 49 26
26 1367 7 42
27 82 8 77
28 311 17 25
29 45 17 18
30 684 20 42
31 821 52 1
32 714 18 60
33 1367 20 60
34 629 19 46
35 761 19 30
36 307 30 76
37 1387 28 94
38 644 58 25
39 416 3 40
40 1385 30 18
41 1300 12 34
42 737 6 14
43 1287 50 40
44 1184 59 78
45 876 16 92
46 4 21 10
47 1436 36 46
48 1299 54 34
49 1072 1 72
50 189 17 57
51 972 33 87
52 859 42 15
53 1169 52 19
54 1105 54 58
55 834 16 71
56 1210 37 7
57 472 47 99
58 218 31 15
59 106 13 46
60 1207 19 1
61 514 1 84
62 598 15 89
63 1070 49 86
64 164 26 61
65 1039 12 53
66 1354 27 56
67 75 56 51
68 506 8 95
69 1427 17 53
70 130 28 14
71 457 44 62
72 1359 51 74
73 324 17 89
74 319 26 72
75 950 4 98
76 441 44 88
77 1207 22 60
78 638 6 48
79 163 49 47
80 339 39 91
81 130 14 79
82 1422 36 88
83 1186 32 13
84 1336 59 60
85 466 17 11
86 968 5 74
87 1419 15 77
88 943 46 40
89 404 4 18
90 1015 5 38
91 336 3 14
92 97 31 88
93 1258 23 69
94 912 31 70
95 131 35 60
96 807 45 91
97 426 13 17
98 706 26 65
99 911 46 26
100 1031 16 7
101 1037 51 28
102 1125 32 19
103 462 45 8
104 139 31 5
105 724 56 60
106 334 29 30
107 41 5 22
108 329 50 43
109 4 58 92
110 1240 31 84
111 60 8 5
112 1301 20 86
113 271 37 75
114 850 29 17
115 76 53 9
116 804 9 40
117 804 20 90
118 908 30 96
119 1332 2 57
120 737 52 95
