120
1 733 54 6
2 771 47 47
3 884 43 5
4 1177 29 36
5 1006 23 49
6 1261 41 17
7 1043 26 7
8 1336 44 64
9 12 5 83
10 844 48 23
11 454 39 33
12 445 19 3
13 777 59 48
14 1103 26 72
15 676 14 31
16 1286 13 56
17 1313 18 21
18 1181 14 7
19 214 46 4
20 290 56 47
21 1199 11 94
22 1358 38 85
23 442 29 76
24 1291 55 71
25 812 43 33
26 518 33 1
27 389 16 88
28 642 42 40
29 1058 51 2
30 456 17 28
31 1148 29 98
32 639 53 23
33 1437 17 39
34 828 20 23
35 975 42 17
36 571 25 49
37 303 56 16
38 46 9 52
39 1380 11 19
40 456 22 16
41 178 51 44
42 906 3 47
43 107 22 3
44 411 28 14
45 894 52 60
46 688 58 82
47 748 38 20
48 727 32 78
49 1275 45 91
50 925 57 89
51 559 42 76
52 986 10 77
53 430 20 74
54 67 12 33
55 445 36 96
56 1290 46 71
57 966 50 46
58 942 55 87
59 1135 46 50
60 226 38 47
61 633 41 51
62 116 2 2
63 223 27 49
64 65 60 91
65 864 7 68
66 456 54 87
67 867 30 11
68 332 10 23
69 497 48 96
70 1388 13 13
71 858 40 48
72 543 41 15
73 915 15 68
74 1304 48 38
75 1246 16 65
76 519 1 52
77 843 10 46
78 458 5 74
79 334 54 12
80 128 33 40
81 691 60 48
82 890 28 31
83 886 3 76
84 1407 17 92
85 817 53 90
86 1392 17 41
87 215 38 67
88 238 16 48
89 1110 7 96
90 1311 30 27
91 743 58 91
92 377 3 91
93 145 3 11
94 348 37 61
95 636 19 24
96 813 29 42
97 1064 9 49
98 1410 29 46
99 1189 25 26
100 199 47 99
101 140 14 11
102 57 24 67
103 1243 2 56
104 599 35 16
105 497 19 57
106 1218 25 33
107 1428 60 28
108 301 29 66
109 341 18 92
110 276 3 57
111 395 25 97
112 158 33 55
113 272 48 66
114 1251 12 36
115 180 27 2
116 793 3 75
117 1293 32 40
118 1341 33 18
119 249 60 65
120 372 6 88
