150
1 594 14 76
2 617 31 4
3 504 50 33
4 795 35 62
5 361 60 2
6 340 54 75
7 1000 6 16
8 264 19 63
9 1213 12 4
10 947 57 79
11 667 41 99
12 1017 41 93
13 835 12 31
14 705 2 27
15 367 36 60
16 1205 4 36
17 1294 23 61
18 703 60 78
19 811 23 55
20 219 24 72
21 1376 24 49
22 1335 39 77
23 1200 35 77
24 1162 44 7
25 787 42 65
26 1224 22 48
27 604 12 75
28 570 36 38
29 460 43 45
30 995 45 69
31 946 16 11
32 1436 31 67
33 485 28 6
34 19 5 71
35 63 54 93
36 699 33 54
37 1334 44 30
38 1166 23 58
39 1296 59 90
40 629 55 47
41 419 42 39
42 1151 14 13
43 1207 52 32
44 278 19 88
45 1103 42 99
46 1263 46 27
47 927 34 77
48 1130 43 94
49 598 42 99
50 1222 42 2
51 1147 25 45
52 910 25 87
53 1407 50 16
54 447 26 34
55 963 14 84
56 477 58 82
57 392 7 45
58 1403 34 40
59 1229 47 80
60 468 21 84
61 957 57 20
62 645 16 76
63 1311 16 15
64 1359 23 63
65 983 60 6
66 1088 38 8
67 675 43 51
68 1037 10 84
69 562 15 52
70 598 27 11
71 1041 38 81
72 1350 4 41
73 208 14 22
74 222 15 24
75 1096 45 13
76 486 26 71
77 443 27 28
78 951 8 59
79 362 17 56
80 381 31 41
81 921 23 13
82 1088 49 82
83 534 8 33
84 978 11 90
85 161 27 38
86 1106 26 84
87 1328 16 85
88 1203 41 8
89 471 59 27
90 163 28 76
91 1166 60 51
92 96 11 94
93 1126 59 31
94 1284 59 53
95 1416 35 40
96 51 38 54
97 487 9 26
98 478 9 77
99 1210 9 55
100 785 20 10
101 1001 40 87
102 1265 32 62
103 1028 55 39
104 619 34 62
105 223 2 58
106 956 20 58
107 142 27 11
108 1096 30 57
109 750 41 53
110 991 45 34
111 157 12 91
112 251 16 33
113 1303 40 37
114 919 6 45
115 467 35 25
116 495 35 54
117 215 1 59
118 74 55 95
119 1012 9 81
120 193 51 68
121 840 59 92
122 415 58 76
123 828 39 48
124 1422 59 59
125 1045 55 57
126 1365 3 78
127 74 55 9
128 788 34 1
129 572 47 93
130 928 40 68
131 298 57 10
132 1101 31 37
133 1239 24 51
134 799 9 96
135 965 55 1
136 806 1 84
137 134 53 61
138 948 29 1
139 1306 40 10
140 651 59 14
141 697 53 57
142 9 40 56
143 982 34 49
144 279 29 16
145 1365 39 9
146 489 58 16
147 578 32 89
148 1131 26 49
149 872 31 92
150 545 25 61
