125
1 742 36 35.465
2 836 32 30.776
3 126 24 93.383
4 54 48 96.672
5 637 44 23.495
6 358 54 75.809
7 111 19 79.46
8 1023 60 77.788
9 154 18 31.08
10 845 1 20.221
11 1430 16 93.254
12 875 40 48.121
13 627 3 65.487
14 427 26 20.393
15 566 38 83.913
16 1099 3 40.503
17 1147 6 11.761
18 747 57 82.999
19 568 57 68.898
20 796 31 4.953
21 662 35 42.961
22 1363 49 15.695
23 616 44 47.877
24 652 50 71.728
25 481 33 64.485
26 743 6 26.232
27 1338 19 8.541
28 625 4 45.165
29 716 57 86.587
30 746 19 24.563
31 290 25 50.073
32 270 27 52.779
33 159 41 83.043
34 1241 48 22.408
35 581 8 53.97
36 854 44 51.604
37 290 55 34.983
38 1257 59 64.215
39 1168 20 95.506
40 659 47 87.797
41 483 44 36.677
42 1280 47 90.789
43 288 55 64.908
44 1074 2 41.545
45 1435 7 0.831
46 1260 1 70.136
47 67 19 94.119
48 921 45 89.671
49 33 15 88.049
50 322 6 48.473
51 846 1 67.322
52 1147 35 42.473
53 128 29 13.075
54 891 50 93.463
55 795 35 86.999
56 916 12 75.912
57 993 56 88.043
58 610 53 87.685
59 857 11 68.295
60 194 18 94.039
61 467 32 25.03
62 1037 3 36.634
63 1157 10 40.367
64 451 14 65.487
65 1134 41 66.075
66 532 45 97.923
67 403 33 22.267
68 223 37 69.24
69 935 34 31.579
70 1021 4 53.897
71 157 25 41.738
72 905 48 20.177
73 572 54 39.636
74 773 18 61.054
75 1432 46 27.662
76 896 46 50.482
77 1187 32 28.673
78 131 26 23.099
79 134 42 44.852
80 209 5 57.965
81 1201 24 27.043
82 503 42 92.571
83 1155 7 72.932
84 1205 22 52.634
85 254 9 85.977
86 399 3 95.461
87 1035 49 61.902
88 832 38 56.33
89 289 49 88.219
90 475 10 68.049
91 144 9 45.349
92 1002 46 77.669
93 461 37 89.984
94 1089 24 90.414
95 901 47 72.617
96 321 1 75.185
97 691 36 33.772
98 73 17 8.127
99 389 10 48.643
100 1209 16 8.918
101 106 43 83.209
102 783 35 22.684
103 759 20 39.322
104 736 40 56.25
105 560 27 49.394
106 786 9 12.423
107 793 27 65.497
108 595 33 23.886
109 623 2 58.79
110 1255 38 13.265
111 55 17 96.443
112 650 44 79.874
113 441 43 56.081
114 641 6 61.76
115 1248 18 86.989
116 730 26 89.744
117 374 34 82.441
118 685 25 89.42
119 1170 32 73.159
120 919 25 12.658
121 1309 47 44.218
122 42 35 17.422
123 798 14 84.472
124 406 5 74.765
125 583 43 41.795