150
1 34 41 58
2 380 10 62
3 651 3 54
4 189 3 86
5 660 24 12
6 576 15 63
7 1283 55 14
8 973 6 85
9 937 42 82
10 1431 1 54
11 952 3 44
12 185 57 78
13 1343 30 34
14 1040 5 50
15 968 52 25
16 1386 35 29
17 128 42 37
18 941 5 56
19 570 7 56
20 836 1 18
21 170 38 86
22 1172 59 99
23 247 13 58
24 1325 26 31
25 388 10 59
26 904 3 24
27 1252 28 82
28 202 32 82
29 845 4 9
30 793 25 21
31 888 53 94
32 659 56 34
33 279 29 99
34 1309 43 36
35 1132 36 92
36 1268 30 5
37 57 8 41
38 1357 14 7
39 800 54 31
40 1186 26 38
41 707 18 40
42 149 1 27
43 98 12 69
44 1340 36 85
45 947 53 11
46 895 32 97
47 1272 42 40
48 9 2 33
49 1181 28 50
50 773 57 27
51 150 30 26
52 1126 10 82
53 1026 25 9
54 63 24 71
55 687 55 28
56 59 17 73
57 938 16 38
58 913 22 37
59 195 29 79
60 1200 53 3
61 679 24 2
62 1236 19 14
63 1336 49 48
64 203 18 90
65 744 54 62
66 40 3 53
67 689 3 82
68 110 58 83
69 1328 35 52
70 895 45 80
71 316 54 58
72 1232 51 35
73 828 48 40
74 707 44 94
75 1248 30 61
76 613 22 65
77 1417 50 30
78 472 3 91
79 887 38 7
80 1099 60 25
81 1381 8 43
82 1213 16 64
83 1222 51 56
84 537 22 73
85 505 51 65
86 760 2 67
87 976 55 6
88 37 32 8
89 1037 27 61
90 946 57 75
91 374 47 6
92 1395 16 59
93 1302 23 97
94 507 20 67
95 1416 33 72
96 1276 38 68
97 197 37 53
98 725 34 84
99 872 59 27
100 1387 32 60
101 1393 60 34
102 1168 12 51
103 272 16 31
104 914 57 81
105 41 18 62
106 734 24 76
107 943 41 86
108 682 60 34
109 759 23 57
110 812 33 95
111 838 4 12
112 947 23 5
113 1311 43 45
114 512 5 20
115 441 9 14
116 272 22 45
117 9 46 74
118 1179 1 37
119 253 48 6
120 145 28 31
121 581 3 97
122 660 8 88
123 691 31 9
124 474 6 9
125 870 59 57
126 936 37 43
127 623 47 74
128 1062 4 36
129 325 38 96
130 718 38 32
131 1016 15 24
132 831 35 26
133 624 18 11
134 831 18 27
135 1247 42 29
136 391 45 29
137 794 13 79
138 970 10 22
139 863 50 26
140 834 55 93
141 205 14 52
142 682 53 69
143 862 16 2
144 674 55 60
145 108 28 46
146 434 41 41
147 673 37 63
148 547 9 54
149 1298 34 35
150 587 30 91
