122
1 488 21 77
2 579 43 83
3 1224 51 46
4 1001 13 46
5 31 7 45
6 381 24 1
7 1021 42 47
8 138 48 85
9 587 11 92
10 824 33 44
11 851 5 27
12 357 24 36
13 519 56 47
14 1289 10 4
15 135 45 40
16 1073 6 35
17 1176 54 51
18 859 50 54
19 195 37 49
20 1221 51 3
21 1141 25 31
22 651 54 73
23 1393 2 67
24 755 32 77
25 321 27 73
26 822 33 21
27 204 45 25
28 771 12 68
29 58 30 33
30 1245 10 56
31 778 36 79
32 1124 3 27
33 1180 6 10
34 393 49 59
35 704 58 32
36 658 52 72
37 931 25 49
38 1026 44 94
39 145 29 71
40 445 7 73
41 1150 57 25
42 1219 19 80
43 396 7 4
44 285 48 71
45 501 42 33
46 834 8 51
47 461 53 29
48 1103 19 5
49 755 53 4
50 249 56 43
51 777 8 31
52 1207 32 39
53 711 17 85
54 114 57 81
55 1042 44 58
56 1036 24 79
57 5 21 30
58 44 11 98
59 409 47 57
60 165 17 57
61 134 1 83
62 435 38 34
63 1419 55 29
64 290 13 49
65 1046 32 55
66 81 35 38
67 782 46 92
68 774 10 32
69 1339 52 21
70 1165 47 2
71 1346 44 63
72 101 23 45
73 1307 54 22
74 807 29 89
75 1079 9 67
76 647 47 13
77 221 22 2
78 153 16 92
79 1288 20 5
80 75 6 47
81 859 14 76
82 1326 41 96
83 662 8 23
84 1405 47 35
85 621 44 63
86 154 44 24
87 210 10 4
88 142 60 80
89 566 19 87
90 1180 35 45
91 691 50 66
92 1020 28 22
93 1309 28 2
94 316 39 27
95 162 46 11
96 569 27 97
97 132 20 42
98 585 24 35
99 295 43 69
100 1139 37 69
101 953 51 71
102 1179 29 38
103 345 30 99
104 375 27 12
105 1020 51 83
106 235 57 58
107 822 35 58
108 667 50 20
109 175 43 2
110 518 37 28
111 543 21 93
112 520 46 12
113 1120 27 68
114 1227 15 66
115 1326 36 55
116 963 9 37
117 926 36 52
118 907 14 91
119 370 34 74
120 175 24 89
121 39 15 20
122 894 56 36
