116
1 1278 44 67
2 1326 1 63
3 1431 28 28
4 292 46 57
5 1044 20 9
6 64 5 81
7 882 31 94
8 242 46 86
9 391 12 86
10 1421 25 81
11 697 34 51
12 1204 16 59
13 1219 58 36
14 38 58 90
15 935 48 5
16 15 23 11
17 1263 39 67
18 943 41 13
19 22 29 20
20 1210 22 88
21 559 25 51
22 760 3 73
23 274 45 46
24 743 21 18
25 1304 16 30
26 487 34 57
27 1193 13 85
28 1088 1 91
29 482 26 38
30 736 20 74
31 458 17 25
32 1021 40 84
33 167 54 1
34 901 1 69
35 667 22 28
36 1259 36 10
37 109 2 68
38 168 6 88
39 147 56 75
40 1421 58 18
41 1085 32 39
42 51 54 70
43 917 3 12
44 817 12 67
45 468 60 9
46 1377 28 26
47 1046 10 81
48 220 54 46
49 1056 59 19
50 965 17 85
51 417 45 20
52 279 34 74
53 172 44 6
54 1246 57 46
55 1281 3 89
56 1257 36 3
57 216 59 55
58 719 37 56
59 562 23 1
60 492 13 93
61 949 23 54
62 312 32 32
63 428 56 66
64 136 3 90
65 189 27 76
66 273 33 63
67 1024 33 73
68 919 11 71
69 477 50 92
70 361 6 20
71 1110 58 59
72 1035 15 9
73 640 45 45
74 1013 41 43
75 720 24 6
76 1074 48 63
77 1198 48 28
78 1363 59 70
79 1425 15 36
80 248 59 67
81 62 1 60
82 415 3 12
83 1412 36 46
84 358 51 99
85 1252 24 49
86 77 14 54
87 606 51 65
88 620 26 71
89 558 26 98
90 1425 47 52
91 490 32 47
92 910 48 33
93 506 58 36
94 1306 3 38
95 480 45 46
96 1276 23 17
97 1372 25 73
98 99 6 79
99 646 48 96
100 166 42 93
101 689 51 97
102 165 25 63
103 621 57 94
104 806 34 72
105 938 52 56
106 1144 4 25
107 501 54 71
108 298 30 50
109 1091 57 11
110 65 38 3
111 1357 37 64
112 339 40 34
113 944 60 27
114 331 29 72
115 285 28 22
116 921 39 91
