150
1 1433 37 84
2 548 39 73
3 376 24 51
4 403 54 66
5 223 7 22
6 779 54 83
7 1025 55 92
8 708 46 42
9 763 10 71
10 995 36 9
11 1178 19 58
12 565 45 51
13 608 20 51
14 263 49 17
15 149 36 31
16 620 7 51
17 38 10 54
18 533 47 96
19 1062 49 69
20 945 52 88
21 293 44 67
22 614 59 59
23 144 14 6
24 556 32 64
25 545 49 94
26 504 32 15
27 1391 5 49
28 1213 53 90
29 1264 27 40
30 1020 11 31
31 1265 57 79
32 736 46 94
33 933 28 97
34 300 60 83
35 866 40 5
36 1082 50 64
37 977 58 24
38 958 19 6
39 693 54 11
40 628 48 92
41 1267 60 90
42 41 39 18
43 1113 20 5
44 4 1 66
45 282 24 36
46 214 7 82
47 947 60 59
48 201 48 47
49 1275 45 17
50 433 37 42
51 494 53 43
52 832 59 58
53 272 14 35
54 1398 47 91
55 511 46 61
56 967 33 16
57 743 11 30
58 901 14 60
59 697 59 9
60 775 10 59
61 1076 47 41
62 461 28 84
63 1140 32 25
64 641 13 66
65 1427 19 12
66 196 45 7
67 418 8 67
68 171 46 61
69 415 52 84
70 275 15 42
71 746 3 3
72 338 49 23
73 311 19 72
74 923 28 24
75 566 12 76
76 955 32 26
77 485 49 2
78 768 4 90
79 260 48 17
80 525 37 42
81 302 14 28
82 343 60 90
83 1091 15 27
84 528 55 11
85 346 32 37
86 294 7 54
87 356 57 70
88 1269 38 59
89 793 15 52
90 1113 57 3
91 760 17 77
92 1376 55 4
93 690 26 75
94 404 22 71
95 383 1 37
96 211 26 86
97 622 28 67
98 558 22 85
99 452 8 25
100 418 29 55
101 554 39 4
102 474 50 10
103 590 45 65
104 907 37 63
105 712 2 85
106 1091 35 70
107 531 34 15
108 996 46 21
109 531 53 47
110 4 2 2
111 951 1 74
112 1438 41 2
113 1051 38 96
114 580 16 22
115 838 1 34
116 178 4 96
117 1270 46 58
118 242 1 98
119 933 11 63
120 483 14 4
121 1211 13 32
122 1157 39 48
123 1234 48 31
124 397 13 49
125 913 38 71
126 473 30 29
127 711 8 32
128 412 4 63
129 1081 20 62
130 85 9 36
131 537 34 49
132 58 45 12
133 1070 52 28
134 594 11 97
135 457 59 53
136 843 2 97
137 260 50 64
138 1402 12 15
139 292 24 45
140 693 23 72
141 484 27 94
142 1143 38 1
143 853 1 25
144 1326 16 24
145 537 48 27
146 433 51 92
147 1296 50 48
148 626 57 12
149 631 46 80
150 23 1 13