112
1 137 18 80
2 1147 42 3
3 1129 33 65
4 867 56 30
5 432 2 86
6 354 22 16
7 1200 2 52
8 1362 58 22
9 1283 21 2
10 488 40 76
11 634 16 67
12 1254 17 18
13 870 9 10
14 1431 5 47
15 141 11 82
16 970 13 47
17 157 4 24
18 763 53 49
19 951 33 48
20 652 9 59
21 1183 40 40
22 1289 32 29
23 124 44 3
24 1175 9 71
25 1085 15 22
26 583 22 74
27 585 16 47
28 320 18 50
29 480 11 22
30 1336 30 10
31 1281 15 24
32 917 41 95
33 823 35 63
34 964 38 82
35 286 11 6
36 1311 11 64
37 242 39 98
38 111 15 71
39 103 14 70
40 415 16 14
41 987 37 33
42 729 29 41
43 197 3 5
44 471 42 81
45 457 38 30
46 927 41 19
47 674 27 95
48 683 14 31
49 637 18 92
50 1233 49 58
51 925 17 64
52 712 27 74
53 324 4 27
54 1273 42 99
55 918 2 37
56 997 52 3
57 3 38 9
58 178 6 35
59 648 47 53
60 638 39 5
61 764 55 71
62 1006 3 81
63 534 11 44
64 69 35 81
65 391 14 32
66 929 15 29
67 1280 14 77
68 1249 8 62
69 860 42 16
70 1330 9 20
71 1362 14 70
72 722 49 22
73 306 55 53
74 206 34 97
75 1072 48 79
76 890 33 55
77 719 38 45
78 842 12 27
79 612 23 72
80 699 47 30
81 572 1 25
82 1102 6 30
83 286 43 28
84 194 48 4
85 224 57 38
86 811 37 33
87 31 27 42
88 303 8 22
89 13 7 9
90 582 33 31
91 1065 28 11
92 1056 6 42
93 996 30 30
94 214 24 58
95 247 17 73
96 919 30 49
97 839 22 57
98 165 13 54
99 986 54 42
100 230 48 23
101 1136 29 36
102 16 16 52
103 1190 22 41
104 1334 17 16
105 1390 38 20
106 974 38 84
107 893 11 53
108 142 14 66
109 1037 41 77
110 686 42 63
111 844 48 26
112 655 49 22
