150
1 392 24 75.856
2 1010 34 85.043
3 827 35 66.572
4 352 33 72.635
5 1392 1 64.404
6 1378 46 66.537
7 201 39 64.107
8 734 26 38.278
9 807 44 2.204
10 1358 36 96.46
11 1383 47 35.155
12 834 59 66.411
13 623 58 75.379
14 799 25 41.581
15 400 34 1.531
16 521 31 16.5
17 756 29 3.791
18 1255 40 89.754
19 983 6 43.186
20 282 46 98.945
21 239 23 40.929
22 226 56 16.734
23 858 51 31.797
24 718 37 54.81
25 951 47 16.557
26 268 15 46.134
27 1331 29 82.249
28 84 1 64.956
29 694 26 44.553
30 1140 23 42.756
31 145 11 60.347
32 388 34 46.122
33 438 42 75.313
34 835 17 19.533
35 1354 45 76.607
36 1101 28 44.025
37 1085 26 81.359
38 1205 40 72.225
39 932 42 10.338
40 752 52 2.199
41 10 9 10.028
42 880 57 86.98
43 136 21 0.705
44 1381 36 84.437
45 731 44 50.718
46 50 37 54.293
47 1082 25 87.803
48 453 37 41.485
49 1281 59 4.833
50 173 16 2.266
51 1031 14 34.405
52 117 5 17.733
53 953 1 38.35
54 1378 43 20.106
55 414 42 5.954
56 1439 32 13.884
57 12 35 26.077
58 1261 23 39.997
59 92 33 59.897
60 966 30 33.098
61 1058 58 66.191
62 583 18 29.703
63 790 4 70.83
64 1225 4 92.961
65 155 37 96.317
66 1104 20 47.69
67 429 16 42.288
68 1019 16 84.148
69 996 3 28.846
70 687 49 36.177
71 1093 35 19.869
72 807 23 40.901
73 530 29 56.412
74 1161 33 83.163
75 796 53 71.896
76 1099 53 89.015
77 981 55 56.353
78 1218 29 73.05
79 1096 44 41.728
80 317 50 76.976
81 519 21 62.289
82 900 51 2.866
83 229 45 8.467
84 714 37 14.262
85 1061 52 95.604
86 1440 15 47.573
87 1226 48 43.919
88 456 25 32.11
89 517 10 17.702
90 1254 31 45.202
91 53 30 61.244
92 421 52 97.329
93 148 19 82.124
94 1176 58 68.409
95 661 9 63.177
96 1207 2 95.594
97 909 57 91.985
98 889 47 19.446
99 786 27 19.196
100 1051 57 50.557
101 5 40 14.986
102 15 10 62.031
103 294 37 92.633
104 240 40 36.355
105 317 7 38.175
106 1119 18 36.098
107 387 11 44.076
108 905 1 98.54
109 967 19 35.797
110 846 6 95.208
111 462 44 91.031
112 847 57 75.857
113 872 25 86.127
114 512 25 75.916
115 1290 6 57.902
116 493 17 18.108
117 883 6 10.536
118 636 31 19.695
119 50 3 56.004
120 517 40 91.762
121 507 44 4.79
122 1296 54 77.509
123 400 24 16.886
124 1314 40 50.363
125 297 28 15.032
126 414 55 11.12
127 867 53 36.01
128 179 21 1.657
129 381 44 54.585
130 255 29 69.547
131 696 2 30.857
132 1296 46 98.354
133 444 38 34.164
134 790 35 69.419
135 31 4 20.651
136 592 36 72.65
137 486 49 0.425
138 945 27 72.026
139 26 20 20.575
140 279 23 80.153
141 801 20 11.585
142 1148 35 73.507
143 601 14 83.817
144 652 50 69.85
145 1188 48 48.746
146 735 25 87.132
147 750 50 15.635
148 790 40 48.497
149 573 59 17.753
150 1235 26 0.625