150
1 381 41 85.01
2 620 27 89.58
3 965 55 16.38
4 285 28 51.25
5 536 10 3.62
6 35 56 93.28
7 147 55 31.97
8 1077 18 83.35
9 847 21 35.43
10 847 44 23.17
11 1163 3 63.53
12 1313 29 96.65
13 333 34 85.72
14 1291 17 51.89
15 1124 3 21.92
16 553 21 68.09
17 1420 57 66.6
18 1023 30 88.61
19 944 30 91.51
20 1392 51 78.44
21 40 5 62.94
22 423 27 32.39
23 143 13 93.87
24 80 12 45.63
25 720 33 81.01
26 141 54 47.07
27 689 30 2.31
28 1200 6 62.77
29 1062 60 68.92
30 1295 44 65.89
31 166 12 1.61
32 1149 49 28.87
33 1354 19 25.5
34 569 11 42.96
35 1179 30 61.44
36 1095 57 20.83
37 103 47 2.49
38 220 25 87.23
39 1434 9 67.77
40 1049 23 75.44
41 598 37 85.0
42 899 22 11.88
43 1037 37 58.13
44 106 32 15.2
45 720 55 59.19
46 698 38 72.4
47 374 56 69.4
48 1022 54 48.71
49 237 31 53.95
50 536 32 9.67
51 33 11 86.58
52 665 40 22.16
53 1295 42 74.2
54 487 39 89.49
55 1259 17 45.14
56 1183 50 85.38
57 52 51 94.38
58 362 56 31.83
59 846 59 34.88
60 551 39 45.76
61 940 6 74.44
62 810 26 85.68
63 685 42 66.43
64 1224 18 35.17
65 897 30 57.89
66 981 26 84.08
67 744 22 21.28
68 1303 58 92.13
69 30 38 99.77
70 1266 27 69.41
71 883 56 12.87
72 357 20 71.66
73 52 26 62.48
74 686 4 80.1
75 380 24 6.49
76 1332 41 76.38
77 914 19 50.26
78 417 42 71.43
79 671 9 70.7
80 660 55 43.01
81 886 40 34.63
82 536 43 44.52
83 700 24 79.14
84 435 32 73.14
85 1082 21 52.86
86 813 49 61.36
87 246 2 50.04
88 1334 35 38.03
89 548 48 17.44
90 22 30 13.25
91 567 42 23.39
92 1271 49 80.47
93 686 16 27.94
94 890 13 29.38
95 1387 3 63.55
96 604 38 30.56
97 449 30 90.12
98 148 54 23.15
99 1376 37 5.2
100 1239 39 64.18
101 1073 58 67.18
102 353 54 19.97
103 110 49 13.27
104 339 36 97.11
105 1360 29 58.45
106 1181 25 50.13
107 1378 17 14.97
108 1003 36 80.27
109 380 6 5.52
110 1313 10 15.44
111 576 9 10.85
112 364 10 58.9
113 146 48 68.19
114 302 29 1.32
115 1297 49 92.51
116 1052 35 57.29
117 753 12 65.93
118 712 8 97.46
119 1397 37 38.05
120 697 5 19.25
121 383 44 7.62
122 1323 6 75.76
123 735 38 55.54
124 1006 3 79.92
125 991 17 10.11
126 203 56 38.32
127 185 9 7.94
128 950 59 0.13
129 455 22 51.43
130 746 51 27.59
131 598 29 26.8
132 941 44 29.76
133 1196 59 13.42
134 263 57 65.6
135 1299 55 28.7
136 959 57 68.0
137 405 37 56.88
138 917 35 22.58
139 377 50 14.25
140 1395 40 51.56
141 1068 2 25.72
142 360 47 69.04
143 1264 5 79.58
144 395 31 44.5
145 195 30 80.45
146 158 38 87.48
147 270 4 22.69
148 365 25 74.85
149 894 57 75.03
150 1080 4 93.96