119
1 488 58 67
2 1203 14 33
3 433 20 59
4 59 13 86
5 396 44 8
6 828 7 69
7 1212 17 43
8 669 23 9
9 1316 6 38
10 474 10 58
11 1124 46 1
12 999 38 41
13 1333 47 91
14 445 51 12
15 748 54 26
16 73 49 65
17 897 23 59
18 1279 21 6
19 662 53 73
20 383 49 31
21 168 36 90
22 554 28 46
23 916 55 45
24 197 52 46
25 894 56 53
26 531 6 3
27 1153 2 10
28 406 53 96
29 724 29 5
30 1 15 31
31 171 2 18
32 86 48 96
33 873 2 91
34 553 20 94
35 375 10 68
36 356 27 51
37 203 41 83
38 1303 14 4
39 682 40 17
40 466 31 69
41 159 21 83
42 1295 38 34
43 431 46 38
44 1251 54 69
45 1073 45 81
46 1004 16 90
47 630 39 78
48 1331 21 20
49 1440 20 12
50 981 36 52
51 63 28 81
52 531 38 44
53 1089 47 41
54 679 57 11
55 1353 29 87
56 1051 31 98
57 911 9 28
58 1373 3 83
59 379 6 39
60 110 45 18
61 1360 31 23
62 264 3 22
63 431 2 96
64 803 16 7
65 571 48 46
66 752 27 27
67 150 54 79
68 939 43 82
69 1417 18 23
70 349 57 57
71 713 9 56
72 1293 59 28
73 1411 54 55
74 848 23 11
75 1182 27 53
76 63 1 71
77 1044 43 29
78 1333 28 82
79 722 23 45
80 126 28 26
81 824 9 35
82 611 5 93
83 1179 44 50
84 814 32 93
85 485 19 13
86 402 14 89
87 1214 47 83
88 191 38 11
89 1048 54 66
90 1118 39 64
91 683 41 94
92 368 39 98
93 691 31 34
94 1424 52 77
95 1189 47 19
96 1037 18 84
97 911 60 75
98 990 21 9
99 1218 60 16
100 252 58 56
101 176 58 80
102 1014 57 30
103 646 59 79
104 509 51 17
105 683 16 27
106 520 17 2
107 483 17 20
108 608 16 57
109 945 59 43
110 327 20 64
111 611 21 87
112 849 13 3
113 5 43 79
114 1283 49 2
115 1101 22 38
116 324 19 96
117 19 15 20
118 357 47 87
119 1301 12 36
