149
1 1030 47 53
2 628 28 89
3 374 39 20
4 1382 52 40
5 1247 34 10
6 52 32 26
7 314 52 11
8 171 49 16
9 1136 17 47
10 1407 22 63
11 152 2 77
12 894 3 9
13 640 32 30
14 959 11 33
15 1123 2 50
16 959 56 41
17 155 12 26
18 1220 39 10
19 123 7 82
20 2 9 64
21 324 20 41
22 259 22 19
23 349 56 39
24 121 17 36
25 1181 58 59
26 1265 12 15
27 97 32 64
28 804 9 19
29 542 41 69
30 976 35 62
31 135 19 67
32 830 12 47
33 748 46 71
34 823 19 44
35 1191 46 58
36 467 11 79
37 856 58 6
38 942 22 29
39 1123 32 47
40 570 16 52
41 892 31 98
42 186 5 9
43 992 8 81
44 781 53 67
45 1059 8 73
46 124 29 66
47 860 16 35
48 644 35 94
49 1311 53 68
50 442 6 42
51 1337 38 25
52 1158 27 62
53 291 44 74
54 636 17 71
55 364 33 61
56 1307 47 74
57 1186 12 35
58 1049 17 89
59 660 34 16
60 1339 55 95
61 1425 24 16
62 385 53 32
63 967 34 25
64 22 54 83
65 1015 5 1
66 591 21 79
67 1078 23 13
68 1290 43 87
69 998 14 40
70 138 51 28
71 149 17 76
72 470 2 31
73 171 2 31
74 473 51 87
75 1397 53 13
76 1344 8 66
77 1190 22 1
78 689 17 50
79 165 39 47
80 733 1 88
81 1369 57 85
82 543 53 15
83 1012 12 34
84 423 9 35
85 1348 23 30
86 23 30 18
87 1057 37 80
88 749 41 87
89 26 58 52
90 397 48 77
91 552 6 2
92 487 57 44
93 22 29 89
94 1181 16 43
95 921 2 72
96 197 49 56
97 650 30 38
98 425 6 91
99 906 33 68
100 573 38 17
101 95 43 55
102 535 23 54
103 1304 42 34
104 1374 51 7
105 886 24 29
106 1416 39 65
107 1268 51 44
108 1177 46 4
109 103 34 42
110 1014 21 68
111 491 12 26
112 1167 43 58
113 1395 46 7
114 86 32 91
115 664 3 87
116 540 2 72
117 1152 4 45
118 1235 47 54
119 1142 54 99
120 213 1 71
121 1029 59 6
122 289 17 21
123 724 30 13
124 1280 3 6
125 1104 47 76
126 1171 10 84
127 1170 14 34
128 680 52 39
129 674 19 74
130 1083 42 60
131 983 44 62
132 466 28 44
133 183 2 51
134 1213 34 89
135 673 46 97
136 978 59 97
137 1185 18 5
138 742 8 41
139 528 47 52
140 1216 40 85
141 1032 1 46
142 744 44 61
143 1245 46 2
144 1143 30 37
145 890 35 2
146 1323 32 64
147 1302 60 41
148 793 9 67
149 600 2 33
