150			
1	47	45	9.136 
2	1095	49	54.521 
3	176	32	53.758 
4	72	4	19.200 
5	119	38	2.863 
6	266	23	66.135 
7	42	7	99.542 
8	1326	39	20.470 
9	447	55	80.305 
10	522	47	77.237 
11	294	57	70.188 
12	861	25	28.508 
13	926	39	48.039 
14	1380	4	77.864 
15	389	6	27.741 
16	657	23	83.071 
17	335	23	78.462 
18	560	8	42.798 
19	874	18	33.716 
20	917	1	65.757 
21	849	18	30.432 
22	383	57	77.727 
23	120	47	78.598 
24	541	2	20.049 
25	440	56	19.416 
26	1212	32	62.237 
27	1214	36	34.102 
28	1309	31	44.107 
29	795	35	78.574 
30	1170	22	37.613 
31	37	22	22.788 
32	88	53	2.919 
33	547	11	36.608 
34	862	3	17.495 
35	445	24	33.966 
36	1365	4	27.814 
37	1439	35	43.419 
38	586	51	49.467 
39	930	60	22.258 
40	758	51	86.490 
41	958	22	86.015 
42	577	58	64.323 
43	759	54	29.755 
44	241	11	22.388 
45	516	58	17.528 
46	1433	55	1.631 
47	774	57	69.103 
48	224	56	86.203 
49	454	38	54.220 
50	1209	36	35.825 
51	666	44	77.759 
52	1198	27	92.872 
53	1060	35	17.982 
54	1014	4	71.018 
55	212	38	6.927 
56	335	59	61.895 
57	1368	52	66.237 
58	960	39	84.030 
59	1419	52	69.606 
60	1098	2	14.688 
61	208	36	56.057 
62	552	33	95.091 
63	1276	51	43.999 
64	1027	27	30.110 
65	220	11	20.076 
66	871	51	48.522 
67	988	12	5.017 
68	1397	31	24.039 
69	412	49	55.254 
70	32	25	48.458 
71	315	38	61.245 
72	1044	57	69.960 
73	1320	18	19.081 
74	308	57	81.557 
75	1384	52	48.710 
76	138	10	69.591 
77	611	34	24.783 
78	531	45	60.392 
79	242	29	78.497 
80	1337	20	46.441 
81	1202	37	46.583 
82	877	11	15.090 
83	961	60	57.313 
84	583	2	10.644 
85	917	35	28.673 
86	385	57	12.045 
87	1402	47	70.614 
88	906	50	15.494 
89	206	57	76.461 
90	596	43	68.302 
91	482	8	81.122 
92	935	4	25.931 
93	484	22	32.152 
94	784	57	16.017 
95	826	36	9.343 
96	49	58	88.144 
97	192	7	22.358 
98	451	31	84.347 
99	205	6	21.099 
100	745	54	9.992 
101	1005	59	99.164 
102	24	30	66.975 
103	221	29	83.437 
104	599	57	26.028 
105	1109	6	59.133 
106	1338	58	59.877 
107	122	44	86.274 
108	718	41	77.428 
109	516	56	75.063 
110	536	26	68.974 
111	1378	40	10.447 
112	892	53	88.264 
113	917	1	14.818 
114	988	57	1.992 
115	1089	2	81.763 
116	373	50	47.070 
117	856	15	30.222 
118	1387	56	90.829 
119	152	6	46.113 
120	1350	5	10.138 
121	1031	6	18.313 
122	194	23	84.307 
123	872	31	26.547 
124	612	18	0.956 
125	891	40	9.344 
126	588	8	51.335 
127	523	34	77.719 
128	327	54	6.221 
129	194	9	21.632 
130	1078	11	75.196 
131	74	25	32.318 
132	1021	53	14.062 
133	1315	53	46.310 
134	1259	57	26.618 
135	1157	46	50.817 
136	1107	11	7.608 
137	699	5	60.438 
138	1197	4	94.697 
139	334	11	85.135 
140	581	45	24.834 
141	291	50	69.115 
142	725	4	7.337 
143	7	50	82.373 
144	181	26	5.393 
145	241	52	7.016 
146	624	49	27.071 
147	347	23	3.107 
148	819	55	75.378 
149	1387	5	84.765 
150	131	4	55.529 
