150
1 1231 46 14.737
2 319 7 72.231
3 157 11 11.351
4 521 55 48.78
5 1280 23 19.574
6 1355 15 65.163
7 708 23 52.176
8 1433 34 36.046
9 1372 25 31.267
10 656 26 89.405
11 1050 56 12.329
12 371 26 68.525
13 416 7 82.28
14 2 37 48.605
15 1122 30 10.638
16 769 45 18.19
17 1341 23 48.825
18 994 9 26.724
19 353 2 0.772
20 656 21 22.598
21 519 53 32.98
22 336 12 50.762
23 300 13 85.864
24 808 27 18.507
25 1225 12 57.173
26 251 19 70.247
27 681 5 0.811
28 299 42 20.072
29 114 32 24.362
30 836 32 12.589
31 1004 52 30.77
32 501 30 46.571
33 622 12 72.312
34 928 20 26.367
35 717 25 75.26
36 1041 35 74.597
37 484 2 16.059
38 237 60 3.335
39 831 39 50.349
40 777 53 59.492
41 534 5 78.513
42 487 16 20.196
43 665 47 81.695
44 971 29 19.631
45 843 22 69.022
46 217 9 4.483
47 1217 38 3.879
48 1274 41 58.583
49 376 29 26.316
50 1293 14 80.773
51 670 19 85.313
52 797 45 35.024
53 21 55 83.595
54 1201 54 95.781
55 745 27 90.819
56 1287 7 99.293
57 583 58 54.211
58 523 15 24.808
59 572 49 12.751
60 1035 33 32.611
61 107 4 89.968
62 1027 42 17.359
63 670 12 56.007
64 815 26 2.544
65 144 57 7.681
66 625 28 46.205
67 438 36 74.374
68 348 49 62.723
69 975 42 20.641
70 937 8 72.143
71 401 16 93.881
72 895 55 39.529
73 234 7 35.043
74 44 43 45.495
75 1380 19 73.223
76 410 48 80.376
77 277 38 85.415
78 958 34 89.896
79 811 52 17.235
80 944 8 75.887
81 1410 3 48.594
82 525 59 59.805
83 309 6 9.365
84 587 34 51.792
85 1243 55 54.65
86 645 5 69.27
87 256 1 34.859
88 1159 25 7.372
89 917 36 53.126
90 1184 16 87.405
91 362 48 65.894
92 1252 8 59.591
93 115 18 95.398
94 729 12 68.926
95 1021 17 73.56
96 1024 42 95.275
97 633 10 76.228
98 766 46 47.689
99 940 2 10.693
100 1132 32 3.919
101 423 56 44.978
102 1257 59 11.277
103 1128 33 78.892
104 302 60 87.533
105 274 11 86.338
106 1001 21 41.585
107 1210 20 35.198
108 1438 13 18.351
109 154 46 56.702
110 315 58 25.868
111 379 46 84.26
112 21 54 75.893
113 64 10 82.421
114 1340 22 95.707
115 1214 5 36.281
116 977 9 99.266
117 917 11 93.372
118 1327 22 94.086
119 576 23 18.783
120 688 31 77.546
121 669 14 54.181
122 918 16 31.564
123 693 38 85.7
124 475 34 10.942
125 67 5 70.424
126 35 27 46.594
127 1327 7 18.306
128 1147 50 52.058
129 1356 41 11.182
130 967 56 54.013
131 1196 13 81.205
132 68 39 8.297
133 109 37 6.314
134 1351 54 2.668
135 53 46 4.857
136 1333 20 31.828
137 495 6 43.279
138 46 10 75.687
139 1205 18 45.746
140 1225 23 87.933
141 277 20 53.228
142 73 47 92.767
143 48 22 66.363
144 1388 29 27.653
145 952 28 11.952
146 319 2 94.401
147 1247 60 36.611
148 136 49 38.857
149 488 11 69.311
150 835 51 47.547
