150
1 969 19 27.801
2 42 18 45.097
3 989 6 32.053
4 1326 25 23.981
5 366 20 30.529
6 1063 27 48.987
7 744 5 35.901
8 317 19 25.897
9 787 23 7.908
10 1035 14 17.651
11 50 14 1.158
12 730 20 42.729
13 1052 21 42.412
14 1208 7 43.826
15 171 21 0.142
16 1101 29 8.73
17 270 5 16.825
18 833 13 44.327
19 918 14 31.808
20 445 5 5.186
21 1425 14 28.974
22 75 10 40.36
23 508 12 48.302
24 105 28 44.096
25 288 12 31.61
26 1148 11 14.446
27 1266 12 44.19
28 814 24 39.879
29 251 18 1.648
30 251 11 4.829
31 966 19 33.017
32 63 5 38.879
33 759 17 15.005
34 1367 24 17.009
35 1229 5 15.592
36 76 23 2.203
37 540 15 18.908
38 175 11 41.66
39 434 14 37.746
40 452 17 20.938
41 702 2 35.603
42 1203 15 1.991
43 138 19 41.003
44 283 23 24.729
45 1212 13 49.321
46 500 26 8.679
47 370 21 44.352
48 703 13 26.091
49 468 29 5.161
50 643 10 35.908
51 77 28 23.113
52 653 8 5.564
53 280 28 5.888
54 572 26 34.557
55 436 10 8.023
56 56 13 37.21
57 422 10 32.061
58 107 24 18.354
59 455 51 73.847
60 374 60 64.924
61 1060 39 57.023
62 1355 32 75.369
63 709 56 65.066
64 661 60 60.415
65 1092 50 82.148
66 470 50 70.255
67 666 38 51.12
68 1071 40 99.25
69 679 50 78.773
70 64 32 80.929
71 354 33 54.745
72 815 41 91.635
73 92 58 92.37
74 580 34 53.699
75 921 38 81.021
76 109 41 82.055
77 1343 47 61.526
78 935 51 91.475
79 802 50 70.852
80 572 50 87.629
81 748 50 89.973
82 874 60 82.164
83 114 48 62.471
84 317 59 63.383
85 173 44 70.867
86 1089 36 75.529
87 141 41 60.017
88 126 34 86.41
89 693 47 98.429
90 712 43 83.671
91 568 31 69.733
92 634 32 64.986
93 912 59 85.816
94 1425 32 75.48
95 1081 35 95.698
96 9 51 53.508
97 576 57 54.447
98 1180 57 84.865
99 1412 57 60.847
100 496 57 86.353
101 956 35 64.524
102 22 46 91.562
103 1080 35 74.03
104 825 45 99.745
105 803 56 57.444
106 1101 56 52.418
107 54 59 92.238
108 398 47 55.105
109 773 42 54.852
110 945 44 99.636
111 984 54 78.81
112 3 41 66.371
113 68 40 92.081
114 741 43 77.745
115 948 56 75.342
116 512 43 98.554
117 1203 53 84.213
118 818 51 34.637
119 707 30 54.204
120 350 37 88.7
121 569 56 4.974
122 1258 31 26.284
123 245 8 14.405
124 815 1 48.302
125 1321 40 98.768
126 412 4 43.13
127 643 34 48.448
128 1103 60 99.983
129 1110 44 47.752
130 1339 47 63.219
131 378 4 5.368
132 920 38 79.053
133 22 56 21.595
134 174 57 77.535
135 203 31 86.888
136 1361 45 46.403
137 556 6 69.078
138 926 4 37.611
139 458 45 68.384
140 595 42 37.409
141 929 42 51.864
142 1334 25 39.119
143 909 42 69.363
144 641 49 95.953
145 1221 25 77.607
146 1425 54 85.534
147 540 57 71.337
148 1285 18 41.724
149 531 11 58.886
150 692 59 14.03
