132
1 845 10 40.773
2 351 58 4.151
3 251 55 77.653
4 1120 2 24.816
5 922 17 20.285
6 928 11 65.824
7 822 16 68.971
8 1019 54 91.035
9 1270 52 53.18
10 1274 36 79.528
11 783 59 95.613
12 684 13 68.893
13 130 36 4.086
14 725 44 53.078
15 185 57 59.113
16 736 5 87.489
17 528 23 79.032
18 1308 3 74.42
19 477 50 10.386
20 257 56 19.829
21 1189 57 6.112
22 650 23 38.158
23 168 46 36.538
24 1225 45 8.291
25 557 31 77.484
26 820 41 65.209
27 320 53 20.366
28 313 49 59.618
29 856 40 23.973
30 22 49 47.151
31 1327 52 55.251
32 380 40 83.878
33 931 35 12.055
34 266 55 2.041
35 1399 15 11.138
36 1003 25 56.388
37 828 5 89.77
38 1371 32 47.851
39 421 49 77.648
40 945 8 94.845
41 345 11 93.083
42 596 47 72.442
43 1440 58 92.157
44 1100 3 47.258
45 691 33 6.738
46 112 7 51.632
47 1356 42 13.387
48 814 52 50.425
49 1078 60 66.788
50 434 58 66.474
51 214 17 71.893
52 747 46 30.217
53 325 7 47.921
54 202 47 86.966
55 205 30 54.568
56 516 35 40.668
57 162 29 87.123
58 163 19 12.45
59 1229 21 77.293
60 1341 58 65.59
61 456 30 91.591
62 1081 58 7.442
63 165 11 77.293
64 78 56 20.467
65 994 4 65.506
66 564 14 44.66
67 1399 46 32.781
68 519 59 75.049
69 563 39 77.009
70 1080 60 37.356
71 1434 15 76.252
72 1062 8 92.554
73 320 30 46.334
74 745 51 94.358
75 464 34 80.931
76 824 35 61.197
77 403 5 78.216
78 1254 23 44.251
79 826 24 73.312
80 469 53 55.895
81 1055 8 99.078
82 499 10 28.831
83 161 36 1.433
84 1021 54 31.115
85 201 46 9.426
86 1207 40 14.241
87 145 42 83.565
88 345 43 56.241
89 522 17 58.542
90 449 1 16.144
91 350 45 40.0
92 842 59 68.469
93 735 42 25.635
94 1017 25 96.699
95 1029 52 76.389
96 1084 53 77.392
97 747 28 75.459
98 100 20 81.802
99 49 27 0.599
100 1208 4 23.802
101 210 21 6.553
102 1048 34 47.949
103 672 14 68.395
104 398 47 98.561
105 374 39 80.578
106 1368 36 59.517
107 1166 21 53.155
108 734 31 32.615
109 1253 14 92.052
110 297 3 73.553
111 21 44 53.003
112 735 45 10.354
113 38 22 88.293
114 869 5 62.071
115 1296 30 97.996
116 1053 56 97.487
117 954 23 87.829
118 1422 31 64.04
119 598 54 54.613
120 580 42 71.142
121 1121 23 56.101
122 1129 41 41.344
123 231 53 59.686
124 1095 37 28.239
125 987 32 17.825
126 889 14 44.097
127 185 35 21.604
128 1247 48 62.466
129 441 34 98.691
130 617 28 21.055
131 326 53 4.247
132 1374 5 33.042
