150
1 102 9 16.183
2 413 3 0.128
3 320 31 90.174
4 155 4 0.808
5 1224 50 91.948
6 595 29 84.925
7 869 59 40.291
8 958 43 76.216
9 285 57 16.53
10 33 58 63.149
11 406 3 23.568
12 869 29 20.802
13 1208 54 9.804
14 30 35 71.199
15 116 11 23.038
16 385 42 42.438
17 1194 34 8.175
18 1118 32 24.713
19 380 2 14.945
20 1326 1 84.075
21 1194 60 43.975
22 806 4 0.704
23 789 45 77.074
24 261 46 54.983
25 197 1 53.317
26 1124 13 93.925
27 372 3 61.439
28 410 59 16.572
29 994 44 88.861
30 1345 29 67.107
31 391 57 27.643
32 1252 26 42.453
33 56 14 3.079
34 379 38 83.3
35 1104 27 34.468
36 1074 27 87.281
37 636 36 39.275
38 1087 16 12.661
39 482 45 53.582
40 894 32 21.316
41 1035 35 7.294
42 623 9 41.067
43 1142 59 29.331
44 528 48 62.981
45 79 55 98.715
46 1058 29 6.958
47 295 7 94.77
48 466 52 75.383
49 573 45 17.085
50 425 43 33.136
51 455 50 23.264
52 925 44 31.858
53 208 5 98.959
54 438 48 84.696
55 461 3 58.712
56 714 37 90.433
57 1028 56 37.011
58 1293 48 88.197
59 730 32 49.998
60 231 6 17.028
61 711 45 82.115
62 1070 45 20.833
63 1287 51 66.443
64 1217 58 22.767
65 303 41 81.497
66 1074 35 68.443
67 176 53 25.239
68 741 53 22.387
69 215 43 99.927
70 1242 58 83.727
71 1096 27 18.609
72 440 32 10.114
73 420 23 97.885
74 1432 18 1.46
75 646 42 69.41
76 552 55 95.696
77 59 57 87.562
78 1308 54 39.379
79 1123 9 74.743
80 1416 20 95.816
81 845 20 8.929
82 509 10 50.492
83 653 22 54.142
84 83 8 87.024
85 271 33 76.875
86 1164 21 39.36
87 241 10 98.556
88 341 43 44.208
89 615 11 74.046
90 388 41 0.297
91 719 52 85.948
92 1058 15 68.594
93 14 38 24.578
94 194 52 61.158
95 931 52 81.745
96 1316 32 63.872
97 1372 11 44.303
98 1068 30 4.735
99 1270 57 64.994
100 1131 46 51.188
101 609 53 56.23
102 235 41 93.903
103 162 36 37.089
104 336 26 50.349
105 642 46 73.636
106 1066 25 89.0
107 919 13 58.979
108 478 17 74.91
109 290 42 86.089
110 177 32 12.703
111 1294 9 16.118
112 312 12 93.989
113 428 37 24.247
114 356 9 25.538
115 701 19 64.932
116 173 50 16.639
117 871 59 14.279
118 1433 44 58.661
119 81 42 72.325
120 860 21 92.848
121 1303 12 92.564
122 105 55 46.772
123 1229 57 25.458
124 732 8 83.567
125 673 16 62.114
126 293 54 64.251
127 895 3 49.891
128 903 30 30.607
129 1066 2 37.396
130 1196 51 37.253
131 75 25 53.374
132 507 37 4.893
133 1093 35 55.356
134 239 2 95.119
135 741 53 85.916
136 690 30 36.687
137 740 14 18.479
138 326 26 49.514
139 1262 48 88.86
140 291 19 62.327
141 618 35 7.856
142 1009 55 82.744
143 1244 3 96.883
144 308 45 52.65
145 1108 11 2.619
146 1389 40 45.91
147 1281 40 96.716
148 733 42 44.39
149 454 23 12.593
150 996 25 79.061
