150
1 1 60 99
2 2 40 79.132
3 3 20 43.232
4 4 10 12.34
5 5 10 12.02
6 6 5 11.1
7 7 3 10.3
8 8 20 42.20
9 30 60 80
10 30 60 70
11 30 60 69
12 30 58 40.2
13 30 58 40.012
14 30 30 20.3
15 30 29 20.3
16 30 28 23
17 30 10 71
18 123 2 51
19 124 2 42.3
20 125 2 13
21 126 3 93
22 127 4 20.3
23 128 2 12
24 129 3 33
25 130 2 25
26 140 1 42.3
27 150 1 3.03
28 150 60 3.9
29 150 50 30
30 150 23 22
31 150 13 32
32 150 2 24
33 150 1 52.3
34 160 13 23
35 170 23 32
36 180 43 30.2
37 190 13 23
38 200 33 52.3
39 210 60 80
40 500 20 33.2
41 510 21 33.232
42 520 22 30.2
43 530 23 30.2
44 540 24 28.1
45 550 25 10.2
46 560 20 8
47 570 60 9.5
48 585 60 10.2
49 910 60 50
50 915 60 34.23
51 920 32 23.321
52 923 13 10.2
53 923 45 23.2
54 923 35 14.543
55 923 26 23.2
56 924 39 40
57 925 20 1
58 927 10 1
59 929 32 1
60 930 1 1
61 940 1 1
62 940 1 2.3
63 940 23 3
64 940 42 3.2
65 941 3 4
66 941 4 3.4
67 942 8 1.2
68 942 12 2.3
69 942 43 2.32
70 942 51 0.02
71 950 2 2.5
72 950 3 2.3
73 950 4 2.2
74 950 3 2.1
75 950 11 0.03
76 950 24 23
77 950 23 13
78 1000 22 40
79 1001 21 32
80 1002 20 53
81 1003 19 32.32
82 1004 18 32.1
83 1005 17 27.8
84 1005 18 12
85 1005 19 13.2
86 1005 20 8.2
87 1005 22 4.234
88 1006 24 5.42
89 1009 25 1.232
90 1010 26 0.032
91 1022 27 0.02
92 1030 38 0.04
93 1031 36 0.08
94 1040 43 0.3
95 1050 54 10
96 1078 12 11.24
97 1079 34 0.03
98 1081 60 0.7
99 1088 60 4
100 1089 60 0.032
101 1089 60 13
102 1089 60 23
103 1096 32 0.001
104 1100 1 0.001
105 1100 23 0.001
106 1100 4 0.001
107 1110 3 1
108 1172 4 0.001
109 1173 5 0.001
110 1174 23 0.001
111 1176 2 0.001
112 1179 32 0.001
113 1180 54 0.001
114 1183 30 20
115 1184 33 30
116 1187 32 24
117 1187 3 32
118 1193 3 17
119 1200 4 2
120 1290 6 40
121 1290 2 43
122 1290 4 42
123 1290 30 52
124 1290 42 32
125 1290 54 22
126 1290 53 23
127 1290 34 12
128 1290 48 0.03
129 1290 49 23
130 1290 32 18
131 1300 23 0.03
132 1300 59 0.03
133 1300 48 0.02
134 1330 48 0.5
135 1360 23 40
136 1389 3 4.5
137 1390 9 0.023
138 1390 3 2.3
139 1400 4 4.0
140 1400 60 32
141 1400 23 8.324
142 1400 53 28
143 1435 23 62
144 1435 14 23.3
145 1435 3 20.3
146 1435 32 21
147 1440 1 1.023
148 1440 10 23.3
149 1440 59 30.23
150 1440 1 0.040