150
1 14 10 55.998
2 426 21 74.351
3 635 39 71.204
4 159 20 27.247
5 410 29 15.302
6 854 11 37.233
7 229 32 32.073
8 551 16 72.407
9 618 32 69.518
10 142 60 56.164
11 837 58 17.67
12 138 45 75.257
13 271 39 24.546
14 359 42 68.497
15 16 57 58.43
16 133 46 26.278
17 842 26 20.966
18 774 2 82.561
19 340 21 64.654
20 578 49 61.129
21 861 16 26.561
22 313 7 18.418
23 123 53 37.242
24 286 23 13.199
25 343 18 46.355
26 542 30 37.145
27 492 54 76.191
28 745 59 16.102
29 439 26 43.27
30 788 26 22.742
31 172 12 49.137
32 853 11 14.745
33 365 1 19.619
34 687 1 26.506
35 911 42 75.851
36 888 50 85.592
37 700 29 80.905
38 890 11 26.596
39 699 27 18.315
40 197 13 76.517
41 166 35 54.275
42 325 12 21.721
43 337 36 67.403
44 310 38 14.646
45 430 39 63.442
46 576 15 40.266
47 664 13 15.082
48 278 21 63.651
49 500 20 87.171
50 203 3 10.99
51 296 13 27.091
52 910 39 41.327
53 284 2 65.067
54 763 27 72.751
55 84 40 78.65
56 244 12 74.157
57 179 48 68.275
58 578 34 87.075
59 792 11 19.303
60 459 53 40.232
61 174 9 48.563
62 347 51 57.867
63 454 13 61.356
64 814 32 73.78
65 265 35 9.454
66 871 36 36.019
67 784 37 16.552
68 213 45 58.23
69 688 15 21.491
70 141 3 75.8
71 75 49 35.035
72 561 11 26.034
73 138 32 48.085
74 626 11 69.55
75 383 3 41.809
76 575 37 74.337
77 645 30 57.173
78 332 54 16.834
79 268 49 14.541
80 110 9 71.778
81 390 1 45.647
82 829 57 47.635
83 816 36 32.512
84 203 38 85.198
85 491 34 22.802
86 177 53 26.809
87 425 25 32.931
88 571 35 61.767
89 585 27 55.532
90 785 4 28.878
91 747 43 81.749
92 257 59 25.966
93 779 4 41.131
94 629 55 70.845
95 917 12 18.493
96 117 40 75.138
97 693 57 28.247
98 478 42 17.903
99 848 21 34.448
100 437 59 34.506
101 536 49 61.283
102 381 6 13.705
103 449 60 8.233
104 261 52 65.556
105 797 30 45.095
106 405 41 58.41
107 682 41 57.385
108 509 52 52.341
109 897 53 26.372
110 178 60 53.122
111 187 14 72.519
112 483 24 68.349
113 24 55 57.326
114 845 12 33.654
115 548 32 13.901
116 254 31 10.366
117 510 22 13.458
118 813 31 32.642
119 281 32 15.864
120 773 34 74.269
121 255 40 22.38
122 78 38 71.25
123 607 51 53.52
124 777 39 88.779
125 366 29 38.293
126 376 9 61.153
127 826 36 39.298
128 839 33 20.262
129 644 50 76.677
130 515 34 65.841
131 264 30 70.67
132 241 31 23.966
133 634 41 55.485
134 176 39 62.011
135 103 23 26.72
136 61 16 17.212
137 824 45 82.636
138 260 43 20.594
139 832 49 35.885
140 174 28 35.844
141 552 43 38.474
142 878 37 78.535
143 382 46 31.949
144 615 42 68.421
145 556 38 60.544
146 893 26 39.47
147 760 35 94.578
148 355 56 48.246
149 711 44 36.018
150 874 27 30.576