139
1 490 46 53.936
2 788 13 1.818
3 165 46 69.293
4 1214 2 49.648
5 823 11 5.801
6 138 18 5.543
7 850 41 9.184
8 58 39 35.942
9 1273 18 51.462
10 95 36 57.211
11 510 60 45.645
12 332 22 4.281
13 677 17 57.979
14 1026 3 65.19
15 282 40 11.659
16 499 54 14.566
17 626 54 59.37
18 1285 4 30.058
19 559 34 95.445
20 1059 50 15.433
21 600 26 29.41
22 1203 59 8.202
23 1173 11 33.453
24 473 33 6.404
25 963 11 42.237
26 1181 27 65.851
27 121 32 42.971
28 1374 39 92.25
29 88 1 0.314
30 146 20 32.002
31 657 27 45.738
32 116 5 24.727
33 429 48 92.846
34 780 2 20.59
35 740 2 42.301
36 1075 58 88.252
37 258 24 44.884
38 1322 45 67.111
39 923 18 21.777
40 1040 36 48.25
41 1038 51 98.792
42 1378 10 59.924
43 96 2 91.747
44 811 1 13.747
45 1295 19 26.767
46 1121 49 40.843
47 794 6 64.311
48 1132 54 21.965
49 1308 34 20.76
50 287 25 80.123
51 212 57 40.878
52 851 11 75.804
53 1188 35 48.897
54 685 43 91.696
55 178 42 91.266
56 186 41 64.89
57 581 42 7.658
58 212 10 75.366
59 1382 32 12.167
60 46 18 64.509
61 1092 11 57.519
62 411 46 89.073
63 239 33 91.97
64 332 32 78.095
65 739 18 19.102
66 803 18 6.21
67 402 17 35.808
68 1415 36 45.753
69 1170 3 52.79
70 143 3 85.226
71 640 45 96.557
72 1079 60 88.439
73 716 8 49.576
74 603 28 15.616
75 725 33 13.578
76 358 7 3.741
77 659 11 99.817
78 447 9 3.701
79 594 8 0.901
80 565 27 90.961
81 34 6 64.275
82 1235 21 64.416
83 1156 18 38.432
84 1108 47 65.753
85 656 8 91.956
86 355 45 93.553
87 828 15 54.896
88 1141 51 88.879
89 1320 49 58.715
90 373 28 4.374
91 481 38 32.598
92 342 37 37.803
93 1074 47 69.121
94 380 25 63.532
95 816 21 27.658
96 308 10 29.508
97 883 31 44.956
98 819 25 92.637
99 842 42 23.572
100 810 8 92.2
101 1370 60 71.647
102 40 5 6.458
103 969 44 55.989
104 463 44 34.209
105 1251 20 98.119
106 485 16 31.322
107 5 11 21.786
108 263 55 52.362
109 702 48 15.549
110 821 13 26.716
111 336 60 7.689
112 221 47 65.115
113 69 1 19.358
114 868 29 57.927
115 954 33 2.271
116 763 27 27.321
117 636 49 74.99
118 1160 33 87.061
119 744 57 40.104
120 963 48 72.639
121 630 49 89.17
122 549 11 86.115
123 761 39 23.014
124 1364 51 28.26
125 1263 12 78.142
126 348 60 38.923
127 542 44 63.464
128 1130 36 94.239
129 583 7 47.561
130 300 1 91.181
131 529 8 95.931
132 1197 35 45.701
133 833 8 7.694
134 1037 56 61.828
135 26 42 87.697
136 1380 25 66.715
137 957 47 57.878
138 1274 35 6.849
139 522 22 17.299
