200
1 434 3 42.847
2 73 45 59.317
3 179 4 63.670
4 1434 2 71.567
5 362 21 92.221
6 1020 24 96.481
7 256 34 40.208
8 1219 55 9.490
9 245 13 4.709
10 1208 46 66.059
11 1404 30 17.996
12 1437 1 87.914
13 146 55 69.703
14 356 52 29.191
15 67 28 32.320
16 350 13 73.634
17 317 44 77.670
18 1340 39 44.505
19 1414 3 63.562
20 482 3 26.537
21 1301 15 10.239
22 8 40 31.063
23 634 54 4.009
24 396 33 11.802
25 30 44 19.997
26 1135 58 57.002
27 842 27 15.214
28 932 49 97.840
29 304 41 63.526
30 1337 6 36.883
31 130 17 78.103
32 986 47 43.013
33 837 52 39.140
34 574 50 1.580
35 362 12 42.110
36 22 35 15.922
37 778 33 85.890
38 586 25 43.857
39 580 30 40.665
40 1333 37 86.812
41 288 12 96.027
42 1345 9 3.912
43 110 13 17.904
44 352 36 36.885
45 681 50 30.090
46 425 47 31.641
47 1289 38 99.260
48 828 29 80.717
49 319 22 2.971
50 1223 56 41.681
51 275 24 96.937
52 101 44 57.194
53 153 25 32.547
54 974 44 85.791
55 1076 46 29.723
56 1297 42 38.635
57 1186 57 76.499
58 453 43 25.969
59 657 5 50.987
60 885 41 38.509
61 277 31 45.410
62 963 59 36.099
63 1391 31 29.280
64 677 17 37.200
65 1197 46 29.295
66 1220 6 61.445
67 759 3 4.349
68 1321 33 73.948
69 64 38 86.787
70 1206 4 66.939
71 679 50 78.798
72 90 32 22.884
73 688 6 9.034
74 38 31 50.824
75 786 15 61.074
76 544 58 83.540
77 644 9 68.474
78 1309 9 56.209
79 1405 30 20.867
80 1037 15 21.097
81 1136 1 81.236
82 247 58 23.217
83 12 26 69.235
84 568 37 2.780
85 143 29 20.143
86 1373 59 13.458
87 1341 25 82.761
88 1030 9 50.362
89 260 55 18.173
90 16 32 75.931
91 659 52 13.193
92 1197 2 5.996
93 403 10 79.055
94 1252 9 87.914
95 1124 26 21.357
96 761 12 73.051
97 163 5 21.058
98 49 36 23.985
99 601 2 16.785
100 674 29 19.773
101 865 3 9.663
102 528 1 86.924
103 1112 57 81.456
104 341 5 1.072
105 111 18 32.183
106 255 60 96.635
107 893 47 36.271
108 528 8 28.190
109 504 13 95.619
110 249 12 30.422
111 896 54 26.892
112 256 17 7.718
113 1028 10 57.928
114 271 56 84.586
115 270 28 39.946
116 302 36 94.459
117 359 16 17.063
118 384 53 51.661
119 1006 14 80.293
120 578 36 91.876
121 247 10 73.590
122 42 4 51.151
123 62 8 60.709
124 382 10 14.381
125 1158 26 28.514
126 430 12 53.425
127 244 24 87.905
128 942 33 60.920
129 491 14 67.904
130 933 7 63.325
131 461 1 72.701
132 145 41 69.738
133 170 12 35.835
134 783 6 10.023
135 547 16 60.844
136 85 7 62.923
137 1257 51 26.426
138 705 44 59.300
139 449 6 63.046
140 774 31 5.308
141 1431 5 13.384
142 567 39 91.629
143 1325 48 74.842
144 1400 23 53.478
145 835 15 91.731
146 965 5 17.842
147 1058 14 85.718
148 1359 21 24.547
149 124 6 94.190
150 912 6 64.749
151 813 10 75.908
152 212 59 62.154
153 1235 16 92.465
154 185 48 77.815
155 1205 4 5.887
156 1418 16 53.213
157 9 47 25.033
158 426 48 69.168
159 1313 19 49.901
160 622 42 71.586
161 649 10 86.177
162 1090 20 20.719
163 263 24 49.459
164 552 12 3.258
165 1074 59 66.926
166 619 47 2.043
167 258 1 10.588
168 128 59 69.391
169 1014 1 67.673
170 321 40 96.756
171 322 12 26.082
172 144 34 42.463
173 620 35 40.355
174 985 9 45.195
175 1185 3 92.898
176 529 19 69.019
177 1243 13 74.536
178 490 31 63.764
179 267 45 11.525
180 531 23 28.561
181 790 16 57.628
182 797 15 62.410
183 805 51 76.235
184 1342 38 55.139
185 1254 8 94.626
186 925 17 60.699
187 670 3 34.472
188 1072 41 47.253
189 826 46 98.537
190 623 33 42.546
191 1221 11 11.496
192 114 37 20.523
193 1227 36 8.863
194 293 44 89.275
195 528 35 45.750
196 18 19 68.977
197 60 37 90.424
198 71 9 84.977
199 621 45 71.144
200 1306 51 49.164