200   
1 534 27 33
2 37 23 96
3 778 15 48
4 1002 27 73
5 157 36 12
6 892 7 66
7 1050 41 39
8 177 37 54
9 1170 24 85
10 1144 1 53
11 1254 54 3
12 1012 1 32
13 1097 18 99
14 424 54 73
15 1160 44 95
16 1191 23 36
17 1379 21 52
18 225 41 67
19 1258 60 16
20 1224 27 2
21 1148 48 63
22 148 54 64
23 1108 27 49
24 979 16 5
25 1282 39 67
26 1 60 4
27 1423 7 95
28 105 52 67
29 1220 14 15
30 548 21 48
31 729 11 39
32 1121 22 44
33 83 12 60
34 1086 39 28
35 546 19 43
36 945 36 46
37 691 33 3
38 346 9 78
39 1389 4 48
40 1296 21 1
41 539 12 10
42 767 25 55
43 1216 4 14
44 1346 19 79
45 411 17 40
46 668 41 26
47 416 41 21
48 1270 6 26
49 404 37 12
50 1411 34 99
51 513 23 45
52 332 9 76
53 565 7 12
54 1005 49 58
55 635 24 93
56 831 31 17
57 777 34 83
58 327 16 19
59 1205 27 78
60 985 57 27
61 1404 2 69
62 904 41 36
63 801 46 68
64 1008 21 90
65 1342 57 41
66 1280 29 35
67 1136 35 85
68 897 31 66
69 965 13 8
70 661 13 51
71 908 26 57
72 66 7 62
73 105 19 1
74 338 57 63
75 1097 50 31
76 343 37 23
77 229 51 68
78 529 14 59
79 103 10 2
80 251 41 94
81 552 41 54
82 912 8 5
83 775 51 78
84 870 10 38
85 931 19 56
86 1306 23 68
87 1209 18 15
88 1071 6 55
89 346 42 97
90 1331 20 22
91 785 8 54
92 481 54 9
93 1002 21 38
94 889 40 73
95 1437 26 14
96 1242 41 83
97 440 28 7
98 429 49 87
99 426 15 74
100 1165 18 94
101 205 53 46
102 452 3 29
103 1232 51 30
104 745 44 34
105 364 30 19
106 1426 15 31
107 188 20 18
108 475 39 7
109 146 9 46
110 1293 3 90
111 959 46 49
112 170 11 15
113 636 33 21
114 1094 57 73
115 706 40 86
116 1321 14 51
117 1011 49 59
118 1041 43 83
119 1226 40 32
120 942 2 89
121 906 12 72
122 271 15 79
123 1332 28 95
124 148 60 30
125 574 18 49
126 735 5 91
127 161 1 74
128 787 6 28
129 1379 8 40
130 15 4 46
131 592 50 14
132 818 43 1
133 607 47 38
134 942 26 28
135 56 11 2
136 1332 17 65
137 758 12 15
138 1187 45 65
139 721 30 51
140 687 27 7
141 961 41 8
142 194 32 29
143 335 8 3
144 206 51 56
145 1268 57 4
146 1427 21 96
147 1030 7 74
148 172 53 1
149 420 24 35
150 622 9 24
151 1427 30 32
152 1286 53 47
153 117 18 7
154 43 31 85
155 36 36 92
156 465 28 40
157 166 4 83
158 579 4 41
159 229 20 99
160 235 43 58
161 1227 6 97
162 783 4 22
163 110 40 37
164 1211 60 69
165 729 50 54
166 4 60 2
167 314 21 58
168 543 29 22
169 1023 15 45
170 787 34 87
171 500 56 82
172 1018 5 5
173 728 24 44
174 249 8 46
175 95 50 74
176 372 37 14
177 153 11 54
178 1410 18 59
179 1028 34 66
180 333 46 12
181 843 13 78
182 594 21 84
183 1288 32 70
184 668 9 82
185 491 34 33
186 901 43 39
187 1318 57 19
188 627 9 17
189 459 48 53
190 246 51 81
191 1193 1 40
192 644 13 22
193 641 48 71
194 1019 5 46
195 37 51 57
196 471 37 34
197 10 41 89
198 937 6 60
199 621 54 22
200 1353 13 78
