200
1 640 52 39.224
2 1440 38 16.391
3 904 32 69.274
4 1349 33 86.825
5 1010 8 22.905
6 848 60 18.584
7 1094 41 30.688
8 1137 58 74.996
9 819 55 37.232
10 808 45 23.515
11 662 39 57.957
12 824 19 30.363
13 80 37 72.307
14 1438 21 26.449
15 1149 18 50.172
16 1046 5 7.219
17 716 50 59.53
18 1137 59 81.311
19 688 56 21.767
20 1011 24 36.638
21 1371 16 11.683
22 599 14 76.789
23 407 51 7.026
24 476 51 11.907
25 1239 46 42.712
26 749 54 76.305
27 510 52 56.869
28 203 3 93.255
29 248 26 51.418
30 677 21 30.722
31 258 9 21.59
32 1384 1 61.01
33 1153 8 32.04
34 553 10 46.731
35 1080 36 95.528
36 573 3 24.44
37 506 17 81.42
38 1280 10 60.95
39 203 30 54.516
40 765 8 0.279
41 346 54 72.747
42 272 4 5.874
43 934 49 13.255
44 532 16 83.389
45 144 21 52.883
46 747 42 36.981
47 481 55 27.607
48 703 43 81.336
49 250 39 28.787
50 968 12 72.48
51 50 5 59.645
52 578 34 22.521
53 277 52 87.781
54 876 48 50.892
55 271 48 46.782
56 953 1 67.004
57 986 10 42.813
58 795 45 58.686
59 994 37 19.747
60 120 18 14.548
61 801 56 49.106
62 284 40 40.303
63 616 29 64.123
64 843 2 40.675
65 146 17 6.062
66 597 11 28.696
67 1150 36 79.781
68 833 28 51.969
69 324 20 92.115
70 1206 34 70.045
71 1210 9 46.52
72 68 23 89.287
73 1225 26 5.785
74 468 57 47.503
75 1219 52 47.35
76 1397 4 47.229
77 398 55 87.863
78 1345 41 64.592
79 486 59 45.205
80 501 56 41.655
81 1303 46 20.256
82 74 55 1.543
83 1371 6 85.145
84 88 55 31.165
85 947 44 78.63
86 1201 31 85.945
87 1125 3 78.493
88 1337 53 5.014
89 195 24 7.471
90 1300 18 55.899
91 718 58 20.152
92 872 40 28.63
93 1344 42 13.65
94 1018 40 90.974
95 498 12 72.942
96 1018 7 81.581
97 951 59 92.67
98 501 40 96.087
99 108 16 96.535
100 185 46 81.505
101 702 43 36.341
102 281 10 97.539
103 362 8 30.941
104 997 2 74.026
105 500 17 86.104
106 551 32 78.536
107 671 14 67.559
108 313 58 22.619
109 1014 2 69.545
110 765 41 46.372
111 483 43 39.1
112 575 57 97.029
113 1279 52 6.489
114 315 38 33.474
115 769 51 17.737
116 1084 45 22.547
117 96 38 27.288
118 44 17 58.641
119 422 37 3.186
120 202 20 92.3
121 1365 18 74.085
122 364 43 75.721
123 69 1 1.781
124 375 21 66.802
125 1143 27 27.811
126 1103 23 4.038
127 68 25 29.48
128 438 27 30.23
129 201 58 23.694
130 586 23 47.101
131 1228 3 65.754
132 152 10 98.258
133 400 55 77.822
134 267 53 10.15
135 978 57 61.214
136 743 19 81.615
137 439 43 6.463
138 1028 57 71.272
139 973 8 37.023
140 1381 25 46.83
141 681 7 28.437
142 661 1 64.976
143 1116 14 38.267
144 1117 58 27.395
145 1243 38 45.623
146 124 29 99.15
147 1436 25 41.922
148 1000 16 0.002
149 1334 60 86.492
150 831 20 62.772
151 1220 29 84.757
152 840 30 51.376
153 454 37 50.05
154 1329 43 61.338
155 333 42 28.866
156 1207 32 47.628
157 1071 20 18.638
158 1042 52 93.849
159 801 43 36.581
160 1272 44 35.239
161 281 36 24.195
162 966 51 72.767
163 1366 48 68.86
164 750 53 52.249
165 204 41 73.405
166 546 28 23.833
167 307 12 73.055
168 759 52 41.373
169 1365 46 25.638
170 974 40 12.969
171 406 30 67.11
172 1368 11 3.629
173 456 32 64.092
174 301 27 98.061
175 381 3 39.145
176 650 3 73.869
177 1102 28 69.122
178 210 59 81.864
179 712 54 68.706
180 1148 58 77.849
181 248 38 61.416
182 767 1 90.129
183 864 7 8.241
184 1176 24 15.002
185 939 50 48.754
186 673 9 96.838
187 1413 58 38.41
188 1320 39 87.412
189 1391 7 84.422
190 764 20 2.487
191 1119 9 93.219
192 392 43 41.367
193 594 45 40.808
194 459 6 72.302
195 1234 40 67.372
196 1155 27 41.945
197 1208 37 30.066
198 861 55 81.39
199 115 36 77.689
200 64 9 27.985
