200
1 1117 39 4.96
2 161 39 92.21
3 769 26 99.08
4 1376 32 78.25
5 125 8 52.35
6 606 50 73.52
7 1391 55 80.29
8 982 26 58.38
9 1328 37 3.77
10 464 30 80.61
11 428 48 85.29
12 153 12 98.04
13 204 40 68.55
14 378 14 30.65
15 219 10 36.79
16 888 20 31.39
17 889 3 87.68
18 1423 52 60.03
19 857 51 58.86
20 768 14 48.9
21 1414 43 72.5
22 575 59 17.07
23 982 15 34.85
24 917 31 48.52
25 599 58 66.92
26 1145 14 22.67
27 866 13 3.3
28 1104 24 90.35
29 863 38 23.39
30 1305 55 43.25
31 287 15 80.07
32 931 33 77.5
33 278 48 80.56
34 501 24 63.2
35 612 58 91.91
36 1340 5 34.87
37 790 49 86.94
38 1055 27 3.69
39 492 28 66.54
40 674 42 93.46
41 1390 52 94.48
42 757 36 30.68
43 649 50 35.77
44 1434 54 69.56
45 735 8 95.48
46 559 12 93.87
47 1158 40 27.48
48 1419 26 16.1
49 229 32 76.28
50 372 45 96.74
51 848 8 36.82
52 575 6 43.8
53 888 52 46.72
54 126 53 23.2
55 989 31 53.86
56 1291 35 94.23
57 970 6 37.55
58 268 30 49.25
59 640 15 76.67
60 986 2 62.91
61 154 7 25.34
62 901 38 96.73
63 1378 24 75.0
64 729 12 55.26
65 906 45 76.48
66 525 26 94.01
67 352 8 35.18
68 471 2 31.38
69 955 37 33.39
70 817 49 33.55
71 718 49 4.8
72 1030 33 38.34
73 804 37 90.22
74 1362 39 92.65
75 237 55 99.52
76 928 9 13.37
77 254 16 76.3
78 450 3 70.11
79 1432 33 84.26
80 428 59 60.01
81 411 56 56.91
82 536 14 34.89
83 1136 39 74.75
84 867 57 47.93
85 267 55 89.55
86 533 43 86.72
87 1359 24 75.09
88 1356 5 50.29
89 39 48 77.39
90 771 15 1.36
91 880 12 68.22
92 389 44 23.19
93 806 48 26.23
94 1130 17 73.35
95 921 45 57.94
96 42 15 67.35
97 1049 39 9.19
98 1320 16 20.88
99 1150 43 1.81
100 1 30 94.94
101 560 34 93.43
102 216 54 9.27
103 740 15 63.56
104 145 23 64.88
105 536 44 93.07
106 128 31 53.65
107 608 18 32.34
108 764 6 52.9
109 1145 27 51.99
110 265 20 34.77
111 1423 48 93.83
112 892 32 20.47
113 1223 9 97.7
114 133 40 2.14
115 1420 19 79.11
116 311 43 33.6
117 546 54 57.74
118 984 57 38.11
119 168 29 42.45
120 690 19 22.79
121 677 31 6.19
122 565 44 31.62
123 435 48 39.28
124 1004 49 2.86
125 33 57 14.48
126 888 29 8.21
127 215 6 22.98
128 296 32 38.99
129 461 14 43.55
130 231 11 56.32
131 293 17 34.86
132 1172 40 13.78
133 269 17 41.39
134 396 33 72.09
135 817 57 87.08
136 1031 45 22.04
137 92 24 76.49
138 809 24 49.35
139 776 48 33.67
140 808 47 69.84
141 590 58 85.66
142 423 18 49.27
143 281 14 66.51
144 457 3 75.52
145 1316 1 13.18
146 1053 54 94.23
147 117 19 50.45
148 925 38 41.85
149 875 32 85.96
150 1261 6 37.58
151 515 22 92.7
152 1317 13 58.48
153 637 11 63.1
154 44 57 21.25
155 582 59 83.59
156 255 42 66.25
157 1112 32 51.64
158 229 1 1.99
159 242 36 6.22
160 669 45 3.79
161 69 58 22.85
162 81 51 2.1
163 328 27 12.58
164 56 8 61.19
165 800 32 39.88
166 783 10 55.36
167 1263 19 39.38
168 950 29 19.34
169 659 53 84.55
170 1435 42 32.68
171 471 2 54.29
172 1207 56 44.83
173 999 34 36.97
174 76 11 26.12
175 383 39 74.27
176 364 38 97.57
177 1086 15 91.27
178 317 46 4.12
179 142 4 86.19
180 601 39 99.86
181 561 33 59.04
182 764 55 51.98
183 618 17 31.29
184 1238 57 85.24
185 669 15 77.23
186 515 38 91.26
187 936 49 58.82
188 484 27 42.11
189 536 18 21.04
190 99 34 24.43
191 1210 43 20.99
192 364 11 63.57
193 377 34 52.39
194 236 25 7.98
195 1272 44 4.8
196 1291 29 32.97
197 1034 4 82.18
198 665 53 54.86
199 632 2 64.7
200 269 9 71.44
