200
1 434 37 4.251
2 344 19 24.486
3 825 20 68.01
4 794 25 5.361
5 10 28 95.026
6 1060 24 0.494
7 838 14 8.179
8 1112 17 86.618
9 896 13 3.458
10 500 41 36.972
11 1152 1 51.328
12 51 30 35.206
13 160 33 14.454
14 1307 27 55.858
15 57 8 30.275
16 394 38 72.085
17 1158 29 11.097
18 461 23 28.869
19 114 41 66.53
20 11 15 63.593
21 1403 15 98.137
22 134 33 3.561
23 74 30 86.66
24 671 7 6.706
25 1299 33 84.033
26 1020 35 77.925
27 1056 9 28.615
28 578 35 97.91
29 1392 4 76.107
30 1092 20 85.815
31 121 1 36.081
32 988 17 51.729
33 484 42 12.078
34 601 32 88.87
35 69 29 6.533
36 895 24 62.361
37 988 14 82.993
38 1119 5 2.652
39 156 30 46.883
40 603 13 79.506
41 90 5 91.449
42 1439 49 17.914
43 973 6 50.461
44 461 28 3.267
45 920 19 84.733
46 1047 41 28.523
47 946 35 17.69
48 890 55 7.451
49 38 58 35.087
50 919 39 32.073
51 594 23 85.904
52 360 15 50.124
53 266 29 11.773
54 983 9 3.154
55 765 43 35.296
56 763 28 85.913
57 823 5 36.418
58 653 47 53.356
59 338 45 15.308
60 821 34 32.963
61 1010 43 85.329
62 465 51 79.43
63 707 31 41.322
64 1212 9 50.418
65 811 4 68.835
66 698 50 55.871
67 302 50 37.446
68 248 7 40.277
69 199 12 12.519
70 68 19 83.493
71 333 51 4.973
72 523 44 36.905
73 1054 49 5.43
74 775 47 78.649
75 1000 39 20.34
76 1328 27 5.376
77 1254 43 21.634
78 196 32 18.519
79 158 25 35.861
80 693 19 44.601
81 797 55 83.991
82 407 27 52.081
83 473 2 73.456
84 392 33 31.912
85 24 50 36.402
86 777 11 99.487
87 1098 21 78.801
88 157 15 49.791
89 529 4 92.95
90 450 47 76.823
91 736 8 75.794
92 30 1 26.481
93 217 46 80.628
94 10 19 15.103
95 1152 49 7.933
96 337 3 19.443
97 1208 57 78.122
98 1292 48 59.609
99 137 37 1.889
100 1373 24 32.986
101 953 15 82.547
102 72 17 19.466
103 400 30 85.109
104 794 14 89.28
105 444 47 75.852
106 1041 29 1.764
107 413 23 27.181
108 1071 19 49.683
109 613 12 6.428
110 1412 53 14.873
111 1228 24 69.569
112 799 29 85.52
113 1244 58 42.746
114 500 52 90.128
115 163 15 61.582
116 1072 16 32.506
117 452 34 5.326
118 201 52 31.478
119 321 48 36.173
120 890 34 77.43
121 621 14 97.108
122 276 24 29.26
123 1267 23 23.501
124 424 29 5.939
125 375 60 39.025
126 657 28 14.029
127 1415 60 57.208
128 174 43 44.96
129 177 24 64.502
130 227 45 32.236
131 28 36 88.637
132 521 36 37.372
133 495 16 34.23
134 503 44 56.255
135 301 53 45.21
136 1014 15 98.241
137 944 13 61.417
138 526 8 74.698
139 367 36 94.318
140 1230 32 49.537
141 1043 45 1.53
142 457 31 98.909
143 261 29 45.917
144 865 34 73.606
145 1248 19 49.451
146 571 27 26.544
147 78 19 78.203
148 1209 23 25.308
149 1064 57 29.432
150 304 38 71.578
151 231 12 92.953
152 554 27 57.956
153 1298 47 42.083
154 303 45 29.98
155 885 17 27.866
156 1359 33 3.82
157 1278 22 1.492
158 935 49 74.473
159 544 45 63.585
160 889 58 19.323
161 1323 38 32.193
162 1305 40 1.294
163 923 28 88.747
164 848 34 28.737
165 1112 4 74.628
166 746 43 11.966
167 1173 29 12.617
168 26 50 60.882
169 268 31 76.297
170 160 17 71.824
171 1179 41 70.309
172 825 56 92.302
173 1362 15 99.839
174 1343 47 30.151
175 293 47 17.391
176 589 22 49.364
177 1052 49 61.358
178 659 43 59.463
179 758 56 85.816
180 1279 60 34.393
181 198 26 13.501
182 378 16 83.157
183 25 36 15.149
184 42 14 37.45
185 1163 42 54.146
186 403 19 47.06
187 1154 3 2.731
188 1005 7 83.421
189 1094 57 94.43
190 544 35 98.541
191 1103 11 87.575
192 267 43 42.835
193 666 54 93.778
194 62 28 43.442
195 27 13 48.761
196 275 21 49.845
197 317 56 12.755
198 592 13 54.083
199 364 26 77.07
200 990 38 58.453