200
1 1318 56 64.26
2 671 37 88.59
3 390 7 24.583
4 604 32 39.685
5 1230 11 47.106
6 1417 27 79.943
7 1191 12 42.721
8 508 19 86.624
9 1129 40 61.809
10 1090 60 13.334
11 1 21 79.041
12 62 4 10.674
13 981 54 41.965
14 172 2 71.336
15 1363 42 85.552
16 824 24 44.802
17 880 24 4.627
18 980 13 44.992
19 572 9 34.747
20 225 7 10.127
21 1228 46 25.719
22 755 1 63.377
23 1388 44 1.574
24 2 41 71.102
25 49 9 94.183
26 1000 46 57.772
27 918 17 31.028
28 601 11 19.344
29 836 42 58.486
30 337 8 88.432
31 1049 32 94.12
32 559 31 92.892
33 583 28 72.064
34 385 38 38.655
35 519 60 10.889
36 1007 43 94.664
37 1178 11 91.593
38 19 6 56.72
39 902 60 68.171
40 1279 57 80.434
41 960 3 84.493
42 538 50 96.877
43 332 4 76.833
44 819 16 90.391
45 1253 2 90.207
46 1383 18 97.68
47 474 10 88.145
48 670 42 47.391
49 1261 56 83.626
50 301 21 33.632
51 626 50 40.29
52 231 40 94.84
53 686 43 89.682
54 1255 44 92.903
55 680 36 45.998
56 1392 46 25.511
57 600 25 73.312
58 712 7 81.58
59 230 38 34.041
60 904 17 91.344
61 618 2 31.907
62 513 2 86.397
63 1126 15 0.095
64 903 32 37.309
65 938 17 18.797
66 534 34 93.921
67 3 60 75.473
68 1163 43 87.51
69 1280 16 49.631
70 401 19 98.751
71 31 5 26.903
72 511 9 55.877
73 363 30 83.456
74 640 57 30.437
75 754 60 10.087
76 956 21 99.71
77 605 56 1.782
78 1277 12 72.5
79 1049 17 94.169
80 1024 15 93.432
81 253 26 58.227
82 852 46 23.215
83 1250 17 40.478
84 674 58 26.699
85 1030 20 34.782
86 149 8 43.482
87 1153 6 36.078
88 1127 22 98.853
89 759 40 3.289
90 1369 24 8.415
91 1384 23 12.846
92 1205 28 29.554
93 657 17 29.725
94 145 56 9.934
95 418 9 65.86
96 176 45 90.57
97 1281 27 81.475
98 727 59 7.279
99 439 41 45.933
100 1345 19 82.139
101 1228 19 46.967
102 507 46 83.017
103 454 29 67.634
104 1053 5 9.062
105 448 15 47.211
106 927 6 58.689
107 624 11 69.506
108 192 54 84.66
109 1388 49 95.327
110 29 38 97.124
111 434 58 41.028
112 490 49 79.157
113 587 6 38.873
114 289 31 17.793
115 465 56 87.488
116 961 39 93.537
117 185 53 65.658
118 1250 26 2.604
119 797 20 7.725
120 975 42 61.176
121 896 46 90.557
122 200 45 20.21
123 1277 39 72.263
124 467 45 96.952
125 778 51 18.406
126 966 7 11.417
127 534 6 63.568
128 715 14 54.879
129 1328 37 67.018
130 299 32 2.197
131 1173 14 28.147
132 1160 4 30.599
133 752 57 19.408
134 226 43 10.954
135 375 21 52.869
136 633 44 45.704
137 1089 13 12.08
138 1054 25 85.313
139 1242 10 45.236
140 497 14 19.537
141 560 17 0.48
142 1359 59 78.195
143 590 7 40.06
144 403 24 23.996
145 284 37 66.312
146 1325 15 81.148
147 983 45 2.686
148 1046 36 7.859
149 1217 1 61.136
150 240 30 97.637
151 147 45 34.353
152 960 23 40.684
153 1273 33 27.302
154 1099 6 99.305
155 250 22 17.817
156 1043 38 21.101
157 110 18 3.685
158 1129 4 94.995
159 759 48 77.087
160 1170 30 15.375
161 1294 1 28.993
162 575 28 37.19
163 102 25 77.954
164 836 15 89.012
165 668 50 49.225
166 530 14 8.445
167 1238 19 48.859
168 178 9 72.273
169 287 13 29.848
170 920 14 22.692
171 1042 15 75.365
172 630 24 83.989
173 172 1 59.451
174 594 14 12.926
175 910 14 49.953
176 910 43 56.945
177 867 14 11.483
178 1400 51 31.973
179 269 29 24.232
180 879 59 56.016
181 119 28 56.207
182 515 4 21.442
183 190 8 80.883
184 23 39 53.548
185 470 13 96.905
186 194 5 7.937
187 656 31 6.562
188 1018 16 81.492
189 1238 42 63.158
190 206 32 2.271
191 1136 42 67.416
192 888 24 56.639
193 703 11 68.795
194 1247 5 35.295
195 518 41 39.779
196 611 30 92.037
197 203 16 62.158
198 1163 47 0.284
199 99 53 59.261
200 263 43 12.046
