160
1 60 60 99
2 120 60 99
3 180 60 99
4 240 60 99
5 300 60 99
6 360 60 99
7 420 60 99
8 480 60 99
9 540 60 99
10 600 60 99
11 660 60 99
12 720 60 99
13 780 60 99
14 840 60 99
15 900 60 99
16 960 60 99
17 1020 60 99
18 1080 60 99
19 1140 60 99
20 1200 60 99
21 1260 60 99
22 1320 60 99
23 1380 60 99
24 1400 60 99
25 100 60 1
26 100 60 1
27 100 60 1
28 100 60 1
29 100 60 1
30 100 60 1
31 100 60 1
32 100 60 1
33 100 60 1
34 100 60 1
35 100 60 1
36 100 60 1
37 100 60 1
38 100 60 1
39 100 60 1
40 100 60 1
41 100 60 1
42 100 60 1
43 100 60 1
44 100 60 1
45 100 60 1
46 100 60 1
47 100 60 1
48 100 60 1
49 100 60 1
50 100 60 1
51 100 60 1
52 100 60 1
53 100 60 1
54 100 60 1
55 100 60 1
56 100 60 1
57 100 60 1
58 100 60 1
59 100 60 1
60 100 60 1
61 100 60 1
62 100 60 1
63 100 60 1
64 100 60 1
65 100 60 1
66 100 60 1
67 100 60 1
68 100 60 1
69 100 60 1
70 100 60 1
71 100 60 1
72 100 60 1
73 100 60 1
74 100 60 1
75 100 60 1
76 100 60 1
77 100 60 1
78 100 60 1
79 100 60 1
80 100 60 1
81 100 60 1
82 100 60 1
83 100 60 1
84 100 60 1
85 100 60 1
86 100 60 1
87 100 60 1
88 100 60 1
89 100 60 1
90 100 60 1
91 100 60 1
92 100 60 1
93 100 60 1
94 100 60 1
95 100 60 1
96 100 60 1
97 100 60 1
98 100 60 1
99 100 60 1
100 100 60 1
101 100 60 1
102 100 60 1
103 100 60 1
104 100 60 1
105 100 60 1
106 100 60 1
107 100 60 1
108 100 60 1
109 100 60 1
110 100 60 1
111 100 60 1
112 100 60 1
113 100 60 1
114 100 60 1
115 100 60 1
116 100 60 1
117 100 60 1
118 100 60 1
119 100 60 1
120 100 60 1
121 100 60 1
122 100 60 1
123 100 60 1
124 100 60 1
125 100 60 1
126 100 60 1
127 100 60 1
128 100 60 1
129 100 60 1
130 100 60 1
131 100 60 1
132 100 60 1
133 100 60 1
134 100 60 1
135 100 60 1
136 100 60 1
137 100 60 1
138 100 60 1
139 100 60 1
140 100 60 1
141 100 60 1
142 100 60 1
143 100 60 1
144 100 60 1
145 100 60 1
146 100 60 1
147 100 60 1
148 100 60 1
149 100 60 1
150 100 60 1
151 100 60 1
152 100 60 1
153 100 60 1
154 100 60 1
155 100 60 1
156 100 60 1
157 100 60 1
158 100 60 1
159 100 60 1
160 100 60 1
