172 
1 1177 39 14.482
2 630 7 79.086
3 641 57 19.973
4 490 21 65.584
5 993 6 40.994
6 735 42 25.256
7 140 48 2.776
8 157 39 36.124
9 369 19 26.235
10 581 34 58.051
11 1197 29 99.648
12 1236 37 78.082
13 1066 34 16.406
14 419 16 80.813
15 789 38 54.873
16 154 30 17.949
17 1140 40 99.438
18 348 25 70.813
19 328 55 78.662
20 1165 23 10.855
21 284 7 83.846
22 1018 18 0.526
23 456 26 80.78
24 88 5 98.503
25 535 33 80.545
26 1014 32 75.414
27 255 58 48.239
28 54 48 95.587
29 674 19 68.69
30 278 19 88.668
31 148 29 70.126
32 755 2 9.019
33 813 51 77.167
34 74 6 58.697
35 1117 47 88.26
36 197 11 78.788
37 632 38 59.136
38 377 2 75.062
39 267 32 63.053
40 862 51 26.869
41 899 1 1.912
42 913 2 26.405
43 992 26 81.655
44 1208 19 56.95
45 996 2 78.92
46 1389 10 78.632
47 326 29 57.951
48 310 20 58.359
49 874 46 88.813
50 612 41 36.796
51 427 1 73.573
52 1197 35 4.154
53 592 53 32.394
54 1055 25 81.769
55 1142 9 85.718
56 451 48 43.947
57 231 47 48.805
58 461 27 31.913
59 1215 4 30.727
60 480 28 53.918
61 455 10 73.067
62 538 28 28.079
63 513 26 65.441
64 1270 7 82.828
65 1358 53 69.716
66 1245 19 98.773
67 1364 9 57.205
68 1235 57 15.55
69 941 22 79.585
70 834 60 95.332
71 1104 7 56.674
72 1306 56 77.467
73 111 11 64.666
74 46 51 89.848
75 544 6 34.603
76 1296 5 96.726
77 889 43 32.238
78 643 10 86.978
79 179 46 81.967
80 55 46 68.845
81 477 21 40.142
82 551 10 16.557
83 487 18 91.761
84 1166 45 5.35
85 413 29 72.783
86 854 37 89.99
87 1163 37 21.315
88 1088 13 61.969
89 852 28 49.499
90 1018 16 17.577
91 1412 53 98.652
92 829 32 55.686
93 986 58 41.872
94 734 58 83.348
95 1378 1 34.037
96 735 41 1.722
97 722 44 48.228
98 55 31 11.425
99 1024 6 25.448
100 305 16 5.548
101 1436 22 66.254
102 1041 4 57.714
103 1057 41 39.014
104 696 16 84.691
105 1073 7 81.508
106 725 4 9.853
107 741 47 45.9
108 450 20 30.66
109 286 18 52.116
110 98 39 20.364
111 654 22 72.402
112 1363 35 15.952
113 1356 44 15.998
114 674 50 58.423
115 481 5 28.771
116 554 31 30.437
117 973 40 33.103
118 887 36 12.774
119 853 13 58.882
120 730 26 82.97
121 336 11 60.179
122 661 50 97.08
123 708 7 66.245
124 738 3 34.186
125 859 22 31.291
126 876 36 38.003
127 1294 8 54.837
128 108 23 24.391
129 1235 6 65.09
130 1123 36 26.384
131 584 23 40.387
132 480 21 41.624
133 1115 38 32.528
134 227 33 95.36
135 1017 55 21.877
136 508 8 2.404
137 1170 9 30.682
138 359 41 89.433
139 1140 30 2.549
140 1231 14 74.517
141 402 2 3.549
142 880 4 91.143
143 94 12 23.558
144 90 35 51.988
145 1216 47 24.576
146 945 12 34.492
147 668 59 79.098
148 1229 34 93.134
149 590 1 0.676
150 183 20 1.134
151 848 9 64.557
152 770 53 8.667
153 379 35 87.559
154 719 41 6.168
155 732 43 76.3
156 1084 40 40.269
157 278 58 24.376
158 816 39 30.185
159 134 32 32.626
160 392 39 20.957
161 145 49 13.847
162 192 42 70.11
163 22 34 57.232
164 483 10 14.284
165 328 1 98.125
166 112 1 69.642
167 1155 12 66.214
168 696 33 9.558
169 1142 45 5.05
170 1349 38 29.88
171 203 56 93.014
172 577 33 42.742