151
1 230 40 63
2 120 50 75
3 450 54 45
4 670 32 45
5 760 24 23
6 1440 40 32
7 320 12 22
8 483 7 10
9 845 53 87
10 347 43 28
11 385 45 37
12 23 24 99
13 568 59 50
14 757 34 40
15 456 32 55
16 1440 5 6
17 586 34 52
18 868 56 73
19 475 10 5
20 584 19 29
21 372 21 28
22 473 25 64 
23 467 3 9
24 283 6 12
25 10 23 86
26 3 3 6
27 392 57 38 
28 953 37 34
29 1000 28 34
30 1000 37 60
31 1100 32 70
32 1047 53 60
33 274 32 10
34 457 35 21
35 275 45 23
36 769 45 24
37 1221 47 32
38 1228 45 33
39 1242 45 56
40 124 56 34
41 1334 5 17
42 1428 21 56
43 1440 5 1
44 1091 18 23
45 385 24 56 
46 657 25 72
47 372 54 27
48 210 35 72
49 145 58 99
50 1400 32 24
51 1356 37 65
52 1031 56 76
53 32 27 32
54 528 37 82
55 274 42 35
56 999 59 9
57 1440 2 1 
58 78 34 55
59 48 45 72
60 252 54 38
61 245 35 65
62 348 45 23
63 274 23 45
64 285 56 85
65 647 37 46
66 24 56 24
67 375 26 46
68 362 46 34
69 573 38 76
70 242 57 78
71 264 24 73
72 1356 25 36
73 94 36 65
74 1236 46 89
75 284 36 27
76 1031 47 26
77 264 27 61
78 751 47 76
79 820 24 99
80 625 34 67
81 397 43 58
82 692 47 87
83 56 23 10
84 846 19 14
85 928 24 32
86 1078 38 75
87 1232 46 35
88 1400 27 78
89 1250 23 4
90 462 47 21
91 777 24 40
92 888 34 21
93 990 42 52
94 274 57 23
95 385 48 52
96 575 27 28
97 742 34 29
98 438 29 34
99 528 38 35
100 472 34 24
101 758 46 43
102 563 25 45
103 246 34 57
104 258 25 75
105 532 46 56
106 285 33 51
107 11 10 55
108 55 4 10
109 275 24 44
110 245 11 11
111 573 42 44
112 274 35 52
113 924 25 60
114 900 27 52
115 873 45 60
116 385 57 29
117 485 25 59
118 387 44 21
119 441 48 55
120 482 58 59
121 57 28 51
122 90 33 99
123 100 27 87
124 284 52 10
125 204 24 45
126 482 58 29
127 295 40 25
128 395 52 48
129 573 39 40
130 58 48 99
131 482 48 39
132 294 38 58
133 583 55 73
134 87 29 37
135 583 59 32
136 23 58 44
137 678 29 58
138 666 23 49
139 1000 28 57
140 1200 58 86
141 1212 54 35
142 1142 40 89
143 1132 39 24
144 1394 58 89
145 1440 29 35
146 1334 29 89
147 483 58 29
148 73 54 43
149 256 40 45
150 53 23 24
151 35 57 94