159
1 819 14 32.16
2 847 40 78.93
3 1152 14 83.41
4 239 45 57.41
5 569 33 41.89
6 751 18 82.01
7 98 16 17.82
8 546 31 52.98
9 1302 2 73.11
10 446 24 59.32
11 299 58 92.11
12 363 41 81.66
13 739 13 42.14
14 1005 5 93.62
15 737 50 69.40
16 1209 33 17.82
17 969 19 47.19
18 1011 15 1.91
19 127 30 74.59
20 357 17 94.75
21 742 60 77.64
22 1295 27 63.92
23 1183 50 2.09
24 399 9 31.90
25 981 37 87.08
26 756 7 40.19
27 326 10 36.62
28 1235 31 90.89
29 976 29 22.50
30 1346 29 87.84
31 387 57 1.02
32 382 14 16.43
33 336 36 92.32
34 622 21 76.85
35 856 56 88.06
36 1332 49 85.05
37 385 46 77.05
38 1231 32 48.41
39 603 50 23.57
40 847 16 6.37
41 475 4 39.19
42 1001 29 14.95
43 929 15 94.49
44 881 19 98.05
45 919 5 90.44
46 862 45 99.66
47 1222 60 34.26
48 1214 41 38.43
49 780 47 3.35
50 157 28 37.57
51 317 50 25.74
52 1340 55 84.35
53 712 21 22.68
54 1257 13 24.88
55 543 5 90.28
56 786 54 93.09
57 819 22 72.39
58 428 55 97.03
59 1003 7 62.87
60 837 43 72.72
61 559 16 46.26
62 500 29 63.11
63 381 26 3.84
64 1063 34 26.62
65 1396 15 17.04
66 131 43 27.07
67 446 7 55.08
68 941 34 49.43
69 1261 11 64.71
70 405 57 80.56
71 270 56 4.84
72 796 55 3.68
73 124 33 10.44
74 614 9 3.73
75 610 43 54.74
76 1153 41 33.07
77 299 33 0.56
78 146 15 51.57
79 1301 32 31.57
80 227 50 89.21
81 327 2 19.80
82 1348 37 8.98
83 451 5 39.78
84 1327 3 52.89
85 392 59 95.06
86 25 23 22.05
87 891 7 86.89
88 504 10 57.39
89 277 14 58.56
90 205 44 69.63
91 1217 39 28.53
92 281 26 28.91
93 667 1 10.88
94 905 3 85.63
95 298 39 52.35
96 493 19 33.80
97 999 54 72.91
98 1271 16 5.23
99 1235 25 3.90
100 1102 60 33.32
101 171 50 57.15
102 361 1 70.23
103 402 46 87.34
104 610 13 8.45
105 705 50 22.82
106 411 27 60.35
107 138 19 92.70
108 1208 5 5.69
109 385 39 69.65
110 932 14 0.76
111 616 2 1.50
112 1023 46 64.08
113 1257 9 60.38
114 909 27 55.13
115 1080 10 87.27
116 974 55 68.04
117 611 38 80.53
118 830 35 60.03
119 1362 43 99.42
120 957 18 66.63
121 1322 18 37.76
122 771 12 77.11
123 7 33 5.28
124 171 1 9.39
125 524 8 16.57
126 1293 29 83.87
127 971 31 9.62
128 167 41 16.25
129 78 24 81.03
130 629 6 61.22
131 1277 8 13.73
132 236 38 65.91
133 277 15 22.52
134 1238 1 9.70
135 36 21 18.49
136 519 56 50.48
137 238 47 82.06
138 1194 21 94.95
139 93 55 47.25
140 662 50 42.42
141 515 38 81.99
142 1278 27 80.41
143 1003 37 20.59
144 844 2 80.27
145 68 30 88.55
146 603 41 34.65
147 110 26 67.28
148 1206 3 9.28
149 749 59 46.41
150 322 3 41.32
151 813 33 44.61
152 1249 1 27.44
153 1035 6 57.65
154 1096 31 28.31
155 838 32 49.07
156 824 37 86.09
157 446 24 20.82
158 141 41 54.96
159 1265 34 23.38
