200
1 929 35 35.201
2 1028 20 89.116
3 937 18 34.478
4 388 45 78.058
5 1044 58 41.238
6 1201 42 70.2
7 661 58 84.26
8 424 23 90.374
9 879 34 23.366
10 1182 25 96.201
11 689 26 58.38
12 1389 17 15.893
13 545 28 55.778
14 996 10 8.611
15 1002 17 7.971
16 271 12 38.74
17 419 21 15.53
18 316 9 7.28
19 792 26 83.114
20 350 12 60.57
21 1371 24 3.473
22 525 56 96.68
23 186 38 54.374
24 292 19 45.904
25 98 10 70.249
26 413 46 41.602
27 1249 7 48.304
28 1412 28 37.412
29 269 27 2.664
30 623 31 78.08
31 260 39 76.959
32 666 19 23.251
33 1064 60 72.64
34 941 9 17.209
35 617 21 97.733
36 1436 54 79.49
37 777 13 17.018
38 947 57 15.484
39 910 40 87.281
40 912 21 1.14
41 1062 46 9.207
42 825 29 22.963
43 747 45 99.911
44 679 44 92.153
45 159 10 23.931
46 578 24 47.912
47 675 1 50.268
48 147 53 86.753
49 1323 4 74.046
50 492 59 75.007
51 35 8 44.803
52 779 24 91.425
53 108 58 34.708
54 109 43 70.526
55 968 15 5.173
56 339 20 29.448
57 810 58 95.272
58 1010 24 35.445
59 894 13 42.028
60 141 32 78.613
61 369 39 14.081
62 766 47 61.469
63 502 25 14.647
64 815 31 79.695
65 160 53 38.961
66 218 38 32.128
67 1137 9 76.306
68 242 44 40.887
69 777 1 70.083
70 717 45 36.719
71 262 3 45.638
72 505 49 94.977
73 440 46 69.739
74 459 60 12.519
75 922 4 23.309
76 1398 18 25.868
77 170 13 80.662
78 1194 45 5.016
79 598 14 23.215
80 922 10 23.391
81 1225 27 19.87
82 330 42 75.945
83 1150 57 13.21
84 1120 55 68.116
85 190 2 12.364
86 1258 21 55.829
87 784 60 65.25
88 502 36 34.406
89 868 19 74.897
90 1254 46 3.586
91 293 40 7.259
92 1303 34 2.01
93 717 49 46.105
94 15 5 28.888
95 705 53 80.174
96 202 38 33.777
97 358 40 43.374
98 1415 44 22.283
99 789 3 91.138
100 423 44 23.115
101 332 5 30.792
102 432 2 73.775
103 803 58 95.567
104 706 33 10.409
105 90 17 57.185
106 1392 33 66.717
107 519 22 63.615
108 1135 17 58.019
109 468 1 24.657
110 703 30 49.702
111 103 30 66.4
112 489 12 56.068
113 1105 2 78.974
114 1187 52 62.666
115 114 42 7.491
116 650 57 4.866
117 1060 16 87.636
118 504 38 85.39
119 861 29 67.252
120 720 6 65.934
121 1292 28 41.976
122 277 18 94.7
123 796 21 21.215
124 437 33 49.203
125 114 23 57.512
126 1140 10 78.032
127 364 5 8.426
128 572 4 71.975
129 49 27 52.923
130 1192 19 55.331
131 1397 19 30.344
132 435 13 11.651
133 762 21 26.063
134 647 1 90.337
135 1270 17 71.008
136 266 26 2.42
137 1383 58 43.786
138 397 40 31.499
139 170 40 7.318
140 1142 36 69.937
141 626 38 22.644
142 571 52 44.121
143 1281 34 21.998
144 313 44 57.162
145 359 20 40.136
146 1388 24 74.027
147 262 17 95.733
148 94 34 14.44
149 1026 13 79.538
150 336 24 87.277
151 414 28 53.795
152 557 3 40.642
153 1397 45 61.827
154 1219 60 68.822
155 451 19 74.232
156 640 48 12.635
157 195 13 83.535
158 854 12 22.043
159 1100 44 39.396
160 388 17 16.264
161 455 46 77.007
162 392 49 95.746
163 1091 55 59.822
164 40 12 85.705
165 1155 31 71.696
166 1424 17 14.622
167 1324 40 96.832
168 385 21 59.314
169 202 12 1.493
170 1043 28 86.567
171 46 44 38.722
172 1131 14 94.548
173 85 11 4.489
174 1279 40 48.143
175 306 50 9.608
176 890 48 52.835
177 1063 11 48.723
178 181 45 67.843
179 1307 5 5.129
180 1195 7 72.296
181 1010 9 55.136
182 933 28 42.059
183 1059 14 81.04
184 1371 19 54.83
185 963 18 23.387
186 39 20 0.235
187 1186 12 48.214
188 1 35 6.337
189 1328 51 15.382
190 793 7 4.035
191 297 46 27.672
192 537 42 11.206
193 942 55 80.525
194 1169 46 19.686
195 891 47 19.236
196 1367 9 99.054
197 641 41 35.197
198 1432 39 28.889
199 626 53 94.227
200 1162 24 89.508
