160
1 636 33 88.156
2 475 27 33.945
3 1198 34 71.403
4 1207 25 93.008
5 82 2 57.776
6 1210 28 96.12
7 753 2 9.543
8 1006 53 25.423
9 26 5 43.817
10 229 60 83.512
11 933 29 32.419
12 1108 24 11.006
13 112 16 60.54
14 5 22 93.853
15 979 57 80.868
16 297 15 20.356
17 633 12 54.932
18 886 58 93.575
19 262 28 0.476
20 625 53 60.107
21 1044 15 78.918
22 1291 5 53.227
23 1334 21 61.163
24 553 15 17.871
25 1188 8 93.765
26 900 8 15.696
27 998 40 63.007
28 171 57 55.163
29 935 28 7.609
30 40 3 83.133
31 651 55 98.779
32 405 35 23.408
33 69 14 59.327
34 482 57 30.542
35 1076 14 98.862
36 283 44 63.395
37 567 9 48.854
38 613 60 72.822
39 1154 21 63.692
40 42 35 84.732
41 1057 33 30.314
42 383 22 28.827
43 1258 17 31.248
44 1348 34 53.904
45 701 55 90.203
46 354 51 98.846
47 843 26 0.325
48 738 51 75.508
49 1391 59 47.684
50 786 44 18.403
51 178 24 57.772
52 602 13 19.645
53 983 26 29.212
54 856 21 98.397
55 1432 26 92.823
56 921 33 28.075
57 581 10 28.582
58 960 18 55.224
59 637 15 95.326
60 557 31 93.485
61 895 15 64.213
62 162 15 27.925
63 695 55 11.718
64 591 21 2.0
65 730 23 1.657
66 518 33 62.546
67 810 59 43.722
68 614 46 49.177
69 193 46 60.357
70 448 53 96.353
71 674 36 47.131
72 320 54 40.083
73 752 6 99.676
74 297 32 70.19
75 260 49 24.272
76 1071 57 66.186
77 512 57 64.032
78 1020 18 58.256
79 1027 47 9.343
80 764 34 64.06
81 63 11 50.478
82 208 52 31.196
83 628 32 48.814
84 576 1 83.254
85 508 8 64.86
86 67 9 31.345
87 402 44 39.204
88 1353 52 87.713
89 423 45 55.767
90 425 38 82.124
91 379 30 53.579
92 4 56 56.038
93 1200 7 57.961
94 120 3 37.542
95 930 53 85.164
96 1077 30 28.65
97 477 17 79.956
98 1375 35 93.603
99 1136 43 50.555
100 815 57 13.486
101 546 47 95.054
102 265 53 30.471
103 1069 24 69.398
104 1296 37 34.524
105 626 34 98.058
106 1103 37 24.918
107 1327 27 94.151
108 458 33 41.789
109 405 11 12.004
110 129 42 83.681
111 491 8 91.328
112 74 32 16.949
113 1060 10 62.541
114 848 20 19.756
115 381 34 29.91
116 838 4 41.821
117 279 53 56.938
118 661 23 23.989
119 1261 37 8.046
120 42 17 53.34
121 1305 35 92.421
122 1291 32 1.438
123 206 29 59.374
124 972 26 11.521
125 1127 6 57.077
126 625 36 52.253
127 1334 26 7.142
128 1293 11 34.2
129 543 8 50.79
130 905 49 39.268
131 656 57 6.432
132 757 22 2.397
133 1282 1 66.02
134 1037 45 15.818
135 1440 38 36.674
136 635 23 75.487
137 857 25 88.064
138 153 26 65.449
139 889 14 92.721
140 733 40 2.05
141 1288 35 41.527
142 451 42 82.633
143 1033 10 92.608
144 415 49 22.466
145 82 53 65.841
146 1250 16 81.881
147 1203 44 11.488
148 455 50 96.486
149 31 34 92.141
150 600 45 19.552
151 1279 15 47.831
152 532 47 2.817
153 349 16 14.162
154 566 34 96.987
155 1169 45 47.238
156 351 10 85.258
157 134 35 39.692
158 1313 38 89.055
159 1384 29 72.693
160 274 30 67.115
