200
1 467 50 41
2 1285 35 73
3 384 25 47
4 1294 29 99
5 396 47 95
6 53 35 10
7 1175 22 33
8 1428 47 19
9 1086 10 57
10 1316 45 10
11 906 21 43
12 608 35 90
13 807 44 53
14 668 28 1
15 574 1 7
16 759 2 45
17 871 7 35
18 123 39 68
19 1268 7 74
20 1375 15 94
21 1067 55 87
22 492 33 77
23 1422 21 96
24 564 56 97
25 785 6 82
26 315 48 74
27 793 6 4
28 430 4 61
29 974 35 59
30 60 35 90
31 1045 6 82
32 194 5 10
33 664 37 38
34 117 48 86
35 889 18 16
36 698 30 67
37 784 52 34
38 292 57 82
39 1401 22 11
40 1014 41 54
41 1227 4 89
42 814 41 87
43 1072 56 52
44 175 55 96
45 47 45 20
46 982 15 51
47 1205 13 58
48 870 55 6
49 1259 45 76
50 1094 11 21
51 239 17 9
52 1420 2 96
53 1067 49 95
54 477 44 75
55 127 1 39
56 437 11 43
57 1385 43 45
58 338 51 99
59 340 15 97
60 830 14 49
61 112 38 87
62 252 60 71
63 845 41 90
64 253 59 33
65 887 20 48
66 219 51 2
67 362 32 74
68 1397 38 99
69 108 27 21
70 576 22 69
71 1007 24 31
72 887 12 11
73 1248 55 3
74 1239 29 85
75 156 13 71
76 77 41 37
77 702 5 45
78 703 4 87
79 126 14 90
80 372 29 86
81 922 2 15
82 90 43 61
83 816 46 83
84 36 28 93
85 849 10 25
86 307 39 3
87 807 13 21
88 415 13 61
89 665 6 17
90 1189 54 30
91 1348 36 51
92 481 58 75
93 139 12 70
94 820 16 55
95 819 52 96
96 207 50 25
97 335 11 20
98 356 3 5
99 1301 20 97
100 989 19 97
101 1036 45 79
102 1099 36 51
103 779 37 39
104 668 30 59
105 1048 54 54
106 549 54 53
107 10 8 54
108 161 26 37
109 18 14 77
110 966 47 94
111 775 58 52
112 129 6 18
113 2 1 28
114 1039 6 11
115 628 3 13
116 1068 40 70
117 1022 7 97
118 567 23 67
119 585 6 82
120 1100 2 59
121 962 56 54
122 832 60 64
123 423 21 73
124 993 11 69
125 895 40 20
126 1089 58 97
127 1195 56 64
128 52 35 44
129 419 24 42
130 550 54 89
131 343 2 17
132 1047 56 74
133 924 3 84
134 530 56 46
135 712 35 24
136 1184 31 66
137 739 42 68
138 378 14 72
139 298 9 95
140 190 34 31
141 698 57 42
142 903 43 2
143 1258 33 25
144 1113 1 37
145 135 35 25
146 1267 1 80
147 38 25 90
148 1315 55 89
149 587 28 28
150 486 39 38
151 1344 3 4
152 390 27 2
153 185 2 67
154 695 9 46
155 1231 8 94
156 706 37 62
157 327 1 97
158 385 18 52
159 1393 26 98
160 590 43 66
161 35 31 13
162 1388 49 8
163 761 37 70
164 1266 43 22
165 328 13 31
166 834 53 87
167 398 8 43
168 1341 37 50
169 1105 25 90
170 550 31 95
171 1224 22 96
172 262 21 50
173 610 60 20
174 1295 4 43
175 403 19 33
176 411 55 3
177 303 56 92
178 677 35 80
179 21 4 23
180 714 10 93
181 666 9 72
182 87 53 72
183 1064 7 15
184 61 59 79
185 1146 24 78
186 1279 49 42
187 820 54 99
188 725 32 51
189 972 6 70
190 1048 30 61
191 414 33 47
192 492 21 28
193 1374 26 81
194 1316 20 37
195 1383 54 11
196 556 37 7
197 914 46 46
198 925 33 11
199 1244 46 48
200 1261 9 58