184
1 988 57 2.106
2 940 7 59.108
3 1362 40 2.344
4 400 12 39.906
5 324 30 13.295
6 1066 12 57.487
7 494 41 8.528
8 374 4 98.716
9 857 26 15.23
10 407 14 29.215
11 566 59 6.464
12 52 49 29.352
13 1049 28 92.918
14 871 46 95.913
15 231 42 3.28
16 44 59 21.31
17 382 38 6.115
18 374 46 51.48
19 1118 34 44.44
20 149 15 34.201
21 1228 51 5.632
22 13 14 4.505
23 887 59 83.287
24 492 41 27.265
25 1028 59 65.616
26 312 1 63.351
27 86 18 32.156
28 1395 42 6.672
29 958 7 70.987
30 169 22 38.216
31 547 25 79.092
32 1227 20 70.966
33 1330 52 95.266
34 153 1 51.7
35 807 36 13.037
36 1078 32 0.146
37 1159 55 41.205
38 1157 47 82.25
39 388 40 38.926
40 359 12 9.426
41 557 35 54.298
42 774 31 71.034
43 24 7 8.156
44 359 30 86.49
45 1020 2 51.734
46 1251 6 42.585
47 570 8 96.82
48 63 8 75.205
49 432 34 6.351
50 259 55 39.976
51 269 37 2.754
52 349 33 84.368
53 160 23 56.473
54 129 39 50.98
55 713 57 9.765
56 317 60 70.32
57 806 52 9.968
58 426 10 9.254
59 724 2 55.476
60 794 2 49.475
61 938 53 42.69
62 1156 47 48.286
63 982 42 50.835
64 543 15 45.127
65 430 45 48.618
66 544 24 49.957
67 753 19 18.093
68 124 54 87.981
69 42 19 20.65
70 819 5 81.561
71 1083 37 96.474
72 772 48 68.705
73 25 11 51.195
74 1226 40 30.226
75 230 43 49.863
76 613 31 62.001
77 1051 46 51.576
78 1117 52 61.311
79 1020 55 63.15
80 110 23 38.014
81 712 49 29.18
82 692 52 44.631
83 660 31 19.203
84 943 11 79.48
85 635 32 44.624
86 669 39 24.266
87 1116 31 23.36
88 620 1 30.455
89 578 6 27.06
90 613 31 37.433
91 1113 5 9.839
92 30 40 38.933
93 1143 46 25.043
94 502 15 69.929
95 1011 15 84.278
96 763 20 1.626
97 949 48 49.029
98 381 33 60.666
99 558 38 90.444
100 309 38 58.787
101 703 47 94.243
102 631 22 77.115
103 832 58 49.337
104 306 9 68.509
105 206 44 12.188
106 95 24 75.344
107 391 1 72.495
108 242 34 61.477
109 1150 30 65.565
110 672 14 5.366
111 999 53 44.437
112 856 43 14.039
113 89 17 64.774
114 376 52 96.441
115 1346 50 72.38
116 1117 19 4.652
117 1145 16 45.513
118 57 48 20.706
119 263 19 43.955
120 331 59 15.382
121 537 28 36.544
122 1016 28 42.132
123 525 7 52.397
124 542 1 25.151
125 529 53 3.042
126 166 5 70.583
127 1305 17 60.806
128 146 2 13.49
129 961 29 78.99
130 1046 39 88.889
131 1202 41 46.19
132 579 53 16.358
133 1045 8 43.742
134 941 4 76.974
135 736 7 23.202
136 117 19 76.98
137 1228 10 43.48
138 1000 38 25.641
139 516 17 83.227
140 223 6 89.339
141 328 2 21.43
142 638 8 89.405
143 206 4 95.664
144 1324 2 3.27
145 615 26 74.07
146 187 45 87.798
147 1073 18 95.805
148 696 28 9.589
149 1144 25 82.693
150 652 37 12.932
151 25 54 29.362
152 103 11 91.705
153 256 44 6.792
154 1141 7 51.312
155 930 47 70.2
156 1103 46 2.972
157 331 54 9.102
158 983 1 21.292
159 605 17 62.106
160 613 41 13.405
161 562 7 37.989
162 1190 2 44.423
163 1344 37 93.749
164 1055 12 32.826
165 300 27 79.805
166 44 35 57.585
167 1043 9 57.75
168 209 16 92.009
169 103 36 21.699
170 664 38 39.986
171 202 12 80.409
172 1283 37 7.999
173 229 25 44.538
174 459 14 66.293
175 1177 25 59.353
176 967 45 15.093
177 1274 55 89.562
178 1414 27 91.338
179 769 44 88.265
180 893 56 47.801
181 691 12 38.707
182 225 30 40.595
183 854 45 45.585
184 66 21 59.94
