200
1 1 5 98.838
2 1 4 99.325
3 1 7 96.546
4 1 7 97.949
5 1 4 97.106
6 1 6 99.102
7 1 5 99.041
8 1 6 99.872
9 1 5 97.839
10 1 5 99.379
11 1 4 96.082
12 1 7 96.979
13 1 5 97.206
14 1 6 95.768
15 1 5 98.911
16 1 5 96.521
17 1 4 99.335
18 1 6 99.745
19 1 7 97.095
20 1 4 96.582
21 1 7 96.845
22 1 5 99.411
23 1 7 96.877
24 1 4 97.855
25 1 6 95.077
26 1 5 97.959
27 1 6 95.6
28 1 4 96.366
29 1 4 99.543
30 1 6 95.089
31 1 6 95.797
32 1 6 97.196
33 1 7 95.726
34 1 7 97.719
35 1 4 95.74
36 1 6 99.738
37 1 7 96.749
38 1 4 96.335
39 1 6 96.104
40 1 4 96.198
41 1 4 97.293
42 1 4 95.557
43 1 5 97.101
44 1 5 98.2
45 1 5 96.436
46 1 7 95.033
47 1 7 96.946
48 1 5 97.449
49 1 4 99.779
50 1 4 99.603
51 1 4 99.576
52 1 5 98.369
53 1 6 98.166
54 1 7 95.476
55 1 5 99.44
56 1 4 97.99
57 1 6 98.706
58 1 5 98.664
59 1 7 99.436
60 1 6 99.863
61 1 4 99.891
62 1 4 95.232
63 1 6 98.281
64 1 5 96.206
65 1 6 99.05
66 1 5 99.354
67 1 7 95.281
68 1 7 97.631
69 1 5 95.551
70 1 6 97.142
71 1 7 96.34
72 1 5 95.407
73 1 5 98.485
74 1 5 95.309
75 1 4 97.307
76 1 6 96.258
77 1 7 95.197
78 1 7 96.395
79 1 4 99.647
80 1 4 95.672
81 1 4 97.585
82 1 5 98.612
83 1 4 97.925
84 1 6 96.392
85 1 5 98.721
86 1 5 95.897
87 1 5 95.742
88 1 7 97.549
89 1 6 97.994
90 1 5 99.648
91 1 7 97.123
92 1 6 97.578
93 1 5 95.376
94 1 5 99.443
95 1 4 96.876
96 1 5 97.18
97 1 6 97.812
98 1 6 95.678
99 1 5 97.892
100 1 5 99.497
101 1 5 95.698
102 1 4 95.827
103 1 7 95.865
104 1 7 97.237
105 1 4 96.469
106 1 4 99.52
107 1 7 98.899
108 1 6 98.606
109 1 4 99.691
110 1 5 95.056
111 1 5 98.378
112 1 5 98.2
113 1 4 99.183
114 1 4 96.827
115 1 6 99.331
116 1 6 96.362
117 1 6 99.568
118 1 6 96.631
119 1 4 95.301
120 1 7 95.557
121 1 5 95.473
122 1 5 99.986
123 1 5 99.646
124 1 4 95.943
125 1 4 99.915
126 1 5 97.127
127 1 7 97.912
128 1 4 96.018
129 1 5 99.848
130 1 5 99.647
131 1 5 95.897
132 1 6 97.988
133 1 4 98.392
134 1 7 99.851
135 1 7 96.548
136 1 6 99.113
137 1 7 96.768
138 1 6 99.712
139 1 7 96.421
140 1 5 95.042
141 1 5 98.292
142 1 6 97.467
143 1 6 95.404
144 1 7 95.446
145 1 6 96.996
146 1 7 95.409
147 1 6 95.401
148 1 5 96.461
149 1 5 99.266
150 1 6 98.306
151 1 6 99.176
152 1 5 95.32
153 1 5 99.639
154 1 5 95.258
155 1 4 97.221
156 1 4 96.298
157 1 6 97.134
158 1 5 95.386
159 1 5 95.426
160 1 7 95.759
161 1 5 96.011
162 1 6 96.175
163 1 6 95.975
164 1 6 95.577
165 1 5 98.99
166 1 6 99.646
167 1 6 98.117
168 1 5 95.462
169 1 6 97.697
170 1 7 95.083
171 1 4 95.959
172 1 7 96.026
173 1 4 96.177
174 1 7 99.076
175 1 7 99.114
176 1 4 99.14
177 1 6 97.999
178 1 4 95.182
179 1 4 96.019
180 1 5 98.9
181 1 6 96.637
182 1 5 98.185
183 1 4 99.739
184 1 7 99.435
185 1 4 96.41
186 1 6 96.033
187 1 6 96.001
188 1 5 96.327
189 1 7 95.41
190 1 5 97.224
191 1 7 96.6
192 1 7 95.195
193 1 5 97.208
194 1 7 98.952
195 1 7 95.327
196 1 4 96.347
197 1 6 99.141
198 1 4 98.551
199 1 7 95.016
200 1 4 99.953