180
1 136 7 9.92
2 1189 25 1.27
3 475 44 61.6
4 54 24 59.86
5 860 30 73.8
6 673 16 57.84
7 282 51 5.09
8 1105 59 51.0
9 415 16 45.55
10 205 23 98.94
11 508 27 23.84
12 827 3 81.22
13 472 53 20.16
14 47 29 74.23
15 771 2 45.31
16 781 31 18.6
17 1289 51 80.75
18 423 11 79.5
19 391 19 16.18
20 654 39 19.12
21 604 18 93.67
22 1070 37 5.1
23 402 31 33.12
24 616 33 68.98
25 671 56 43.63
26 352 60 64.12
27 1323 35 29.72
28 496 20 42.77
29 1328 43 46.68
30 399 28 80.06
31 1301 12 21.18
32 1246 23 85.41
33 889 39 96.12
34 880 10 23.92
35 1392 51 32.17
36 919 31 33.7
37 323 28 26.19
38 1235 51 18.22
39 690 59 12.79
40 1185 40 45.03
41 863 12 17.15
42 81 19 37.6
43 1092 25 99.64
44 1380 20 39.24
45 645 26 40.68
46 1370 48 79.72
47 1269 34 41.68
48 798 2 88.95
49 1261 1 70.0
50 462 20 79.62
51 1036 56 11.19
52 1115 56 3.46
53 53 28 16.81
54 974 4 91.13
55 375 50 73.89
56 1243 45 9.43
57 1386 37 13.73
58 62 60 53.82
59 1137 31 27.43
60 1173 15 19.74
61 297 39 50.92
62 799 18 24.85
63 12 38 9.8
64 1141 18 76.41
65 1154 7 28.61
66 4 56 11.47
67 1346 19 67.95
68 797 38 62.84
69 1347 54 10.66
70 345 22 31.2
71 755 46 56.72
72 1154 15 88.93
73 1402 42 95.02
74 692 20 53.61
75 979 5 66.07
76 628 4 29.79
77 599 28 39.54
78 1100 29 3.93
79 335 29 6.46
80 745 48 65.23
81 1144 54 10.29
82 1316 26 36.78
83 368 60 84.35
84 449 6 37.91
85 392 44 11.81
86 798 24 14.74
87 1050 25 30.51
88 266 53 75.65
89 1292 49 31.76
90 637 34 56.67
91 147 55 18.63
92 1363 43 67.46
93 1355 31 9.87
94 1200 9 22.04
95 66 26 84.24
96 1114 60 77.07
97 781 51 10.33
98 181 58 64.64
99 220 37 65.52
100 1289 6 54.95
101 1428 32 19.07
102 129 28 50.16
103 374 7 97.36
104 891 54 44.42
105 56 30 5.44
106 409 20 70.8
107 542 53 74.26
108 14 47 97.97
109 141 51 45.27
110 481 18 43.84
111 522 11 94.6
112 278 10 4.91
113 1192 2 91.88
114 129 9 94.13
115 1097 56 81.23
116 62 45 68.47
117 907 9 39.0
118 830 16 47.88
119 906 38 75.13
120 243 2 91.88
121 278 20 67.53
122 1247 35 91.78
123 1258 27 38.97
124 732 5 92.18
125 385 42 85.68
126 575 11 68.73
127 1196 58 28.72
128 488 27 59.45
129 1272 25 11.62
130 1091 36 54.37
131 469 1 76.84
132 337 53 83.49
133 801 28 40.04
134 535 55 28.58
135 1344 50 17.98
136 547 43 66.92
137 215 17 29.0
138 1428 39 18.36
139 224 29 53.82
140 1411 42 31.79
141 982 36 49.2
142 874 4 54.8
143 1346 22 9.08
144 1377 37 85.39
145 623 17 38.31
146 1050 60 69.11
147 117 25 76.02
148 653 58 46.02
149 276 43 7.35
150 495 35 49.67
151 960 36 96.13
152 829 51 43.88
153 803 23 24.8
154 32 9 39.42
155 38 6 98.11
156 38 8 22.6
157 526 31 94.28
158 995 20 8.82
159 395 34 26.18
160 476 8 22.48
161 1040 25 21.07
162 226 27 48.55
163 1237 30 71.67
164 1162 26 97.95
165 854 54 86.18
166 1166 58 63.64
167 738 2 50.1
168 893 25 21.08
169 267 37 87.16
170 862 27 78.63
171 273 54 71.43
172 572 52 9.75
173 581 57 73.89
174 342 17 73.53
175 892 30 78.53
176 204 49 60.07
177 445 20 5.34
178 860 31 98.9
179 1362 44 66.99
180 480 54 2.35