160
1 799 21 91.311
2 1126 32 75.539
3 788 5 55.588
4 627 50 35.572
5 450 13 87.31
6 924 9 61.373
7 1318 40 28.44
8 362 44 73.677
9 131 23 68.223
10 21 37 89.529
11 1307 28 40.756
12 803 5 78.882
13 417 2 7.824
14 1174 1 96.89
15 1301 53 57.429
16 1352 21 78.615
17 632 22 23.789
18 342 26 91.547
19 1384 10 46.177
20 105 51 68.182
21 347 58 81.992
22 691 37 35.982
23 177 50 82.294
24 1041 37 36.089
25 415 13 39.851
26 1201 47 19.791
27 387 37 72.396
28 72 27 86.461
29 1153 37 55.606
30 366 52 65.046
31 1175 9 97.621
32 395 45 46.157
33 902 47 19.486
34 156 17 91.095
35 126 38 13.781
36 886 22 35.359
37 1173 51 14.78
38 185 44 9.37
39 1323 53 39.667
40 724 46 19.253
41 590 54 61.944
42 604 1 3.246
43 1230 43 23.685
44 1338 46 39.603
45 96 48 71.391
46 1078 41 91.916
47 1180 59 80.214
48 1011 25 14.199
49 785 1 60.463
50 1165 36 73.257
51 1122 53 3.961
52 721 48 50.98
53 399 16 14.451
54 939 19 71.803
55 379 8 22.849
56 279 29 65.839
57 934 24 72.887
58 242 19 76.178
59 197 50 65.843
60 642 51 98.807
61 1225 27 51.246
62 1144 53 89.721
63 834 8 2.372
64 211 2 25.089
65 16 59 68.069
66 1142 9 41.169
67 1135 15 93.923
68 654 49 60.275
69 1281 39 41.543
70 901 43 26.051
71 1230 29 12.34
72 1295 41 86.215
73 950 16 9.163
74 1431 6 88.864
75 569 55 75.793
76 933 27 81.759
77 1246 37 81.577
78 762 28 32.214
79 921 11 16.744
80 563 20 60.764
81 1207 15 15.355
82 246 31 39.861
83 931 59 85.651
84 494 45 26.907
85 417 26 28.656
86 900 58 11.592
87 13 24 35.248
88 49 52 30.1
89 704 54 11.077
90 1274 11 16.375
91 1408 56 46.478
92 1078 1 76.297
93 201 23 2.655
94 124 3 34.11
95 777 2 25.749
96 1419 33 32.669
97 363 6 71.092
98 790 52 5.264
99 777 31 86.054
100 137 13 65.161
101 261 14 88.504
102 1431 24 68.415
103 414 60 89.075
104 1163 38 30.68
105 280 44 99.08
106 64 48 50.835
107 809 21 5.483
108 278 16 44.83
109 1311 9 54.66
110 225 12 42.359
111 888 25 43.256
112 893 23 28.971
113 669 51 86.474
114 221 52 64.054
115 1212 12 87.549
116 418 55 52.485
117 1268 27 4.994
118 945 27 81.641
119 80 29 10.813
120 1339 53 90.83
121 979 21 21.242
122 853 60 18.475
123 1047 31 50.368
124 983 50 48.566
125 226 44 51.786
126 151 11 88.723
127 789 32 88.322
128 907 53 36.016
129 925 22 97.344
130 818 38 17.534
131 850 55 32.569
132 746 20 72.956
133 664 46 63.351
134 457 44 51.857
135 192 34 2.652
136 723 60 99.35
137 346 51 81.649
138 1318 39 8.973
139 289 32 92.141
140 312 12 37.665
141 1108 12 13.397
142 250 27 33.105
143 216 49 73.465
144 490 17 69.517
145 718 60 58.14
146 748 38 29.013
147 942 8 94.354
148 365 25 42.997
149 190 46 65.922
150 952 15 10.793
151 717 22 48.44
152 1190 2 75.54
153 669 30 17.505
154 811 37 39.395
155 152 40 55.503
156 836 33 49.103
157 907 23 28.795
158 1019 39 57.156
159 825 15 19.76
160 1190 21 97.539