164
1 493 1 44.331
2 1212 18 62.256
3 1260 34 31.997
4 24 9 98.834
5 1168 51 82.296
6 1288 34 53.999
7 1046 44 90.902
8 728 18 73.881
9 1252 4 33.601
10 265 49 93.009
11 160 16 80.375
12 606 35 40.959
13 233 12 55.344
14 899 20 32.851
15 406 33 71.697
16 529 27 3.11
17 209 48 21.005
18 1238 27 90.774
19 517 27 86.659
20 296 54 58.076
21 807 47 88.94
22 168 32 5.516
23 1306 9 59.722
24 1035 3 10.919
25 1302 49 82.816
26 679 46 46.58
27 338 4 66.782
28 1200 20 66.786
29 1106 36 56.084
30 145 40 53.294
31 717 9 51.367
32 191 46 17.894
33 465 38 55.452
34 956 5 70.682
35 495 55 62.444
36 580 31 33.542
37 200 11 24.98
38 138 42 39.196
39 1285 29 98.668
40 19 54 75.913
41 189 44 87.015
42 1040 14 94.621
43 1417 28 95.236
44 439 53 66.583
45 328 35 29.861
46 949 29 22.497
47 1208 48 20.476
48 524 3 31.756
49 556 10 42.817
50 1195 12 37.47
51 1164 54 19.613
52 379 35 75.211
53 1133 45 57.249
54 565 16 49.803
55 1429 47 59.334
56 502 5 4.645
57 1116 1 16.446
58 25 48 9.874
59 782 18 90.256
60 872 2 46.939
61 280 53 60.805
62 901 47 5.632
63 1024 58 25.655
64 1225 6 10.722
65 295 30 24.609
66 521 26 91.729
67 805 31 50.924
68 884 29 67.19
69 282 36 34.213
70 441 56 84.772
71 937 38 28.897
72 126 51 86.005
73 1073 40 75.236
74 1279 51 77.689
75 1087 37 20.272
76 939 57 82.897
77 678 46 19.327
78 611 39 96.957
79 1409 3 5.653
80 882 58 51.045
81 367 15 47.161
82 1162 30 89.366
83 266 46 93.405
84 472 23 28.671
85 850 8 57.591
86 1164 37 40.842
87 20 27 16.768
88 801 6 65.121
89 498 23 66.905
90 249 47 18.289
91 1375 14 25.007
92 611 27 41.62
93 552 20 73.587
94 1318 26 73.707
95 650 23 79.536
96 153 34 65.847
97 402 57 12.281
98 425 32 74.497
99 678 19 83.839
100 709 26 81.946
101 1222 12 80.923
102 640 35 14.827
103 842 16 31.559
104 869 16 72.49
105 627 5 75.175
106 900 7 29.846
107 1149 5 88.199
108 437 6 36.587
109 844 15 43.886
110 529 11 3.331
111 157 31 76.449
112 141 54 49.799
113 288 19 55.689
114 1071 27 82.242
115 1343 37 73.243
116 35 43 23.322
117 639 29 82.769
118 1425 48 77.514
119 398 48 89.361
120 312 59 94.425
121 538 42 15.671
122 431 13 2.859
123 1262 11 19.425
124 330 56 96.665
125 1427 47 52.16
126 1377 42 56.997
127 310 43 60.965
128 1027 52 16.428
129 1187 41 4.522
130 501 18 76.04
131 266 21 70.983
132 649 13 4.61
133 330 45 53.532
134 804 34 20.836
135 689 58 30.16
136 1240 26 70.527
137 747 26 13.272
138 1376 39 77.239
139 5 11 74.389
140 1341 51 58.437
141 501 11 52.623
142 187 36 91.842
143 685 20 31.091
144 1073 13 50.991
145 67 57 48.319
146 710 16 15.749
147 574 50 99.715
148 785 33 84.869
149 25 46 38.456
150 587 27 91.612
151 234 24 1.609
152 57 47 18.789
153 427 36 49.398
154 1356 26 11.482
155 1147 16 94.243
156 1122 31 97.502
157 284 53 93.451
158 726 38 81.134
159 831 49 40.013
160 77 31 23.723
161 1427 36 59.756
162 514 20 79.258
163 23 11 68.378
164 538 37 18.906
