200
1 81 18 45.794
2 522 38 31.745
3 213 16 77.851
4 657 42 35.478
5 538 49 82.096
6 787 39 63.918
7 292 55 80.648
8 1173 31 58.844
9 218 60 20.475
10 1098 5 16.568
11 692 30 32.081
12 1097 13 79.102
13 352 51 56.311
14 248 12 37.441
15 409 9 87.371
16 97 33 28.483
17 519 42 81.63
18 412 9 47.622
19 500 32 88.361
20 169 28 34.142
21 841 49 11.004
22 1380 21 31.663
23 395 48 17.834
24 558 42 48.075
25 1004 26 18.394
26 471 4 31.357
27 710 36 28.464
28 313 48 31.167
29 190 35 8.89
30 1284 17 53.784
31 973 15 29.013
32 812 20 4.677
33 638 57 84.712
34 1269 5 32.982
35 566 30 75.591
36 507 33 45.405
37 509 6 25.568
38 1033 39 4.576
39 342 39 12.291
40 827 52 38.678
41 1071 17 18.812
42 395 18 45.914
43 220 7 68.968
44 472 6 66.599
45 311 1 20.917
46 988 2 63.731
47 56 1 34.435
48 1064 1 44.838
49 294 1 23.506
50 822 1 5.407
51 1314 1 78.491
52 497 1 16.936
53 820 1 14.628
54 640 1 60.17
55 25 1 92.713
56 829 1 25.196
57 972 1 50.461
58 76 1 8.497
59 1229 1 19.098
60 1006 1 73.247
61 605 1 60.288
62 44 1 2.794
63 25 1 46.519
64 611 1 21.697
65 470 1 37.65
66 454 1 72.571
67 768 1 56.564
68 486 1 67.858
69 120 1 12.894
70 587 1 18.586
71 858 1 98.66
72 65 1 75.558
73 1019 1 65.88
74 1416 1 96.072
75 978 1 7.446
76 1430 1 79.736
77 127 1 14.637
78 974 1 41.322
79 1356 1 24.271
80 100 1 52.612
81 8 1 93.893
82 885 1 9.505
83 1214 1 38.137
84 264 1 53.537
85 936 1 53.195
86 863 1 18.237
87 981 1 94.246
88 1167 1 35.579
89 204 1 13.798
90 60 1 24.266
91 150 1 60.758
92 116 1 67.245
93 1434 1 64.013
94 452 1 41.721
95 1186 1 25.725
96 669 1 46.894
97 533 1 81.37
98 1330 1 69.588
99 840 1 17.576
100 431 1 70.322
101 816 1 3.533
102 698 1 38.08
103 680 1 42.983
104 1177 1 52.784
105 1193 1 69.462
106 751 1 6.878
107 640 1 63.998
108 198 1 53.816
109 172 1 27.735
110 585 1 99.306
111 412 1 42.819
112 1048 1 62.277
113 791 1 79.479
114 1130 1 46.155
115 1012 1 90.921
116 836 1 50.333
117 263 1 80.48
118 380 1 51.103
119 1137 1 71.359
120 1435 1 0.007
121 1168 1 7.272
122 1045 1 12.267
123 1259 1 75.481
124 905 1 3.7
125 584 1 13.875
126 214 1 76.564
127 213 1 61.901
128 949 1 58.679
129 1102 1 64.318
130 622 1 78.467
131 794 1 5.246
132 1191 1 89.49
133 928 1 69.811
134 1145 1 8.545
135 89 1 31.155
136 1264 1 19.469
137 1061 1 1.875
138 904 1 21.144
139 510 1 10.232
140 873 1 80.932
141 824 1 49.293
142 1370 1 99.014
143 1161 1 96.785
144 129 1 68.252
145 421 1 88.01
146 613 1 77.698
147 1273 1 1.607
148 1402 1 28.826
149 1030 1 67.161
150 935 1 29.23
151 737 1 95.999
152 615 1 30.025
153 383 1 30.729
154 950 1 64.347
155 1110 1 0.267
156 428 1 61.864
157 100 1 52.958
158 1383 1 14.851
159 443 1 20.412
160 350 1 44.301
161 1341 1 40.969
162 286 1 61.774
163 1023 1 18.424
164 562 1 66.571
165 357 1 49.521
166 601 1 44.452
167 29 1 74.083
168 971 1 53.388
169 517 1 89.004
170 262 1 66.064
171 1174 1 31.358
172 550 1 38.153
173 995 1 63.085
174 1361 1 62.471
175 1171 1 68.808
176 1248 1 24.233
177 1319 1 89.948
178 1230 1 23.144
179 139 1 0.225
180 80 1 65.158
181 209 1 98.105
182 371 1 84.568
183 1058 1 24.526
184 683 1 57.305
185 543 1 63.529
186 161 1 92.572
187 1190 1 71.85
188 1315 1 99.469
189 189 1 52.961
190 363 1 52.665
191 828 1 21.649
192 842 1 52.328
193 1208 1 13.596
194 286 1 25.644
195 36 1 66.761
196 1364 1 57.159
197 182 1 96.673
198 777 1 98.64
199 266 1 81.057
200 241 1 71.731
