200			
1	983	34	17.447 
2	1316	54	40.997 
3	657	57	0.985 
4	1091	20	23.967 
5	665	60	69.445 
6	709	18	25.827 
7	1306	39	98.898 
8	110	28	77.809 
9	992	26	62.796 
10	45	42	15.889 
11	137	24	59.690 
12	663	3	54.737 
13	1171	32	99.561 
14	221	51	34.179 
15	829	40	2.032 
16	676	3	36.353 
17	1057	11	90.197 
18	1157	38	70.116 
19	463	3	97.054 
20	614	37	3.526 
21	152	48	54.648 
22	385	25	29.644 
23	1242	55	85.558 
24	455	6	66.759 
25	6	51	94.443 
26	460	17	47.862 
27	782	22	84.879 
28	875	24	39.656 
29	290	10	91.942 
30	64	11	92.438 
31	1237	30	95.502 
32	683	38	69.382 
33	140	56	87.945 
34	1326	36	98.532 
35	936	53	22.655 
36	77	1	80.606 
37	390	38	67.594 
38	353	7	51.309 
39	804	9	82.509 
40	739	12	56.403 
41	752	26	40.674 
42	936	47	37.807 
43	788	12	31.359 
44	128	2	31.920 
45	303	35	29.014 
46	678	30	15.730 
47	866	42	72.527 
48	18	22	49.269 
49	1316	27	90.249 
50	1181	45	43.573 
51	863	54	85.328 
52	663	13	53.567 
53	240	42	31.162 
54	897	18	26.558 
55	553	3	45.380 
56	1037	2	17.470 
57	203	3	57.265 
58	1330	42	49.569 
59	1305	23	76.707 
60	1253	3	19.802 
61	1001	48	65.157 
62	908	22	6.787 
63	804	28	13.758 
64	888	3	72.117 
65	108	47	24.159 
66	333	24	96.561 
67	555	34	55.971 
68	376	48	12.933 
69	1019	34	18.369 
70	453	21	87.807 
71	706	36	34.148 
72	359	57	33.825 
73	233	25	38.654 
74	405	4	38.913 
75	1433	6	99.416 
76	1015	33	34.641 
77	1282	40	73.745 
78	845	56	55.461 
79	364	35	96.577 
80	1056	20	8.116 
81	70	32	89.285 
82	1071	40	77.450 
83	293	1	58.868 
84	512	3	78.990 
85	574	40	5.911 
86	400	4	79.239 
87	802	18	51.749 
88	1397	37	11.357 
89	769	21	22.548 
90	1269	20	14.528 
91	681	49	8.063 
92	1068	28	99.349 
93	232	14	29.455 
94	752	24	43.504 
95	55	52	77.626 
96	353	6	95.665 
97	746	47	69.438 
98	290	36	20.658 
99	1275	38	74.409 
100	1369	55	36.078 
101	870	34	11.108 
102	575	6	25.972 
103	1431	1	58.250 
104	105	5	68.817 
105	1280	21	43.218 
106	458	17	61.485 
107	1328	17	18.942 
108	546	53	81.849 
109	25	23	62.766 
110	305	25	89.388 
111	1010	38	67.519 
112	700	16	35.850 
113	1328	3	48.935 
114	403	37	68.891 
115	977	45	75.041 
116	277	48	44.833 
117	1209	28	83.538 
118	1249	13	78.199 
119	468	43	86.999 
120	1392	32	22.994 
121	5	25	22.087 
122	583	10	94.450 
123	180	23	73.713 
124	443	1	4.638 
125	386	4	1.527 
126	476	31	5.818 
127	617	44	9.003 
128	268	48	20.028 
129	73	58	6.950 
130	1220	58	99.623 
131	265	34	3.537 
132	839	38	89.958 
133	1081	46	7.153 
134	1425	58	89.066 
135	1295	45	4.013 
136	1080	26	52.114 
137	1138	40	97.032 
138	525	33	0.319 
139	1353	48	34.959 
140	1036	47	41.678 
141	460	19	88.735 
142	627	29	59.095 
143	1341	30	93.049 
144	1071	8	93.671 
145	953	52	30.682 
146	553	40	92.205 
147	1327	39	1.050 
148	1383	40	26.887 
149	1127	34	61.681 
150	875	28	44.284 
151	157	8	70.370 
152	1257	5	74.693 
153	306	26	23.510 
154	39	56	56.624 
155	1353	4	49.954 
156	1076	6	12.290 
157	1378	12	58.351 
158	244	29	76.464 
159	553	11	75.218 
160	1220	37	22.898 
161	167	48	38.351 
162	44	12	63.226 
163	485	30	77.447 
164	515	23	1.617 
165	655	38	42.391 
166	1118	42	91.323 
167	120	17	55.556 
168	331	24	60.378 
169	587	29	96.786 
170	1286	10	91.274 
171	940	41	71.871 
172	1070	51	24.874 
173	764	29	46.467 
174	1229	1	20.683 
175	1414	8	92.549 
176	866	59	72.476 
177	249	4	97.268 
178	1261	22	39.238 
179	880	53	52.193 
180	948	28	48.423 
181	502	17	49.532 
182	552	56	85.664 
183	1140	25	4.027 
184	923	47	34.982 
185	68	6	70.535 
186	622	41	75.284 
187	1054	55	14.738 
188	1320	47	14.910 
189	865	2	44.450 
190	950	18	4.274 
191	963	53	43.718 
192	491	55	68.644 
193	1115	13	77.308 
194	874	2	44.408 
195	75	38	10.776 
196	860	44	3.491 
197	1244	60	7.391 
198	1074	34	30.921 
199	465	4	34.019 
200	147	8	44.968 
