186
1 231 21 12.732
2 911 3 77.978
3 666 7 86.718
4 247 36 98.065
5 108 12 13.464
6 866 22 28.155
7 1074 27 19.159
8 1225 58 7.693
9 1060 28 92.42
10 1312 49 95.342
11 149 1 65.028
12 960 46 68.246
13 553 7 34.586
14 366 46 14.03
15 267 36 46.146
16 716 45 43.936
17 95 41 43.337
18 283 54 60.735
19 783 29 14.315
20 517 11 59.223
21 1422 58 7.146
22 1424 51 17.093
23 695 18 37.316
24 840 23 6.102
25 999 17 58.915
26 877 14 34.849
27 497 19 21.194
28 982 55 82.698
29 1227 48 81.063
30 1160 11 11.658
31 493 37 53.302
32 199 38 6.542
33 954 54 59.176
34 1278 31 91.521
35 220 44 6.351
36 1283 18 10.729
37 517 51 61.402
38 1132 60 51.291
39 433 28 9.879
40 1251 12 96.554
41 464 28 60.887
42 875 29 62.288
43 1183 23 79.677
44 10 1 56.378
45 1368 46 93.41
46 598 47 69.669
47 729 43 34.932
48 1032 54 98.71
49 799 19 97.257
50 1334 59 55.102
51 810 44 75.888
52 687 22 23.575
53 973 53 96.15
54 491 31 11.39
55 1164 15 84.882
56 603 21 88.461
57 900 11 58.479
58 1056 45 38.344
59 1419 6 58.671
60 1185 29 51.974
61 870 28 99.875
62 501 54 46.111
63 954 27 5.185
64 339 2 24.668
65 127 34 30.693
66 737 44 33.546
67 1278 35 24.797
68 1039 56 87.105
69 958 37 45.919
70 653 11 71.266
71 765 45 22.641
72 622 16 36.746
73 1305 1 42.416
74 509 44 23.232
75 154 27 28.296
76 1109 60 44.185
77 108 45 88.671
78 673 58 61.4
79 253 43 7.481
80 628 57 9.702
81 455 53 87.778
82 1285 27 8.805
83 882 58 21.795
84 194 21 68.872
85 696 42 30.606
86 1078 16 84.219
87 951 8 43.252
88 895 19 7.345
89 1323 24 17.785
90 288 10 62.657
91 377 9 8.211
92 777 46 50.957
93 419 29 35.681
94 226 21 44.626
95 530 33 97.495
96 149 44 39.046
97 23 13 84.32
98 789 16 42.384
99 567 58 20.598
100 461 34 76.126
101 221 54 78.799
102 365 27 11.197
103 93 15 44.008
104 174 35 54.523
105 1121 31 87.43
106 1316 26 34.529
107 1109 4 34.579
108 1343 18 39.447
109 1166 28 73.216
110 217 31 66.453
111 188 26 59.046
112 952 40 26.674
113 1064 32 8.737
114 760 26 34.003
115 417 6 23.831
116 1238 2 66.225
117 228 43 54.632
118 1186 4 83.57
119 138 54 90.409
120 920 56 1.794
121 328 17 24.785
122 349 19 36.328
123 1222 55 30.593
124 1162 52 34.361
125 810 47 47.268
126 825 43 60.148
127 1241 2 19.5
128 1260 40 29.759
129 1245 31 72.786
130 500 8 41.17
131 441 50 29.794
132 67 38 32.246
133 13 11 57.603
134 1153 2 15.817
135 1082 26 88.913
136 538 30 30.669
137 1428 45 42.303
138 404 7 99.893
139 988 53 60.399
140 549 15 67.472
141 732 20 40.995
142 506 57 26.046
143 153 33 35.97
144 22 52 56.599
145 745 57 84.244
146 877 31 43.363
147 561 33 67.678
148 81 49 53.423
149 958 24 6.586
150 422 25 56.086
151 975 32 41.658
152 1173 52 94.558
153 147 1 18.362
154 555 1 44.789
155 1076 46 46.62
156 699 18 88.622
157 1333 18 58.166
158 1144 23 99.314
159 1412 16 15.452
160 1206 12 85.49
161 772 6 19.672
162 710 32 75.917
163 859 27 32.286
164 1121 44 62.685
165 213 7 9.195
166 1272 16 54.703
167 565 30 21.663
168 423 59 21.309
169 753 27 8.052
170 868 6 65.243
171 481 56 49.584
172 65 11 11.31
173 73 25 40.225
174 1003 17 22.564
175 931 12 71.803
176 839 35 91.009
177 461 48 63.061
178 892 24 55.269
179 9 17 52.778
180 27 8 37.055
181 780 32 59.427
182 1299 39 27.404
183 593 27 64.436
184 1364 23 3.692
185 720 55 5.445
186 830 59 55.808