200
1 977 34 56.666
2 977 35 57.000
3 977 33 56.665
4 976 35 56.700
5 978 34 55.000
6 977 35 57.000
7 977 35 57.000
8 978 34 56.172
9 978 45 56.172
10 976 33 56.666
11 300 60 99.999
12 300 60 99.999
13 300 60 99.999
14 300 60 99.999
15 300 60 99.999
16 300 60 99.999
17 300 60 99.999
18 300 60 99.999
19 300 60 99.782
20 300 60 99.875
21 300 60 99.762
22 300 60 99.786
23 300 60 99.763
24 300 60 99.763
25 300 60 99.773
26 300 60 99.819
27 300 60 98.999
28 300 60 98.999
29 300 60 98.999
30 300 60 98.999
31 1440 10 1.00
32 1440 20 1.10
33 1440 30 1.20
34 1440 40 1.30
35 1440 50 1.40
36 1440 60 1.50
37 1440 10 1.01
38 1180 15 13.131
39 138 60 66.918
40 85 14 9.000
41 720 34 66.192
42 734 60 49.343
43 1395 44 78.434
44 13 41 23.954
45 278 48 66.666
46 926 30 10.856
47 1153 3 58.675
48 318 25 3.222
49 65 15 1.00
50 94 60 53.333
51 61 60 99.999
52 61 14 9.467
53 1395 42 6.787
54 661 4 85.911
55 61 60 99.999
56 506 9 85.989
57 1 4 99.997
58 1 4 99.979
59 1 4 99.989
60 1 4 99.998
61 1 4 99.998
62 1 5 99.999
63 769 11 61.000
64 1413 9 76.000
65 444 36 99.999
66 61 56 99.999
67 536 5 83.132
68 169 10 72.534
69 782 54 94.000
70 1189 15 84.623
71 1234 36 76.998
72 576 47 30.987
73 1395 54 72.342
74 843 39 82.382
75 454 59 92.222
76 267 45 99.999
77 61 49 75.272
78 453 53 95.000
79 38 39 75.917
80 1356 28 29.333
81 1074 58 44.444
82 145 45 78.276
83 607 18 44.000
84 1028 16 7.555
85 829 19 77.555
86 653 48 57.817
87 61 15 70.111
88 999 37 94.276
89 759 21 64.182
90 608 37 93.129
91 1407 43 74.172
92 1395 42 8.000
93 50 60 40.000
94 50 59 39.999
95 50 59 39.919
96 61 35 44.128
97 40 43 20.000
98 40 42 20.001
99 40 49 21.001
100 40 50 77.777
101 40 55 75.000
102 40 55 76.001
103 1 2 99.996
104 1 2 99.969
105 1 2 99.966
106 1 3 99.898
107 1 3 99.897
108 1 3 99.988
109 1 3 99.987
110 30 35 40.010
111 30 36 40.010
112 20 37 50.010
113 61 22 37.193
114 20 50 75.000
115 20 22 74.012
116 20 21 74.001
117 20 21 73.010
118 1395 10 89.000
119 10 11 66.622
120 10 11 66.623
121 10 12 67.000
122 10 13 67.102
123 10 15 67.102
124 10 15 68.000
125 9 10 91.000
126 8 10 92.219
127 61 6 76.918
128 7 13 73.344
129 6 10 56.387
130 9 57 35.678
131 8 41 5.000
132 7 59 15.293
133 61 48 4.000
134 6 37 53.102
135 61 6 12.000
136 769 11 61.000
137 61 22 37.193
138 40 55 76.001
139 1395 12 21.000
140 13 41 23.954
141 61 35 44.128
142 576 47 30.987
143 85 14 9.00
144 1440 10 1.02
145 1440 10 1.03
146 1440 20 1.11
147 1440 20 1.12
148 1440 20 1.10
149 1440 30 1.21
150 1227 15 90.287
151 61 34 52.093
152 1096 4 51.231
153 300 60 99.999
154 1395 55 71.213
155 38 39 75.917
156 8 10 92.219
157 20 21 73.010
158 30 36 40.010
159 318 25 3.222
160 976 43 36.891
161 1439 27 22.012
162 138 60 66.918
163 1395 31 64.444
164 453 53 95.000
165 607 18 44.000
166 20 21 73.010
167 61 58 43.231
168 136 48 1.222
169 85 14 9.000
170 318 25 3.222
171 61 58 43.231
172 1 2 99.969
173 13 41 23.954
174 1413 9 76.000
175 1440 19 1.100
176 10 15 67.102
177 30 35 40.010
178 94 60 53.333
179 61 49 75.272
180 1 5 99.999
181 1440 9 1.010
182 1395 11 81.231
183 138 60 66.918
184 444 36 99.999
185 50 60 40.000
186 169 10 72.538
187 61 53 56.981
188 565 53 86.981
189 318 25 3.222
190 1440 9 1.000
191 1440 9 1.010
192 1440 9 1.020
193 1440 19 1.100
194 1440 19 1.120
195 138 60 66.918
196 536 5 83.132
197 61 24 42.345
198 1395 50 35.421
199 630 48 62.345
200 630 48 62.345