187
1 121 59 12
2 1151 27 45
3 387 36 28
4 801 54 7
5 534 31 36
6 1075 43 58
7 116 2 55
8 114 19 88
9 1109 22 14
10 774 43 72
11 1381 6 45
12 947 59 24
13 1020 10 61
14 1212 35 94
15 518 51 75
16 281 55 49
17 1434 5 86
18 863 12 88
19 638 22 72
20 1039 13 20
21 1154 26 71
22 650 27 38
23 316 12 44
24 1193 24 28
25 1215 39 56
26 775 17 44
27 1070 55 26
28 1122 18 68
29 96 33 14
30 1151 13 47
31 571 51 2
32 849 56 25
33 144 1 78
34 951 38 67
35 152 60 40
36 707 48 14
37 1274 38 86
38 928 20 3
39 236 43 44
40 108 59 52
41 905 36 7
42 127 31 17
43 168 4 14
44 634 29 78
45 1110 49 60
46 1016 33 6
47 594 22 11
48 909 30 44
49 144 10 15
50 1041 12 26
51 1252 10 18
52 783 26 98
53 159 58 72
54 824 55 65
55 1046 26 75
56 743 24 18
57 1075 42 38
58 1408 10 69
59 608 1 22
60 423 15 64
61 1156 60 7
62 289 59 96
63 657 15 32
64 606 37 64
65 278 30 77
66 497 44 38
67 609 56 30
68 1306 52 8
69 72 24 47
70 905 12 61
71 217 38 80
72 1111 39 26
73 308 28 32
74 1034 1 89
75 701 13 48
76 776 51 70
77 197 3 5
78 925 10 89
79 1120 48 51
80 1346 10 49
81 173 49 7
82 1238 6 29
83 295 41 37
84 1258 16 33
85 990 27 93
86 79 56 49
87 1152 19 5
88 954 55 51
89 582 5 70
90 935 39 22
91 659 49 58
92 872 34 6
93 358 41 36
94 737 40 46
95 932 3 43
96 1101 33 1
97 1284 20 41
98 771 40 84
99 1381 23 41
100 923 14 35
101 1130 37 84
102 1306 43 84
103 1067 16 23
104 830 55 39
105 937 39 90
106 732 44 7
107 1437 20 14
108 276 51 16
109 340 26 61
110 740 13 42
111 68 26 16
112 975 16 53
113 1039 21 36
114 1232 46 20
115 692 57 91
116 1439 49 1
117 667 31 12
118 1435 13 47
119 614 51 29
120 253 27 32
121 27 34 69
122 412 43 47
123 440 17 1
124 888 23 94
125 639 33 10
126 373 39 88
127 883 35 17
128 1014 2 80
129 501 22 26
130 82 18 53
131 94 26 27
132 1135 32 84
133 951 9 96
134 1422 20 4
135 982 50 45
136 1171 8 15
137 666 16 2
138 786 8 78
139 37 28 55
140 1272 51 1
141 154 23 33
142 1416 32 13
143 175 37 16
144 1224 49 8
145 1157 30 79
146 1008 53 78
147 900 14 81
148 1385 27 61
149 492 42 13
150 152 33 74
151 1373 6 58
152 183 15 13
153 845 26 47
154 616 35 34
155 1219 10 79
156 1278 24 31
157 730 18 74
158 1386 36 65
159 171 3 27
160 654 9 41
161 1003 53 80
162 232 39 63
163 36 55 99
164 265 26 44
165 544 41 76
166 834 20 75
167 383 25 60
168 548 52 47
169 943 15 46
170 154 46 22
171 927 15 87
172 491 23 42
173 882 43 86
174 445 37 62
175 172 17 46
176 834 22 7
177 831 38 76
178 1205 11 49
179 163 13 78
180 1057 60 26
181 939 22 61
182 1043 23 88
183 887 13 97
184 922 17 69
185 670 12 75
186 624 26 27
187 1027 4 25
