200
1 821 4 19.122
2 1028 57 51.876
3 1363 25 90.332
4 1306 17 81.591
5 730 34 10.88
6 318 3 1.622
7 103 49 70.604
8 1072 50 88.898
9 562 17 70.276
10 491 27 23.467
11 260 46 46.167
12 1203 52 84.008
13 1189 52 77.58
14 447 11 56.103
15 201 25 41.311
16 886 49 20.444
17 1268 40 28.84
18 241 49 16.238
19 1378 40 67.124
20 1367 22 44.848
21 13 3 71.488
22 1437 39 37.053
23 667 54 27.841
24 420 1 89.953
25 940 10 97.116
26 71 55 87.366
27 304 36 35.017
28 229 39 14.174
29 114 12 37.109
30 79 54 57.486
31 370 54 42.288
32 579 27 83.936
33 629 42 90.343
34 449 33 19.137
35 717 51 51.278
36 1114 47 91.671
37 1008 10 55.129
38 595 1 39.652
39 577 11 82.54
40 222 41 17.469
41 551 37 87.108
42 529 34 60.16
43 1070 22 70.745
44 820 27 16.814
45 1098 48 76.452
46 810 34 66.684
47 904 24 90.966
48 1089 11 80.38
49 875 2 70.077
50 1277 41 19.679
51 1353 20 84.269
52 12 59 12.354
53 301 56 18.705
54 639 54 52.762
55 246 37 33.522
56 447 56 69.293
57 377 52 81.28
58 1254 14 41.901
59 1276 30 3.468
60 676 32 78.541
61 1434 30 0.181
62 682 59 23.07
63 388 27 48.561
64 221 24 85.498
65 1131 59 70.821
66 314 8 98.656
67 1373 49 24.547
68 471 23 7.367
69 1174 43 89.698
70 1432 8 52.212
71 77 44 62.269
72 160 24 17.347
73 191 21 51.757
74 1340 49 81.296
75 1131 15 58.167
76 507 27 52.873
77 983 32 98.324
78 881 45 57.965
79 684 57 74.856
80 903 32 19.929
81 808 33 90.614
82 992 3 35.798
83 728 42 79.968
84 883 54 42.689
85 427 27 18.355
86 539 24 8.675
87 645 7 9.466
88 740 13 66.505
89 666 25 18.929
90 773 27 27.588
91 37 55 62.709
92 245 40 96.278
93 689 37 68.432
94 429 17 58.194
95 944 31 1.731
96 345 30 64.08
97 25 34 39.579
98 518 49 13.216
99 212 23 55.557
100 884 11 19.606
101 715 3 64.818
102 905 54 98.995
103 344 55 77.835
104 1130 16 83.254
105 1136 54 27.458
106 847 9 11.618
107 1044 19 26.467
108 1434 31 11.437
109 112 11 97.225
110 1288 36 41.64
111 104 29 94.213
112 1362 57 24.122
113 1354 59 84.851
114 1406 1 89.082
115 941 33 2.796
116 848 57 65.279
117 972 59 65.647
118 850 5 96.72
119 868 18 42.738
120 48 36 60.686
121 1160 23 48.325
122 168 57 34.307
123 449 29 20.378
124 1410 8 53.184
125 540 36 30.579
126 949 28 24.22
127 759 13 79.11
128 8 22 26.577
129 1141 34 89.766
130 1038 55 36.145
131 976 10 75.844
132 1117 49 96.912
133 270 47 88.853
134 1284 37 15.068
135 757 59 4.846
136 985 19 85.999
137 260 27 59.772
138 640 32 60.696
139 1213 40 87.035
140 450 37 22.302
141 495 42 40.981
142 303 49 28.123
143 1060 54 42.331
144 293 29 62.655
145 1290 50 44.109
146 1017 4 7.521
147 546 38 18.8
148 281 13 60.224
149 1439 42 64.512
150 34 14 82.943
151 587 58 65.327
152 1303 56 31.815
153 1373 39 62.462
154 1178 50 12.575
155 1133 9 89.678
156 549 52 63.386
157 839 43 46.14
158 38 51 92.814
159 1238 46 54.497
160 261 8 51.292
161 1180 41 1.187
162 10 9 14.908
163 883 54 4.079
164 206 22 35.742
165 303 45 32.2
166 1198 23 41.74
167 1030 49 61.702
168 163 51 49.862
169 1047 22 59.603
170 278 34 19.595
171 937 11 5.266
172 983 38 36.788
173 1390 47 90.644
174 172 47 81.078
175 843 23 8.174
176 112 48 51.907
177 470 51 54.582
178 528 45 19.08
179 44 39 49.384
180 1054 45 99.726
181 1330 51 95.557
182 1058 10 55.661
183 1295 7 69.256
184 156 35 67.132
185 417 31 25.848
186 820 58 69.181
187 186 21 67.219
188 243 35 77.417
189 70 6 40.955
190 1128 7 69.936
191 355 3 18.367
192 1045 38 56.088
193 1350 25 49.863
194 722 20 10.296
195 661 40 54.101
196 1354 30 17.913
197 1297 45 10.644
198 1399 42 72.278
199 1397 41 45.477
200 718 53 35.365