191
1 401 56 43.927
2 485 11 70.979
3 442 50 4.058
4 827 1 69.239
5 1316 44 7.629
6 155 34 62.228
7 740 11 62.759
8 1429 28 25.882
9 390 24 95.221
10 501 44 50.147
11 451 9 22.975
12 1146 56 71.518
13 92 30 85.428
14 7 7 69.957
15 337 42 43.235
16 1001 27 48.544
17 1014 5 37.884
18 1134 48 15.625
19 273 54 82.813
20 422 39 47.480
21 1364 47 68.106
22 351 26 86.205
23 1287 12 71.698
24 510 24 8.481
25 14 30 60.543
26 267 44 67.928
27 553 27 39.167
28 627 13 79.348
29 912 6 35.813
30 1435 56 34.273
31 181 37 16.642
32 969 49 79.859
33 704 17 9.443
34 1362 6 11.926
35 480 44 90.103
36 1232 47 6.891
37 609 45 47.366
38 137 39 60.527
39 1014 50 9.083
40 1397 39 13.117
41 672 31 75.995
42 941 13 29.216
43 1363 47 51.587
44 732 15 87.486
45 610 44 93.584
46 869 40 11.207
47 1350 31 13.089
48 644 29 74.111
49 631 29 71.693
50 580 58 20.133
51 846 24 57.467
52 1435 43 57.670
53 455 58 13.970
54 368 22 22.178
55 477 13 98.384
56 919 14 13.710
57 925 3 96.861
58 701 38 3.402
59 97 30 28.908
60 941 38 54.236
61 1099 47 87.621
62 1214 27 46.302
63 1001 60 76.743
64 798 13 81.616
65 764 55 97.380
66 100 47 27.056
67 1313 27 96.672
68 351 11 51.077
69 48 25 20.237
70 249 49 76.864
71 1169 34 9.726
72 527 14 58.473
73 1401 31 78.003
74 568 5 28.693
75 135 1 67.794
76 764 12 84.007
77 582 7 2.665
78 150 54 52.614
79 646 26 87.658
80 325 24 14.544
81 249 28 1.921
82 660 23 77.336
83 67 29 37.583
84 62 33 36.992
85 1321 52 82.464
86 595 42 63.185
87 170 5 96.659
88 920 52 70.947
89 1143 7 23.837
90 748 58 43.528
91 614 40 34.702
92 952 23 49.149
93 518 41 81.800
94 513 24 96.102
95 1050 26 4.019
96 657 53 33.556
97 1268 34 35.572
98 1337 19 82.477
99 1242 29 90.122
100 941 18 22.763
101 1082 53 35.193
102 819 55 23.686
103 1157 53 10.368
104 622 32 4.798
105 503 40 73.629
106 482 11 76.410
107 803 40 73.944
108 860 54 49.489
109 562 57 27.683
110 1365 58 17.148
111 619 21 9.256
112 1092 9 78.942
113 861 18 96.778
114 942 21 34.636
115 1136 36 9.397
116 340 51 77.993
117 854 22 44.714
118 719 39 75.635
119 1363 33 71.666
120 1319 11 3.996
121 1257 20 33.971
122 832 60 52.913
123 559 3 88.829
124 1352 37 65.583
125 619 26 95.582
126 890 45 55.309
127 1017 11 45.239
128 367 48 43.994
129 666 32 37.861
130 280 32 50.937
131 630 57 36.537
132 167 48 63.006
133 700 50 77.811
134 863 30 76.101
135 1043 18 10.233
136 969 9 9.681
137 6 24 75.024
138 1280 54 37.565
139 435 15 83.503
140 465 34 22.097
141 982 1 48.287
142 272 59 20.964
143 260 39 69.189
144 680 20 96.613
145 1411 43 5.816
146 653 56 6.150
147 1383 60 34.126
148 260 51 54.862
149 1350 3 74.618
150 187 20 54.919
151 177 20 1.210
152 1071 27 10.152
153 1002 37 65.486
154 48 38 79.516
155 680 14 93.939
156 48 51 57.325
157 726 16 3.780
158 1205 13 48.909
159 224 24 73.451
160 1006 34 52.714
161 763 32 18.422
162 845 8 91.331
163 1191 57 11.388
164 722 22 32.895
165 532 48 5.479
166 1430 40 91.421
167 399 59 15.786
168 13 40 88.302
169 1368 14 98.476
170 1286 55 59.903
171 779 47 64.342
172 334 33 28.798
173 466 21 66.393
174 985 7 63.505
175 640 41 29.587
176 1005 26 70.407
177 904 42 8.147
178 313 48 50.362
179 560 53 35.617
180 1433 21 63.549
181 792 13 23.407
182 497 41 54.638
183 910 33 81.918
184 41 12 83.062
185 715 37 72.942
186 1095 40 28.562
187 969 34 51.794
188 1263 18 71.601
189 420 10 84.648
190 470 21 53.123
191 542 33 45.440