174
1 593 55 54
2 1161 8 60
3 971 45 22
4 405 7 24
5 529 40 85
6 74 29 5
7 72 25 88
8 1209 6 31
9 366 32 73
10 53 32 76
11 1066 17 3
12 1197 15 45
13 641 60 43
14 648 55 32
15 276 3 11
16 685 18 95
17 751 48 42
18 86 20 65
19 719 56 67
20 434 37 66
21 925 13 83
22 814 55 44
23 20 3 14
24 860 11 58
25 779 16 39
26 1210 32 86
27 668 20 61
28 1275 29 55
29 588 10 31
30 373 12 67
31 147 20 94
32 1184 16 92
33 456 45 87
34 1341 1 55
35 864 42 73
36 673 22 55
37 450 7 17
38 224 49 34
39 1091 42 24
40 749 35 20
41 442 51 60
42 988 13 13
43 1406 12 18
44 711 39 87
45 1230 26 66
46 1342 20 78
47 640 44 75
48 95 44 84
49 400 3 70
50 1239 3 78
51 1064 41 12
52 115 2 69
53 320 20 96
54 965 40 39
55 12 34 76
56 716 4 17
57 829 6 11
58 663 27 51
59 365 32 94
60 997 35 45
61 1028 17 33
62 1204 53 66
63 141 25 28
64 861 24 85
65 539 45 64
66 1 40 27
67 1231 9 18
68 378 31 89
69 891 45 43
70 692 48 39
71 1428 17 22
72 1193 60 44
73 1143 47 96
74 231 13 83
75 421 48 96
76 834 36 73
77 794 36 9
78 620 25 20
79 1229 1 60
80 273 24 77
81 302 17 21
82 632 35 50
83 1438 40 79
84 1084 60 82
85 926 60 93
86 1083 28 89
87 953 38 88
88 1089 59 55
89 22 45 39
90 214 15 56
91 486 13 46
92 1409 14 55
93 756 25 3
94 468 57 14
95 441 40 12
96 268 40 61
97 277 40 31
98 129 10 65
99 361 57 69
100 1319 6 74
101 200 54 36
102 368 39 46
103 145 55 89
104 1220 23 55
105 145 57 63
106 449 34 37
107 1184 3 45
108 144 44 81
109 667 24 74
110 623 45 27
111 1220 3 40
112 875 23 67
113 390 57 81
114 526 8 72
115 1412 31 42
116 216 15 57
117 217 26 6
118 28 16 42
119 273 48 17
120 629 60 72
121 1093 20 35
122 549 7 74
123 63 27 64
124 1133 15 87
125 826 32 63
126 737 22 37
127 933 40 19
128 693 16 3
129 132 26 74
130 1007 38 19
131 707 27 90
132 522 16 64
133 786 45 10
134 454 60 62
135 1401 29 49
136 290 59 61
137 1171 14 28
138 1092 4 78
139 590 7 36
140 1043 25 35
141 826 44 8
142 900 15 3
143 1211 38 83
144 192 59 35
145 1396 45 47
146 165 42 92
147 858 47 11
148 977 18 22
149 880 5 9
150 789 46 64
151 367 36 47
152 1280 51 99
153 23 11 83
154 441 22 20
155 1161 31 64
156 143 52 48
157 1296 17 4
158 1272 21 66
159 83 12 50
160 293 57 11
161 704 31 56
162 668 51 91
163 848 30 66
164 639 52 34
165 796 1 62
166 928 9 14
167 1404 42 14
168 1005 37 44
169 804 13 13
170 387 45 99
171 1027 20 25
172 1296 22 77
173 783 24 67
174 1026 57 42
