180
1 1309 17 64
2 1438 55 97
3 599 59 38
4 560 48 50
5 516 41 60
6 345 4 6
7 972 43 69
8 1283 45 59
9 365 60 70
10 796 48 1
11 1188 31 63
12 1038 47 80
13 806 2 15
14 1000 51 69
15 1082 57 38
16 122 1 2
17 1037 15 9
18 975 58 29
19 956 57 8
20 1102 31 30
21 561 16 38
22 1126 38 44
23 475 42 63
24 1250 26 64
25 505 45 59
26 787 56 77
27 184 5 45
28 351 4 72
29 114 36 73
30 682 29 95
31 1119 14 17
32 647 36 90
33 1077 55 28
34 1243 51 2
35 794 54 71
36 522 4 35
37 598 27 7
38 93 52 52
39 108 58 14
40 1102 20 74
41 238 60 91
42 933 58 10
43 70 24 2
44 506 39 91
45 36 18 98
46 356 24 77
47 380 32 91
48 1149 33 19
49 404 46 5
50 1056 6 62
51 995 14 83
52 1421 46 61
53 592 12 76
54 511 47 4
55 639 23 43
56 699 56 13
57 1136 40 47
58 1301 26 96
59 908 20 54
60 609 59 80
61 378 27 49
62 197 3 50
63 911 19 79
64 939 25 31
65 1086 2 89
66 677 54 74
67 1295 14 67
68 745 30 40
69 1162 57 67
70 11 38 41
71 459 54 39
72 1185 53 71
73 371 60 19
74 873 31 55
75 788 51 31
76 981 5 23
77 333 60 59
78 524 54 88
79 913 39 90
80 688 28 63
81 511 22 54
82 268 8 36
83 683 36 15
84 488 6 84
85 158 55 12
86 855 15 51
87 66 54 70
88 494 43 55
89 1224 50 85
90 206 26 4
91 408 19 23
92 531 27 37
93 3 40 56
94 329 54 77
95 62 16 56
96 1344 10 3
97 453 54 74
98 247 36 41
99 1381 44 52
100 229 47 29
101 258 37 6
102 310 23 5
103 1268 57 95
104 108 6 76
105 742 44 3
106 443 30 33
107 656 48 4
108 980 19 72
109 653 32 9
110 321 2 70
111 1253 57 14
112 433 34 68
113 452 47 45
114 354 25 79
115 558 22 84
116 1117 2 95
117 499 3 56
118 1192 41 98
119 102 10 73
120 770 9 45
121 990 3 63
122 280 2 16
123 123 57 28
124 145 31 70
125 609 14 4
126 348 39 34
127 1231 33 63
128 65 50 9
129 1237 22 96
130 148 42 29
131 600 18 78
132 891 43 29
133 1069 47 62
134 186 17 33
135 598 3 35
136 28 18 15
137 1002 14 40
138 101 4 44
139 1045 51 25
140 339 4 82
141 309 30 55
142 1177 1 6
143 269 14 52
144 173 5 36
145 851 32 90
146 524 27 58
147 7 25 8
148 769 44 30
149 1403 27 61
150 881 34 79
151 1079 22 87
152 326 41 57
153 712 34 27
154 711 8 98
155 483 44 71
156 482 26 21
157 386 26 4
158 558 21 46
159 103 39 21
160 1241 1 76
161 86 34 83
162 609 11 21
163 182 11 60
164 680 3 92
165 1308 50 51
166 614 43 37
167 1366 29 22
168 1414 18 96
169 880 16 63
170 1122 48 40
171 6 52 46
172 804 55 81
173 451 40 25
174 339 48 43
175 64 56 33
176 766 4 54
177 572 33 97
178 263 20 4
179 847 19 43
180 693 7 31