200
1 169 15 3
2 487 13 11
3 1209 36 59
4 801 2 55
5 282 26 41
6 594 47 72
7 1166 42 47
8 1369 35 13
9 603 49 76
10 1244 42 60
11 1429 44 93
12 260 38 61
13 274 39 84
14 767 6 53
15 590 56 72
16 434 43 42
17 187 43 35
18 1400 22 23
19 961 2 84
20 402 44 29
21 5 9 94
22 629 9 1
23 1060 48 19
24 640 39 50
25 235 32 72
26 274 22 24
27 99 33 16
28 678 18 51
29 916 26 5
30 910 10 58
31 80 25 59
32 1009 32 36
33 974 51 61
34 1244 11 51
35 441 18 9
36 663 12 58
37 1087 8 87
38 997 29 54
39 299 22 75
40 1362 20 14
41 551 4 15
42 1161 53 74
43 1299 42 79
44 885 4 97
45 154 22 15
46 273 22 41
47 58 33 98
48 312 16 12
49 1058 52 88
50 176 45 24
51 594 14 12
52 537 46 84
53 867 55 53
54 1130 52 70
55 582 18 4
56 310 9 35
57 15 5 61
58 1068 19 80
59 627 38 51
60 281 54 69
61 230 12 58
62 1238 44 66
63 302 9 91
64 535 55 26
65 740 20 5
66 758 26 41
67 817 16 19
68 665 18 41
69 1171 54 60
70 173 33 99
71 1308 46 2
72 1034 9 12
73 624 48 45
74 895 41 90
75 607 54 28
76 6 49 58
77 241 29 70
78 1015 17 7
79 785 50 41
80 71 52 66
81 256 54 13
82 959 54 89
83 437 54 92
84 786 29 66
85 1053 13 20
86 732 54 95
87 829 28 20
88 316 18 51
89 442 28 4
90 160 21 25
91 864 20 62
92 282 41 3
93 1107 9 34
94 1153 23 55
95 505 30 81
96 793 26 78
97 1174 12 86
98 889 30 49
99 1324 33 27
100 242 23 99
101 13 7 65
102 571 58 16
103 837 10 64
104 358 32 97
105 1303 29 26
106 1361 59 8
107 1044 60 61
108 1222 26 68
109 755 26 85
110 494 59 33
111 745 14 34
112 611 28 34
113 131 37 52
114 1206 51 51
115 427 28 99
116 238 58 23
117 912 19 84
118 1238 60 86
119 545 39 95
120 1099 35 44
121 18 55 26
122 993 44 49
123 1017 30 90
124 1389 19 91
125 1412 36 6
126 298 5 69
127 315 8 10
128 665 60 54
129 130 40 99
130 1064 26 42
131 180 1 9
132 437 17 42
133 274 4 21
134 1030 53 64
135 535 42 28
136 1357 40 97
137 481 37 23
138 1035 10 65
139 126 42 73
140 720 7 60
141 483 23 83
142 564 52 20
143 1043 18 98
144 914 3 91
145 825 36 99
146 1311 36 26
147 492 57 65
148 1357 56 21
149 88 33 33
150 879 9 22
151 1251 16 3
152 391 3 74
153 378 32 34
154 751 26 72
155 338 35 15
156 1023 3 1
157 1405 33 90
158 1383 47 59
159 1112 36 80
160 231 12 68
161 1392 11 10
162 1435 50 35
163 1233 29 93
164 407 44 75
165 12 55 97
166 754 15 94
167 832 56 57
168 1412 22 54
169 952 42 61
170 1296 48 38
171 543 48 98
172 102 53 21
173 959 1 40
174 162 24 94
175 244 12 76
176 737 42 32
177 1424 18 98
178 82 32 90
179 1123 11 18
180 1261 38 9
181 1401 40 52
182 1416 60 29
183 788 19 21
184 1386 36 56
185 967 12 49
186 1423 41 98
187 1258 21 6
188 556 59 71
189 774 37 29
190 1190 59 99
191 668 49 6
192 724 26 40
193 228 3 33
194 992 31 41
195 621 3 88
196 733 60 85
197 945 28 12
198 387 4 52
199 251 5 54
200 1160 2 81
