200
1 412 39 67.084
2 1003 30 46.479
3 486 36 22.477
4 428 25 12.582
5 894 4 96.835
6 246 54 37.596
7 550 46 83.872
8 989 30 1.075
9 840 21 96.021
10 1310 11 17.702
11 1383 29 25.791
12 722 11 90.21
13 174 33 12.528
14 108 7 87.297
15 626 31 37.507
16 141 32 21.99
17 1051 35 88.302
18 830 58 12.135
19 125 2 18.931
20 178 16 28.655
21 994 52 86.905
22 661 17 41.86
23 1372 19 36.806
24 958 47 48.148
25 251 18 21.243
26 1110 20 10.395
27 394 46 8.115
28 1110 23 89.575
29 722 45 40.459
30 1315 8 66.763
31 1058 12 10.572
32 233 13 70.081
33 825 6 98.475
34 653 32 81.352
35 970 49 40.99
36 188 13 4.78
37 1429 32 91.864
38 1256 3 94.947
39 327 22 16.266
40 111 31 13.136
41 629 48 84.513
42 773 14 84.659
43 297 8 84.944
44 259 16 29.992
45 1363 55 91.786
46 417 20 53.133
47 1268 30 11.599
48 641 45 30.419
49 641 21 20.292
50 1023 58 70.466
51 75 28 4.585
52 670 40 64.943
53 1221 6 46.291
54 345 51 93.316
55 130 8 70.321
56 657 27 79.136
57 311 13 23.582
58 288 22 78.186
59 971 43 6.636
60 1118 23 64.729
61 552 55 22.58
62 474 52 99.55
63 1095 29 78.362
64 1258 8 18.094
65 676 7 25.377
66 52 29 81.988
67 850 2 10.208
68 766 31 70.731
69 235 1 85.267
70 861 10 54.153
71 1056 14 46.556
72 1221 57 93.899
73 997 22 15.715
74 274 56 63.641
75 378 45 40.191
76 1145 57 74.249
77 1311 7 39.987
78 483 24 83.983
79 838 1 17.57
80 312 57 12.324
81 821 34 59.536
82 1430 31 23.055
83 1221 50 21.595
84 1181 38 82.011
85 927 4 61.312
86 273 23 94.872
87 463 13 10.21
88 392 29 98.6
89 780 29 55.587
90 967 3 17.747
91 1146 54 48.853
92 1006 50 47.267
93 152 32 17.413
94 776 57 71.534
95 326 8 92.683
96 886 17 50.16
97 668 19 32.866
98 1336 52 29.936
99 1292 38 39.769
100 739 48 51.104
101 1270 30 99.926
102 1439 51 14.366
103 105 60 9.536
104 92 33 83.365
105 504 12 93.316
106 1284 19 5.587
107 150 7 4.302
108 11 43 43.274
109 852 59 3.36
110 576 37 69.181
111 618 59 99.641
112 1199 13 68.041
113 1288 1 67.29
114 656 60 27.336
115 414 2 67.334
116 1243 48 20.972
117 515 35 44.948
118 744 44 54.462
119 684 28 89.595
120 643 27 43.663
121 167 48 57.545
122 880 1 81.083
123 201 19 3.843
124 1249 23 63.171
125 1068 43 90.076
126 241 20 23.704
127 1282 23 28.536
128 567 5 27.697
129 1268 7 48.699
130 611 35 97.169
131 627 1 81.649
132 926 8 66.383
133 465 47 20.606
134 342 12 51.641
135 570 58 32.83
136 1312 18 32.218
137 944 36 74.677
138 197 17 47.28
139 961 4 27.024
140 1121 12 87.389
141 1356 22 58.157
142 590 43 23.922
143 600 27 21.862
144 815 57 63.595
145 486 31 39.557
146 1398 60 63.998
147 1422 51 59.076
148 1055 17 34.788
149 1048 21 32.248
150 55 47 3.592
151 43 47 69.08
152 1222 58 94.831
153 342 29 85.825
154 960 19 12.503
155 576 54 19.106
156 649 20 76.112
157 883 38 49.689
158 240 45 11.535
159 506 45 18.655
160 1371 3 63.804
161 640 24 54.482
162 748 23 3.194
163 354 53 64.781
164 659 33 62.086
165 404 46 25.119
166 261 47 77.712
167 725 41 36.679
168 870 16 14.777
169 718 44 7.574
170 375 25 80.093
171 868 52 79.825
172 109 29 11.932
173 399 57 10.38
174 1100 2 36.018
175 739 59 45.999
176 177 14 79.444
177 407 6 14.098
178 1139 41 58.675
179 912 8 91.37
180 67 40 10.272
181 351 6 72.838
182 745 23 2.698
183 1329 3 26.627
184 1294 48 21.761
185 230 40 63.706
186 232 27 71.479
187 256 31 50.32
188 1094 21 74.111
189 1068 58 62.004
190 978 37 2.989
191 1144 54 74.1
192 1210 48 26.557
193 187 15 90.588
194 705 43 23.253
195 1212 44 78.043
196 290 19 64.871
197 216 58 64.847
198 448 35 85.942
199 875 56 61.993
200 407 4 19.107
