200
1 188 42 84.919
2 524 8 11.9
3 847 36 69.923
4 378 2 5.283
5 611 42 92.669
6 114 17 30.16
7 1022 60 97.139
8 723 3 14.165
9 1183 60 96.385
10 586 10 5.862
11 1242 59 97.561
12 41 11 5.269
13 879 45 84.35
14 386 7 22.849
15 1303 46 93.732
16 1278 10 11.416
17 1389 53 99.299
18 247 3 1.846
19 354 59 95.697
20 476 4 10.914
21 145 33 67.477
22 827 17 8.354
23 340 52 82.488
24 1331 6 4.337
25 1373 58 99.562
26 570 3 2.708
27 833 54 97.865
28 1312 7 14.767
29 267 55 80.151
30 762 1 25.32
31 669 26 94.027
32 294 4 14.769
33 1332 60 99.104
34 515 3 15.371
35 724 52 98.761
36 754 5 21.669
37 38 59 91.11
38 219 6 17.542
39 1398 45 99.698
40 232 15 6.422
41 708 49 86.024
42 13 27 2.472
43 575 57 88.046
44 810 1 35.781
45 635 32 99.163
46 423 18 1.954
47 106 57 94.672
48 992 2 9.575
49 640 49 93.768
50 109 2 4.988
51 56 36 51.602
52 60 38 24.343
53 39 23 26.937
54 49 48 85.312
55 43 39 78.985
56 46 31 74.267
57 45 39 94.176
58 55 23 67.35
59 49 31 59.84
60 34 23 75.726
61 46 19 60.254
62 56 52 91.414
63 38 29 75.286
64 31 29 70.821
65 38 38 71.196
66 48 28 75.909
67 48 47 13.305
68 56 46 49.437
69 42 22 88.131
70 49 44 14.718
71 47 41 45.728
72 43 19 18.257
73 58 42 68.233
74 34 31 44.082
75 40 24 21.486
76 39 35 67.693
77 30 26 22.841
78 41 38 88.231
79 39 35 34.32
80 59 24 75.098
81 38 36 20.078
82 31 20 94.622
83 39 15 31.556
84 40 35 4.22
85 36 15 34.366
86 32 22 95.957
87 56 54 88.899
88 34 24 10.505
89 59 56 37.141
90 47 28 1.244
91 37 13 77.201
92 52 42 68.07
93 41 13 55.597
94 38 32 46.986
95 57 57 3.551
96 43 25 18.191
97 36 21 52.06
98 59 43 27.522
99 52 28 48.029
100 41 27 51.077
101 16 50 74.268
102 4 35 83.507
103 9 51 83.309
104 2 41 78.579
105 7 46 86.511
106 19 51 86.491
107 5 49 95.301
108 10 31 76.303
109 2 34 96.377
110 18 47 73.349
111 16 30 86.442
112 18 55 85.422
113 16 42 81.494
114 15 37 86.315
115 1 54 81.571
116 18 46 73.088
117 6 53 91.629
118 15 35 70.294
119 16 40 80.254
120 8 46 74.253
121 2 50 92.607
122 9 30 84.969
123 10 32 70.039
124 5 33 81.605
125 20 43 86.479
126 19 32 73.761
127 5 49 84.857
128 18 53 78.412
129 20 59 80.526
130 3 60 96.258
131 3 43 77.863
132 7 39 99.618
133 20 30 75.772
134 14 44 81.596
135 19 32 90.72
136 2 51 98.745
137 13 35 75.389
138 6 48 82.547
139 15 47 89.81
140 10 31 81.928
141 6 38 78.385
142 16 53 97.681
143 14 59 73.103
144 20 44 73.459
145 14 45 86.988
146 3 54 93.53
147 14 43 81.28
148 3 60 94.889
149 12 37 95.231
150 15 38 97.912
151 1361 48 14.196
152 1426 60 67.403
153 1021 27 72.871
154 870 51 3.737
155 1293 38 13.324
156 138 37 77.134
157 816 37 84.895
158 83 59 97.404
159 511 40 34.325
160 953 56 5.282
161 647 2 30.528
162 544 2 53.561
163 556 17 84.901
164 244 7 71.128
165 1131 50 86.921
166 796 54 47.969
167 397 32 46.725
168 1349 52 16.159
169 248 29 30.01
170 162 14 97.94
171 565 23 82.726
172 307 22 55.047
173 824 54 28.581
174 260 30 38.974
175 1251 50 30.266
176 510 27 86.602
177 481 55 11.958
178 454 27 73.294
179 1006 33 12.598
180 1360 14 61.657
181 246 47 80.186
182 1291 13 13.39
183 25 17 87.92
184 958 44 8.989
185 463 41 24.68
186 1337 24 30.998
187 569 6 99.507
188 308 10 5.484
189 915 15 83.731
190 147 42 69.488
191 669 33 2.243
192 722 57 61.546
193 1160 15 6.751
194 959 32 19.923
195 79 1 70.459
196 727 49 19.143
197 681 59 3.414
198 906 56 41.391
199 383 15 27.874
200 1069 40 88.427