200
1 814 10 31.41
2 369 44 40.781
3 531 25 94.707
4 554 37 95.4
5 686 57 90.04
6 260 32 47.4
7 505 34 73.908
8 527 48 52.251
9 1153 47 98.7
10 1228 22 54.667
11 205 51 14.48
12 662 9 48.5
13 939 13 64.171
14 1366 46 94.977
15 24 42 9.219
16 907 37 23.11
17 191 39 8.5
18 418 27 80.914
19 1089 3 92.584
20 351 37 69.76
21 682 23 43.535
22 664 23 10.6
23 1255 37 96.3
24 1351 27 5.53
25 1335 57 79.0
26 1294 19 62.4
27 1028 9 72.002
28 326 36 88.249
29 494 31 81.8
30 1196 29 58.5
31 317 46 8.575
32 1043 4 5.439
33 976 36 12.71
34 1186 54 94.84
35 366 25 3.392
36 329 35 41.35
37 1297 2 40.73
38 363 17 13.89
39 1320 41 57.7
40 61 16 50.301
41 1115 38 45.866
42 1149 60 58.9
43 1248 13 54.1
44 532 42 38.3
45 1193 58 6.29
46 46 28 59.6
47 614 22 74.4
48 1214 44 78.4
49 1154 22 88.9
50 849 28 76.76
51 1246 15 24.207
52 1288 37 66.1
53 657 40 44.012
54 632 5 70.28
55 365 12 54.2
56 896 58 60.753
57 982 21 59.2
58 654 57 11.872
59 618 51 2.43
60 536 54 22.82
61 1290 22 80.24
62 840 18 78.15
63 959 1 80.296
64 102 57 32.145
65 1308 46 95.98
66 1076 36 45.49
67 1157 4 91.79
68 490 19 23.98
69 741 23 55.36
70 573 36 33.622
71 1133 1 22.3
72 1437 46 49.07
73 1288 31 98.63
74 772 43 52.8
75 219 1 1.6
76 798 42 35.1
77 747 35 38.5
78 101 3 89.53
79 1234 1 48.53
80 85 58 45.77
81 1051 57 24.027
82 105 17 90.7
83 140 18 28.61
84 1284 28 13.224
85 1020 36 84.16
86 124 50 32.28
87 120 37 60.11
88 434 48 77.54
89 356 7 84.42
90 662 57 93.9
91 1060 60 30.3
92 912 30 28.974
93 719 53 92.14
94 235 46 79.4
95 880 58 81.048
96 759 22 74.5
97 735 55 90.509
98 345 27 22.99
99 700 4 59.3
100 93 47 60.93
101 191 58 22.78
102 1128 56 3.1
103 629 28 20.476
104 1081 33 1.2
105 139 19 25.679
106 914 19 71.2
107 1392 49 43.36
108 1054 18 33.3
109 702 48 62.3
110 180 48 44.4
111 1359 51 79.862
112 1407 45 87.61
113 295 45 1.25
114 1196 55 18.75
115 1353 40 82.86
116 191 29 84.95
117 774 1 43.91
118 1075 15 37.0
119 1254 47 78.644
120 779 17 79.2
121 886 46 11.164
122 887 13 47.2
123 1331 31 5.043
124 472 1 82.4
125 1256 11 35.0
126 1414 60 82.41
127 212 2 5.3
128 381 55 55.97
129 112 35 61.93
130 1114 60 73.1
131 508 59 36.8
132 951 7 15.202
133 1085 41 71.5
134 993 9 66.002
135 1285 5 8.341
136 150 45 30.84
137 672 18 89.348
138 821 19 61.491
139 323 58 88.611
140 252 28 48.6
141 165 25 65.157
142 1040 35 41.973
143 571 46 53.6
144 358 49 91.5
145 756 56 66.2
146 644 7 9.2
147 19 40 58.207
148 556 7 15.1
149 1374 26 17.085
150 893 57 35.63
151 232 44 68.21
152 76 13 95.045
153 1115 47 20.627
154 697 19 46.939
155 734 8 72.6
156 642 19 53.039
157 1251 45 19.67
158 1305 32 78.76
159 971 28 32.97
160 714 8 84.6
161 720 56 96.76
162 1335 53 38.39
163 526 52 53.65
164 335 60 18.26
165 291 14 76.509
166 621 41 22.444
167 866 6 39.0
168 1375 58 41.96
169 181 8 83.4
170 1147 6 80.25
171 434 54 44.949
172 335 36 67.82
173 358 15 66.58
174 561 30 91.45
175 937 17 8.4
176 204 28 45.013
177 488 13 37.6
178 875 41 18.136
179 875 28 17.8
180 664 7 29.169
181 413 42 13.222
182 363 31 92.303
183 544 37 25.204
184 1204 1 68.817
185 1369 57 92.03
186 987 15 91.8
187 165 5 69.33
188 1405 58 7.24
189 57 26 40.833
190 697 23 55.44
191 73 22 85.594
192 82 30 82.92
193 1071 49 91.4
194 971 3 1.4
195 1096 17 6.01
196 442 40 60.8
197 964 38 80.9
198 1059 35 31.613
199 942 22 35.109
200 1220 31 68.51
