196
1 663 14 31.1
2 45 5 85.0
3 869 35 53.7
4 926 55 98.7
5 677 20 78.8
6 652 16 84.3
7 964 8 63.9
8 355 41 35.9
9 63 5 18.9
10 1135 8 21.2
11 71 30 79.6
12 298 36 13.5
13 1010 33 89.2
14 654 26 35.4
15 541 19 68.7
16 1133 13 31.7
17 284 44 54.4
18 767 34 82.9
19 1302 44 98.4
20 530 15 74.2
21 223 40 30.5
22 79 26 61.7
23 853 33 39.7
24 179 48 43.4
25 456 22 4.9
26 829 58 4.6
27 1275 51 38.1
28 60 3 40.9
29 1288 27 60.2
30 912 25 62.7
31 328 58 75.0
32 745 56 94.5
33 670 56 24.2
34 1102 48 92.4
35 1114 21 68.6
36 444 46 92.0
37 1083 30 97.8
38 1135 51 50.2
39 1197 57 86.7
40 848 36 52.8
41 357 43 88.2
42 686 18 50.5
43 680 37 67.1
44 383 39 30.1
45 668 31 35.5
46 510 33 68.1
47 1181 24 94.3
48 1370 53 18.2
49 542 38 96.1
50 596 7 99.2
51 1068 29 56.8
52 808 56 48.6
53 1019 32 8.5
54 5 38 41.3
55 766 27 38.0
56 1001 35 82.0
57 1390 37 84.2
58 755 7 71.0
59 990 9 77.7
60 83 47 42.4
61 1350 38 9.3
62 33 8 27.4
63 280 50 4.7
64 1166 30 28.0
65 473 5 41.0
66 616 54 33.8
67 688 55 68.6
68 1076 55 51.0
69 921 43 61.4
70 227 42 5.9
71 1008 26 7.8
72 786 20 86.4
73 1268 35 67.5
74 600 1 41.1
75 460 57 64.6
76 1434 27 19.9
77 72 22 94.9
78 900 2 87.0
79 1120 43 21.1
80 259 7 51.9
81 1088 34 88.8
82 787 30 34.6
83 28 55 98.4
84 208 50 16.7
85 634 11 36.4
86 574 11 53.5
87 1241 37 84.3
88 439 25 73.3
89 230 32 42.6
90 1421 33 6.6
91 677 56 59.6
92 864 12 8.7
93 46 48 20.6
94 40 3 49.8
95 687 11 4.8
96 596 48 69.6
97 956 59 18.4
98 1384 4 96.3
99 1314 3 4.5
100 1439 25 85.0
101 56 27 33.9
102 1064 57 34.0
103 166 55 82.9
104 528 14 84.3
105 1125 29 21.3
106 1221 43 28.7
107 1090 4 56.6
108 1436 33 98.5
109 783 54 72.6
110 624 47 31.7
111 319 8 50.3
112 769 2 16.7
113 78 43 19.4
114 165 47 29.7
115 904 58 22.6
116 436 10 11.8
117 251 35 83.9
118 892 48 50.5
119 861 28 57.9
120 867 33 49.9
121 326 58 38.9
122 1285 59 98.6
123 1003 21 46.9
124 760 4 74.3
125 526 34 99.2
126 1367 9 34.0
127 841 34 89.3
128 1015 45 92.4
129 165 32 19.5
130 1197 48 98.0
131 705 59 69.9
132 678 57 91.6
133 315 59 7.0
134 642 8 66.4
135 1220 54 3.5
136 1280 57 75.1
137 74 2 85.7
138 223 20 1.0
139 292 27 64.5
140 880 2 74.9
141 925 20 33.2
142 910 45 82.9
143 495 23 48.4
144 999 11 54.8
145 859 34 29.2
146 277 12 23.8
147 675 7 73.0
148 1325 4 67.5
149 148 19 24.4
150 1422 45 41.3
151 1241 56 61.1
152 97 16 36.7
153 1163 4 31.7
154 55 55 48.1
155 634 27 82.2
156 308 12 63.8
157 848 58 45.0
158 135 17 78.7
159 850 50 82.9
160 309 31 42.7
161 612 34 50.0
162 1062 39 82.4
163 229 49 97.6
164 1299 46 46.5
165 97 35 51.8
166 1240 34 63.1
167 862 2 46.7
168 1312 7 11.4
169 1044 13 19.0
170 510 5 55.2
171 1234 4 82.1
172 1038 39 96.3
173 341 40 9.5
174 1128 21 0.8
175 877 47 69.2
176 204 12 29.5
177 140 48 64.9
178 662 16 25.6
179 989 38 90.2
180 1062 14 77.8
181 783 54 65.8
182 371 9 77.0
183 1313 24 92.4
184 427 34 41.0
185 1040 19 8.6
186 884 30 73.5
187 1362 35 13.1
188 692 34 85.4
189 88 35 33.7
190 889 8 14.4
191 915 13 43.0
192 675 21 49.4
193 1180 5 62.4
194 745 56 0.7
195 1066 22 76.0
196 891 40 44.7
