200
1 1201 24 90.164
2 1092 48 17.691
3 220 30 82.90
4 397 33 46.98
5 1193 59 77.602
6 920 26 21.522
7 539 6 6.744
8 448 41 61.93
9 964 33 38.02
10 1279 14 93.562
11 1015 27 70.099
12 317 57 46.64
13 1360 40 77.694
14 135 17 70.3
15 404 41 50.0
16 698 18 82.5
17 141 45 82.0
18 829 33 31.8
19 647 2 59.44
20 1147 33 28.448
21 1252 24 13.34
22 803 34 93.17
23 215 52 86.39
24 767 15 92.88
25 1126 45 48.63
26 214 23 51.83
27 872 23 79.33
28 396 33 46.69
29 352 60 65.146
30 433 23 62.401
31 1173 35 4.03
32 1116 25 56.2
33 167 51 34.45
34 443 4 27.016
35 719 30 92.86
36 712 24 15.44
37 1287 18 50.462
38 1400 59 11.867
39 395 17 4.5
40 649 3 69.3
41 1136 42 27.228
42 612 31 82.102
43 46 24 76.67
44 1178 15 29.60
45 932 7 70.403
46 305 46 98.56
47 529 51 47.335
48 625 48 95.117
49 1221 39 50.0
50 984 14 58.19
51 66 4 43.15
52 1295 8 85.7
53 111 2 78.46
54 747 54 82.85
55 244 52 52.1
56 547 46 62.7
57 535 15 13.24
58 1162 2 42.02
59 469 23 44.6
60 189 25 70.48
61 523 17 88.36
62 275 39 19.071
63 749 27 34.40
64 1372 15 96.2
65 1178 8 19.27
66 183 57 50.0
67 863 53 2.35
68 1310 4 58.65
69 134 38 66.61
70 641 54 49.77
71 1303 30 76.32
72 537 48 53.68
73 1299 9 14.6
74 529 10 42.25
75 1264 3 46.00
76 1000 49 73.2
77 1000 50 36.55
78 239 60 42.739
79 161 19 44.172
80 729 34 52.578
81 708 6 72.01
82 413 38 2.2
83 775 40 47.69
84 1304 40 35.58
85 968 52 39.538
86 967 12 44.6
87 93 17 22.15
88 408 23 50.58
89 441 58 61.1
90 1225 26 69.171
91 113 31 51.926
92 1400 26 81.8
93 549 18 93.0
94 858 48 8.5
95 426 45 91.47
96 562 2 60.7
97 493 17 72.731
98 689 1 83.8
99 643 53 98.27
100 1359 47 40.43
101 1205 11 55.4
102 824 55 25.6
103 569 29 70.39
104 1305 57 88.257
105 733 20 81.335
106 303 22 74.62
107 619 38 99.91
108 1249 45 36.32
109 558 51 79.0
110 97 52 92.06
111 1125 31 31.5
112 1374 8 82.77
113 1137 34 24.272
114 124 52 54.9
115 234 52 65.35
116 133 47 67.5
117 801 32 88.469
118 59 52 40.7
119 443 56 17.9
120 80 3 31.3
121 1411 12 7.38
122 230 12 67.19
123 1376 50 78.986
124 888 37 42.74
125 750 56 35.081
126 1190 20 66.9
127 1319 39 17.7
128 819 54 64.37
129 587 7 82.757
130 1361 3 24.873
131 794 26 95.94
132 1055 49 83.915
133 637 14 75.30
134 242 32 87.7
135 619 35 55.811
136 101 2 94.251
137 1254 43 50.90
138 1069 10 47.664
139 74 25 30.629
140 83 4 73.1
141 327 43 60.5
142 1264 14 69.500
143 1394 13 15.598
144 1141 60 60.6
145 1107 17 66.093
146 1351 52 76.38
147 659 33 5.037
148 1437 37 13.9
149 1181 42 98.9
150 626 60 30.9
151 784 52 30.86
152 210 49 17.674
153 419 47 36.480
154 1288 50 73.380
155 1177 31 50.2
156 322 19 76.0
157 415 26 71.5
158 245 9 59.00
159 520 10 44.25
160 775 19 51.118
161 1209 55 53.373
162 1383 47 63.423
163 1124 41 23.6
164 242 40 68.9
165 389 38 16.8
166 350 60 64.35
167 957 12 17.481
168 865 30 24.442
169 513 32 22.21
170 126 28 57.15
171 1154 40 9.297
172 11 20 97.1
173 1359 52 17.46
174 762 21 21.121
175 346 42 70.7
176 169 32 24.45
177 1364 9 37.624
178 857 60 45.075
179 787 21 30.09
180 126 48 99.8
181 1141 52 48.265
182 41 47 71.6
183 418 24 86.168
184 1351 42 44.1
185 133 40 70.8
186 443 12 31.5
187 761 14 93.33
188 195 28 94.777
189 1158 49 44.250
190 122 12 74.192
191 1151 36 26.8
192 1111 39 46.35
193 663 20 97.4
194 1310 27 43.4
195 997 27 88.043
196 1351 57 71.876
197 397 4 81.291
198 522 18 77.3
199 1105 35 92.363
200 1102 3 64.8