167
1 1254 51 55
2 1264 55 54
3 1108 20 25
4 792 56 44
5 744 7 42
6 862 16 63
7 839 48 13
8 351 13 71
9 1084 20 91
10 673 54 22
11 938 10 38
12 1090 15 88
13 354 31 73
14 519 15 7
15 1390 48 15
16 251 10 43
17 108 35 52
18 820 5 17
19 376 34 46
20 491 6 91
21 557 56 11
22 731 49 97
23 515 60 78
24 874 33 19
25 1189 36 83
26 1423 11 83
27 661 41 88
28 356 50 91
29 637 45 5
30 644 42 28
31 735 22 47
32 453 53 42
33 981 13 11
34 671 34 27
35 617 53 23
36 953 33 70
37 1336 43 24
38 1207 10 10
39 785 41 86
40 759 58 40
41 688 29 58
42 401 2 13
43 403 11 51
44 5 19 94
45 898 15 53
46 1368 46 6
47 1376 44 23
48 863 58 49
49 1068 25 34
50 655 12 31
51 760 55 64
52 1358 30 67
53 1015 8 18
54 923 1 1
55 134 12 93
56 47 47 25
57 329 57 12
58 1050 35 73
59 680 49 51
60 341 24 78
61 537 44 36
62 398 8 45
63 1054 46 89
64 609 37 46
65 1228 22 33
66 967 12 89
67 1087 10 74
68 819 43 94
69 884 33 54
70 919 19 1
71 724 35 23
72 577 24 33
73 1370 5 3
74 604 59 2
75 1020 57 29
76 935 37 21
77 793 10 20
78 790 49 80
79 1170 26 84
80 857 41 81
81 761 31 43
82 704 31 58
83 348 15 6
84 1355 37 24
85 1069 60 8
86 1367 12 74
87 1212 36 66
88 1085 28 4
89 1 34 30
90 954 53 7
91 862 21 8
92 1372 1 37
93 213 42 29
94 1090 5 30
95 207 15 79
96 904 14 49
97 1344 44 44
98 503 2 92
99 1122 7 94
100 754 42 86
101 315 8 60
102 461 37 85
103 1253 32 28
104 547 50 69
105 1193 5 69
106 683 7 77
107 1193 23 34
108 306 15 15
109 256 15 97
110 37 29 7
111 1436 18 35
112 684 41 62
113 1210 23 1
114 897 60 92
115 23 54 52
116 1077 13 68
117 740 59 53
118 1373 5 31
119 81 50 91
120 143 40 38
121 847 18 98
122 817 58 4
123 144 59 53
124 1395 31 93
125 96 8 92
126 689 38 62
127 1226 49 6
128 638 30 31
129 338 31 7
130 976 29 77
131 921 52 19
132 832 32 89
133 632 26 37
134 1148 10 39
135 855 15 55
136 556 58 33
137 418 33 3
138 1025 38 21
139 1158 11 4
140 461 14 7
141 1205 13 87
142 763 52 91
143 258 11 28
144 1171 47 9
145 530 24 62
146 177 32 97
147 679 38 27
148 752 35 6
149 17 36 94
150 482 38 23
151 1396 24 79
152 863 20 63
153 926 7 78
154 693 60 3
155 435 46 84
156 205 7 53
157 1331 36 68
158 822 5 2
159 653 28 61
160 1347 8 98
161 218 13 42
162 1077 6 10
163 1050 40 68
164 829 58 28
165 109 19 62
166 1021 20 3
167 931 59 27
