200
1 609 53 66
2 343 14 20
3 620 59 94
4 843 31 84
5 325 2 49
6 982 27 56
7 1082 45 54
8 235 46 71
9 291 42 46
10 160 56 88
11 1254 10 89
12 1317 30 58
13 30 28 12
14 510 24 66
15 1151 38 74
16 1001 26 33
17 486 13 83
18 262 18 90
19 830 12 81
20 308 39 11
21 239 41 5
22 1389 24 43
23 5 33 30
24 856 46 91
25 831 52 13
26 780 29 59
27 1436 31 23
28 607 51 94
29 1061 4 56
30 995 20 14
31 629 1 70
32 971 29 8
33 1103 48 73
34 451 40 50
35 896 22 30
36 55 32 44
37 1039 29 62
38 865 20 40
39 696 50 62
40 347 57 14
41 700 33 34
42 1097 18 21
43 294 2 85
44 44 22 38
45 287 20 63
46 124 8 67
47 225 15 80
48 878 14 63
49 240 2 95
50 445 20 15
51 779 41 14
52 495 55 91
53 188 48 93
54 1280 28 21
55 1138 55 65
56 99 27 56
57 1112 42 58
58 704 45 96
59 506 25 93
60 890 22 91
61 721 12 63
62 126 29 57
63 24 23 79
64 52 38 60
65 491 55 12
66 812 46 5
67 597 11 17
68 128 1 38
69 223 36 77
70 802 53 18
71 669 34 72
72 678 28 93
73 178 21 13
74 827 45 63
75 977 3 83
76 1192 39 82
77 1421 3 63
78 815 39 32
79 380 38 59
80 1044 44 33
81 204 49 61
82 887 41 52
83 783 3 89
84 994 29 34
85 648 19 29
86 1124 26 82
87 1383 6 63
88 835 26 91
89 424 20 84
90 212 59 87
91 324 53 98
92 1415 19 43
93 251 33 80
94 1254 54 38
95 673 48 63
96 267 10 61
97 187 32 87
98 354 51 18
99 410 17 29
100 1385 52 96
101 637 34 88
102 516 37 30
103 1338 23 82
104 787 8 44
105 386 39 24
106 1298 30 91
107 1355 57 27
108 12 27 69
109 735 4 61
110 1 41 74
111 251 26 33
112 1081 11 96
113 538 3 80
114 206 31 21
115 869 58 62
116 197 58 28
117 547 46 69
118 1369 41 97
119 843 29 59
120 50 6 75
121 1089 57 75
122 87 38 61
123 1061 6 14
124 828 1 14
125 554 44 1
126 429 28 75
127 1081 27 98
128 1395 40 10
129 262 13 64
130 354 29 35
131 1288 32 74
132 261 53 46
133 279 20 52
134 1378 1 97
135 1082 36 98
136 1335 29 59
137 1113 35 59
138 118 12 76
139 741 53 9
140 1394 36 67
141 1392 57 48
142 1066 57 74
143 1245 3 74
144 804 32 15
145 208 34 35
146 308 47 66
147 1349 39 40
148 54 55 73
149 381 9 49
150 1252 20 25
151 371 15 96
152 907 39 17
153 320 50 78
154 1177 34 95
155 240 9 86
156 582 49 27
157 259 21 71
158 1389 41 16
159 480 54 50
160 1107 47 79
161 118 56 43
162 71 1 91
163 350 12 54
164 1356 59 90
165 73 51 32
166 171 45 88
167 917 29 98
168 1266 41 2
169 562 33 94
170 904 10 16
171 971 30 66
172 41 33 56
173 527 52 28
174 868 55 97
175 390 7 77
176 936 30 81
177 114 52 52
178 1359 47 56
179 1043 2 74
180 1212 28 58
181 609 38 72
182 876 20 58
183 1123 27 26
184 1192 37 35
185 344 41 61
186 136 33 14
187 300 21 13
188 1220 52 37
189 256 10 17
190 914 7 51
191 40 30 68
192 1017 24 71
193 415 9 76
194 270 17 1
195 317 20 12
196 997 49 29
197 575 20 44
198 238 55 33
199 326 58 17
200 1118 10 75