200
1 204 22 18.633
2 926 50 14.335
3 1342 31 76.348
4 574 57 8.8
5 1113 59 78.857
6 286 38 6.638
7 836 25 67.042
8 360 4 52.007
9 498 5 2.564
10 14 17 96.506
11 534 18 9.244
12 1195 4 41.203
13 1125 44 75.911
14 1221 30 54.866
15 1283 24 51.537
16 1393 45 17.551
17 448 4 63.89
18 1251 31 44.969
19 1192 18 96.069
20 473 4 26.515
21 914 39 52.957
22 866 16 82.032
23 260 52 91.381
24 196 58 51.63
25 456 38 91.186
26 325 20 98.66
27 601 42 8.528
28 239 27 56.005
29 198 18 90.838
30 511 40 12.925
31 1057 21 96.586
32 1296 26 56.594
33 489 38 54.873
34 412 34 80.999
35 1061 7 44.526
36 1201 19 11.121
37 581 15 61.202
38 246 43 65.462
39 1237 33 45.579
40 53 13 79.23
41 372 42 72.519
42 943 47 27.136
43 221 31 23.289
44 871 46 17.593
45 535 25 15.315
46 876 23 20.631
47 1060 27 33.149
48 1164 50 94.397
49 876 40 10.142
50 727 45 58.078
51 374 40 97.244
52 1304 56 1.191
53 1359 43 88.057
54 1153 20 23.087
55 1303 13 8.608
56 1394 9 39.379
57 131 26 13.152
58 622 33 5.434
59 687 2 8.294
60 442 26 65.009
61 622 50 30.002
62 770 3 24.574
63 1336 10 91.28
64 191 43 36.339
65 592 1 16.627
66 799 18 27.188
67 1165 44 69.736
68 976 49 66.391
69 1218 13 17.462
70 158 46 79.148
71 1439 59 99.755
72 1309 44 5.985
73 1323 21 54.996
74 883 49 19.552
75 95 4 49.242
76 407 5 93.471
77 81 25 40.034
78 427 46 24.04
79 1018 21 45.84
80 457 40 21.773
81 251 32 66.028
82 591 21 43.306
83 411 14 88.458
84 818 40 4.319
85 828 43 14.431
86 1231 45 7.844
87 1337 44 84.08
88 264 16 14.151
89 1137 58 91.436
90 116 59 89.5
91 604 11 24.616
92 154 35 75.019
93 1198 15 21.123
94 446 17 72.368
95 1280 47 18.628
96 951 23 72.477
97 1077 8 88.501
98 674 3 39.896
99 1280 9 40.903
100 162 26 73.236
101 412 14 81.488
102 272 19 79.663
103 1284 12 42.582
104 479 39 13.436
105 730 4 84.763
106 986 36 7.203
107 13 44 89.353
108 933 12 14.018
109 82 42 55.39
110 1130 48 88.979
111 826 17 91.412
112 1084 23 49.824
113 98 53 45.902
114 669 14 10.837
115 287 45 27.023
116 483 4 6.86
117 1023 23 46.529
118 1120 6 88.616
119 922 21 59.087
120 252 33 22.758
121 1234 52 29.338
122 54 1 81.535
123 951 14 70.652
124 292 35 1.236
125 766 27 93.148
126 355 28 82.575
127 492 16 71.147
128 444 60 32.516
129 1375 60 3.302
130 1155 25 17.923
131 876 6 30.484
132 865 6 40.451
133 1332 24 69.761
134 761 40 51.571
135 1226 26 58.351
136 373 1 47.33
137 893 55 12.922
138 1342 10 22.098
139 794 15 47.791
140 1177 51 20.672
141 347 53 3.186
142 1345 20 30.48
143 108 22 64.432
144 1316 52 76.76
145 1331 57 60.208
146 330 54 87.371
147 112 20 39.88
148 1241 41 38.539
149 683 21 64.093
150 159 23 34.151
151 1364 36 17.83
152 864 42 80.224
153 567 55 59.484
154 228 11 8.751
155 297 29 23.418
156 1311 27 24.423
157 1188 54 16.092
158 72 29 88.513
159 260 40 22.098
160 497 49 88.755
161 271 14 60.898
162 1012 53 93.014
163 860 54 84.659
164 595 58 64.111
165 1089 12 7.892
166 1343 40 49.018
167 699 54 92.026
168 950 55 3.656
169 1288 48 61.819
170 142 52 17.163
171 551 53 3.208
172 461 52 20.09
173 529 3 36.572
174 834 44 7.696
175 1064 9 12.763
176 174 23 39.77
177 701 4 7.699
178 719 7 73.955
179 1187 9 74.88
180 826 10 82.557
181 453 3 80.573
182 458 8 22.182
183 476 43 76.891
184 265 58 50.104
185 1393 58 40.15
186 730 59 1.582
187 1119 23 30.344
188 520 45 20.241
189 879 20 61.643
190 340 12 1.584
191 1374 39 97.327
192 315 19 6.088
193 681 28 41.739
194 1000 22 74.774
195 138 7 97.506
196 1439 49 27.603
197 35 29 42.428
198 981 34 75.577
199 34 27 65.524
200 671 13 41.719