200
1 688 40 3.822
2 440 9 99.0
3 393 7 47.556
4 651 56 4.643
5 304 55 0.227
6 870 47 92.0
7 171 28 4.397
8 1426 22 85.0
9 858 5 29.625
10 167 12 3.805
11 260 22 0.295
12 1123 10 0.887
13 1197 53 5.603
14 367 52 6.209
15 25 8 11.339
16 1301 47 49.8
17 908 59 4.421
18 392 26 7.293
19 1078 5 4.839
20 872 11 13.55
21 474 13 6.902
22 789 40 72.5
23 465 20 6.75
24 508 1 0.882
25 18 10 18.481
26 223 43 38.083
27 871 26 22.69
28 646 51 12.133
29 432 31 17.571
30 519 58 2.177
31 788 44 0.847
32 754 31 77.0
33 176 16 9.938
34 850 57 19.625
35 89 16 19.562
36 1420 45 6.0
37 139 17 4.951
38 494 41 0.13
39 963 59 35.0
40 813 26 17.0
41 898 17 1.806
42 122 28 51.0
43 924 4 15.061
44 516 33 7.081
45 51 3 9.177
46 591 49 93.25
47 1177 13 32.278
48 937 4 41.889
49 69 34 2.094
50 784 34 3.1
51 97 52 11.852
52 1215 20 11.208
53 214 45 9.032
54 52 53 38.0
55 987 57 6.112
56 195 59 5.815
57 1382 25 32.625
58 973 47 9.84
59 1411 11 8.667
60 491 57 12.727
61 1088 30 2.736
62 1104 8 8.812
63 746 51 4.143
64 1026 46 98.444
65 237 39 11.158
66 1125 43 5.141
67 790 16 2.462
68 165 35 12.167
69 779 17 39.2
70 1419 39 5.409
71 915 30 15.357
72 501 28 9.02
73 1132 41 5.933
74 548 54 3.671
75 505 39 63.333
76 216 28 1.0
77 1059 13 7.0
78 1259 17 0.526
79 1283 3 9.872
80 142 53 4.812
81 956 22 13.225
82 823 11 8.734
83 439 57 11.762
84 344 52 22.267
85 1232 12 28.808
86 645 14 84.0
87 704 34 3.434
88 1292 53 10.542
89 484 15 7.182
90 1355 56 2.792
91 611 7 3.912
92 1112 2 0.547
93 1399 9 21.205
94 817 30 14.059
95 592 52 98.6
96 384 40 8.758
97 138 43 9.143
98 1264 8 10.047
99 1396 36 0.803
100 1403 31 16.574
101 609 19 3.989
102 553 22 16.304
103 484 32 75.308
104 424 46 5.071
105 477 16 4.707
106 1062 33 30.677
107 1080 2 5.567
108 556 48 39.25
109 1213 33 0.393
110 760 41 3.867
111 33 28 3.43
112 734 15 0.673
113 1336 36 33.636
114 211 27 13.979
115 771 35 1.359
116 1259 22 6.828
117 212 18 5.2
118 826 24 7.18
119 286 4 8.203
120 1236 13 15.4
121 1349 20 12.59
122 801 11 10.302
123 72 32 8.618
124 304 15 18.302
125 1187 12 1.529
126 295 34 48.357
127 527 48 8.581
128 273 28 6.68
129 524 52 2.662
130 586 21 6.619
131 446 43 10.236
132 1387 27 2.857
133 118 8 6.648
134 505 39 9.422
135 622 41 5.05
136 305 59 4.181
137 1037 43 1.338
138 1083 20 8.157
139 135 56 0.809
140 270 27 8.274
141 1361 24 10.016
142 1415 43 39.8
143 974 56 4.684
144 763 3 0.169
145 1282 14 4.318
146 60 16 29.905
147 952 42 32.885
148 866 43 11.826
149 741 16 7.068
150 1059 26 36.889
151 215 3 6.725
152 1335 1 5.958
153 951 7 12.333
154 731 17 1.354
155 482 41 6.737
156 879 14 5.23
157 614 18 20.333
158 1255 42 1.455
159 686 18 3.054
160 60 16 10.6
161 1310 48 27.226
162 236 36 43.1
163 1241 8 36.0
164 613 12 3.974
165 1080 44 16.647
166 865 46 7.585
167 494 43 8.714
168 281 1 32.185
169 347 24 7.164
170 257 37 3.935
171 1140 21 0.444
172 1125 49 5.395
173 1291 45 1.674
174 866 36 6.436
175 944 23 6.042
176 522 46 6.247
177 781 42 11.887
178 685 23 1.964
179 549 32 10.04
180 536 16 2.592
181 164 16 13.571
182 711 14 2.781
183 770 13 8.274
184 1293 55 18.971
185 228 44 14.0
186 402 19 47.944
187 615 32 2.41
188 792 48 65.5
189 842 53 14.333
190 1378 21 16.321
191 638 7 19.116
192 1129 31 5.096
193 1373 46 2.179
194 188 20 75.0
195 1033 23 12.0
196 1154 50 8.098
197 862 32 21.75
198 1232 10 6.703
199 802 32 13.6
200 1387 45 12.56