175
1 342 21 94
2 468 2 78
3 1062 57 71
4 887 43 87
5 402 16 26
6 337 4 22
7 826 23 3
8 359 39 91
9 656 55 78
10 880 34 64
11 749 6 74
12 164 49 42
13 653 31 55
14 640 35 73
15 469 23 83
16 865 5 65
17 1129 52 44
18 184 54 15
19 118 31 54
20 746 51 7
21 1182 5 26
22 174 8 62
23 1402 51 78
24 182 39 97
25 306 28 3
26 890 18 43
27 1438 52 58
28 620 49 82
29 1148 51 75
30 944 15 10
31 1001 31 40
32 1170 43 67
33 1158 37 3
34 767 25 70
35 176 12 50
36 1275 10 11
37 587 57 41
38 1137 59 37
39 273 57 79
40 405 33 93
41 726 45 56
42 321 14 91
43 913 16 73
44 1146 48 15
45 1339 29 41
46 290 37 11
47 943 9 92
48 972 36 46
49 957 51 77
50 1085 11 53
51 1240 17 82
52 481 27 38
53 751 11 41
54 1372 57 42
55 435 49 29
56 111 60 84
57 1039 36 60
58 1347 15 47
59 646 31 32
60 1322 30 63
61 63 41 4
62 831 60 69
63 20 8 43
64 682 1 87
65 1433 15 8
66 231 55 46
67 512 18 98
68 723 41 41
69 1042 5 73
70 523 2 66
71 1285 40 99
72 1396 21 89
73 1165 38 51
74 385 21 55
75 157 15 9
76 1145 7 9
77 520 10 22
78 734 56 52
79 904 58 57
80 1409 42 44
81 224 29 67
82 88 22 81
83 393 44 54
84 176 48 39
85 1138 30 81
86 453 26 47
87 1288 57 70
88 1105 15 95
89 1160 26 88
90 226 39 38
91 1398 56 2
92 383 39 10
93 1167 6 52
94 102 31 30
95 1400 25 61
96 67 22 16
97 624 49 17
98 232 11 38
99 408 9 10
100 151 47 76
101 431 51 37
102 878 25 46
103 563 22 13
104 409 13 73
105 277 36 19
106 892 9 97
107 630 48 87
108 1142 28 35
109 870 56 46
110 1177 23 17
111 692 27 13
112 278 43 38
113 368 37 62
114 1356 25 82
115 1066 43 3
116 556 46 97
117 1240 19 74
118 818 18 95
119 371 52 22
120 965 40 50
121 1179 57 76
122 692 1 94
123 917 32 84
124 103 45 98
125 146 60 53
126 164 40 17
127 1323 18 10
128 909 12 78
129 169 5 14
130 1223 35 88
131 858 39 1
132 1370 18 8
133 1062 20 96
134 1243 21 52
135 991 20 92
136 525 31 49
137 1319 36 96
138 995 39 15
139 997 36 9
140 33 19 5
141 1090 41 50
142 1073 11 16
143 162 56 33
144 871 59 24
145 788 29 67
146 530 14 51
147 1375 59 59
148 419 23 22
149 214 38 12
150 557 28 74
151 1021 28 6
152 1117 32 87
153 4 44 80
154 89 35 2
155 1095 7 79
156 727 55 2
157 1259 55 4
158 450 48 6
159 78 51 39
160 1070 48 13
161 1074 47 65
162 691 6 11
163 581 10 55
164 52 38 67
165 753 9 6
166 1192 43 54
167 698 24 32
168 1227 50 13
169 260 37 41
170 44 20 48
171 1255 1 21
172 64 54 98
173 297 38 95
174 626 43 40
175 914 36 12
