200
1 361 6 99.65
2 35 23 95.47
3 235 24 42.08
4 406 15 96.79
5 30 26 52.24
6 130 17 99.22
7 871 10 4.65
8 56 41 33.95
9 890 33 53.14
10 386 8 62.01
11 309 10 9.8
12 1245 49 73.98
13 1150 35 12.98
14 50 7 21.49
15 1068 32 93.55
16 262 47 54.06
17 1413 7 56.4
18 929 11 45.52
19 486 12 27.59
20 427 50 4.94
21 385 47 79.37
22 794 1 98.82
23 928 25 64.05
24 1434 48 16.94
25 1180 10 26.52
26 566 43 25.42
27 421 4 18.92
28 1047 30 38.1
29 878 17 37.6
30 31 18 82.14
31 558 7 62.71
32 651 39 83.72
33 531 9 88.45
34 138 37 77.17
35 1417 31 58.02
36 548 20 41.6
37 124 28 44.52
38 230 27 69.34
39 794 48 30.63
40 1214 43 0.34
41 337 44 84.62
42 1187 42 83.89
43 1143 57 48.73
44 64 44 58.49
45 537 59 51.64
46 1023 9 89.6
47 1135 53 3.67
48 593 8 87.35
49 34 11 32.3
50 253 26 69.73
51 947 37 18.06
52 439 27 35.74
53 185 38 50.96
54 1386 12 91.55
55 359 14 67.82
56 1273 52 29.74
57 611 27 94.93
58 461 44 18.7
59 750 28 97.03
60 626 57 27.93
61 851 30 57.69
62 1114 3 12.94
63 1287 42 57.8
64 930 37 2.23
65 1193 58 13.66
66 1036 30 25.57
67 1304 56 43.56
68 1257 1 59.97
69 731 60 8.4
70 274 59 3.94
71 332 5 32.37
72 701 23 85.04
73 655 15 3.31
74 1024 47 30.9
75 171 56 99.14
76 159 42 25.7
77 532 39 91.02
78 184 44 5.54
79 1290 29 52.35
80 346 23 84.69
81 369 41 90.03
82 1217 38 42.19
83 780 7 70.38
84 505 3 31.57
85 778 17 21.02
86 595 55 17.34
87 302 45 81.3
88 1360 17 21.26
89 260 6 36.23
90 199 46 53.21
91 1035 26 4.44
92 805 45 69.23
93 1241 16 27.82
94 1132 5 80.84
95 1025 12 52.69
96 513 19 59.2
97 58 35 94.54
98 1223 39 32.49
99 1317 22 93.38
100 796 31 36.37
101 243 50 54.02
102 1064 56 60.53
103 1004 24 31.77
104 1249 4 34.94
105 1371 23 1.9
106 636 39 33.41
107 792 12 56.06
108 1377 9 17.96
109 1120 15 48.62
110 842 41 16.42
111 791 29 25.57
112 957 21 53.52
113 852 57 66.55
114 416 29 12.73
115 404 7 83.96
116 1283 48 78.06
117 385 42 34.98
118 1170 37 42.4
119 1110 36 23.39
120 1187 47 83.09
121 706 2 66.37
122 179 17 23.73
123 639 34 92.58
124 679 37 69.18
125 896 14 94.53
126 1293 12 53.41
127 621 7 25.39
128 821 34 77.67
129 329 41 33.96
130 1076 5 63.01
131 820 2 61.42
132 650 51 90.74
133 347 7 66.34
134 760 27 73.36
135 1258 57 27.85
136 126 38 46.56
137 715 29 34.01
138 1218 59 93.03
139 779 24 22.19
140 511 44 98.98
141 692 17 22.42
142 37 43 5.15
143 1321 36 98.92
144 1253 29 28.61
145 148 26 13.37
146 1439 32 37.23
147 788 6 41.22
148 491 47 75.8
149 1162 55 66.22
150 388 32 18.96
151 677 35 31.61
152 217 56 88.1
153 1301 10 32.84
154 1037 21 66.37
155 1432 27 87.51
156 829 20 20.34
157 251 15 41.16
158 1046 18 66.54
159 518 37 14.06
160 584 32 89.67
161 887 20 73.15
162 896 46 1.97
163 488 18 64.23
164 274 45 66.64
165 42 23 68.28
166 1406 16 23.09
167 540 33 60.03
168 463 16 57.84
169 1147 31 32.99
170 393 27 99.8
171 828 33 15.6
172 352 52 94.41
173 342 34 42.14
174 903 51 61.32
175 294 32 5.98
176 1319 5 72.0
177 426 15 74.94
178 382 17 98.23
179 76 15 27.43
180 240 40 27.23
181 176 51 60.57
182 675 30 17.95
183 385 1 85.9
184 402 31 96.74
185 229 51 3.84
186 964 4 23.42
187 861 52 23.07
188 247 42 28.44
189 599 22 41.95
190 116 3 16.22
191 557 38 89.81
192 176 14 86.93
193 425 48 97.31
194 892 29 90.06
195 723 34 10.72
196 610 51 80.72
197 883 12 57.48
198 463 16 98.62
199 1116 13 52.87
200 338 49 65.88