195
1 1206 24 10
2 759 46 95
3 668 15 4
4 331 43 80
5 61 9 49
6 224 53 49
7 413 60 46
8 753 46 23
9 944 3 32
10 1230 17 24
11 1186 51 42
12 496 11 26
13 579 42 2
14 601 18 26
15 933 48 48
16 795 50 24
17 161 5 94
18 251 59 76
19 644 35 28
20 384 15 79
21 471 52 4
22 50 18 79
23 217 38 36
24 808 40 15
25 916 37 43
26 254 42 90
27 225 58 61
28 184 51 57
29 524 45 12
30 210 13 12
31 1155 10 99
32 1295 57 23
33 1012 1 91
34 1136 58 8
35 171 26 72
36 798 8 43
37 1240 15 76
38 92 57 70
39 250 39 60
40 304 3 51
41 806 6 19
42 720 6 41
43 724 49 85
44 214 43 42
45 553 59 48
46 1426 19 35
47 1338 57 27
48 1142 29 31
49 163 21 26
50 256 4 76
51 1275 26 21
52 109 52 74
53 315 38 28
54 401 56 43
55 508 18 93
56 622 28 60
57 741 9 92
58 27 24 24
59 1128 33 89
60 1087 53 8
61 640 39 35
62 975 19 43
63 521 40 25
64 576 35 69
65 679 7 8
66 347 22 10
67 697 42 55
68 5 7 52
69 1052 35 91
70 1369 46 75
71 958 22 77
72 279 35 20
73 937 47 13
74 76 41 93
75 749 11 34
76 84 53 3
77 381 13 45
78 583 13 58
79 1059 46 38
80 988 52 56
81 1432 28 87
82 887 49 39
83 808 10 12
84 363 55 27
85 219 19 34
86 515 51 29
87 957 21 59
88 1136 55 91
89 1370 57 26
90 1016 49 2
91 700 28 11
92 368 27 36
93 1156 22 43
94 480 11 86
95 179 36 82
96 1352 41 51
97 1168 34 77
98 1232 41 38
99 1428 60 3
100 985 25 80
101 564 23 20
102 686 2 2
103 1040 30 42
104 841 51 76
105 487 13 70
106 909 57 17
107 1097 28 19
108 541 51 91
109 690 17 20
110 1071 55 84
111 106 43 22
112 1087 14 65
113 1223 20 83
114 49 2 89
115 755 59 34
116 95 37 35
117 933 36 88
118 732 49 15
119 888 26 94
120 833 12 75
121 268 28 26
122 1115 53 67
123 601 27 13
124 340 14 47
125 223 47 95
126 1307 34 45
127 182 49 72
128 394 38 48
129 1328 11 26
130 729 43 59
131 581 1 37
132 37 60 88
133 595 59 21
134 1355 59 69
135 500 22 98
136 1038 20 91
137 1423 46 18
138 1045 27 98
139 687 38 55
140 839 49 54
141 1326 36 87
142 870 29 92
143 922 5 15
144 45 2 85
145 1388 18 94
146 1038 28 71
147 291 57 22
148 428 16 3
149 569 30 25
150 136 58 93
151 786 55 84
152 1031 58 49
153 1333 20 63
154 1339 37 6
155 341 11 66
156 402 31 52
157 21 42 4
158 974 56 33
159 879 53 54
160 839 36 90
161 605 20 87
162 496 36 16
163 11 41 65
164 886 6 69
165 576 41 92
166 1383 36 66
167 1352 30 4
168 342 29 79
169 938 16 99
170 648 20 91
171 856 21 48
172 1147 56 62
173 260 24 65
174 729 15 36
175 692 52 72
176 117 32 50
177 839 21 11
178 1164 14 52
179 86 55 40
180 1431 26 34
181 891 39 5
182 1031 10 61
183 1284 39 30
184 681 54 31
185 467 52 52
186 457 14 91
187 121 17 87
188 765 23 28
189 746 3 47
190 697 38 18
191 1417 57 18
192 184 60 77
193 412 39 41
194 707 3 47
195 122 16 91
