181
1 147 55 4
2 1256 5 82
3 13 34 9
4 383 7 85
5 1115 19 18
6 365 16 84
7 206 14 8
8 994 4 5
9 384 49 16
10 947 33 24
11 1433 28 99
12 1141 27 61
13 549 34 10
14 323 57 11
15 311 28 82
16 579 9 35
17 1204 10 91
18 909 39 82
19 510 52 83
20 1318 5 50
21 501 46 69
22 1436 55 67
23 1094 37 49
24 465 14 24
25 973 34 32
26 13 8 14
27 491 59 30
28 1134 58 72
29 1049 57 69
30 869 41 33
31 1201 26 19
32 671 31 13
33 802 15 81
34 1362 45 8
35 762 8 98
36 60 22 13
37 5 6 7
38 385 40 82
39 119 14 90
40 582 49 75
41 398 36 4
42 534 12 89
43 836 2 43
44 1059 15 86
45 653 25 82
46 1023 40 90
47 2 22 15
48 338 24 24
49 302 26 27
50 1049 20 67
51 1042 1 81
52 86 57 89
53 1394 41 63
54 981 55 44
55 1298 16 76
56 286 14 44
57 787 35 52
58 659 58 99
59 1124 7 49
60 1128 39 80
61 485 35 59
62 1172 44 86
63 288 47 56
64 1215 22 14
65 250 6 49
66 680 49 93
67 1259 5 34
68 542 25 5
69 1058 49 92
70 59 52 84
71 256 6 90
72 83 52 66
73 491 30 9
74 1266 5 86
75 357 16 71
76 1042 36 86
77 545 4 10
78 852 59 23
79 782 18 22
80 1086 46 9
81 1037 56 59
82 655 33 35
83 1263 15 90
84 812 50 46
85 1387 8 65
86 317 1 95
87 1206 1 77
88 1233 32 88
89 718 48 85
90 826 1 51
91 1279 20 79
92 82 38 48
93 1159 46 12
94 1400 36 39
95 28 33 36
96 964 49 15
97 1215 6 70
98 1283 11 73
99 646 15 71
100 1429 29 62
101 1141 59 71
102 1003 4 99
103 289 22 80
104 1232 16 96
105 716 8 92
106 1318 28 15
107 176 16 11
108 54 17 85
109 1174 25 43
110 673 6 20
111 1357 10 13
112 144 44 98
113 1199 39 69
114 632 24 77
115 228 24 21
116 792 42 52
117 1126 38 93
118 1414 17 46
119 660 58 36
120 231 33 21
121 534 15 43
122 51 43 12
123 1001 30 10
124 1070 32 25
125 316 50 7
126 208 57 90
127 785 40 60
128 1049 49 88
129 44 6 7
130 366 39 78
131 1018 29 30
132 964 1 82
133 747 41 16
134 1189 6 37
135 997 38 29
136 1274 47 55
137 413 19 28
138 279 22 62
139 51 35 47
140 749 5 84
141 1272 11 76
142 57 30 34
143 642 39 77
144 430 18 31
145 13 3 34
146 217 26 47
147 456 14 26
148 141 25 46
149 1029 33 44
150 52 40 46
151 522 8 66
152 668 53 84
153 445 33 99
154 1219 8 69
155 1047 33 18
156 543 57 62
157 783 9 65
158 689 51 39
159 1093 25 23
160 653 42 3
161 84 26 54
162 891 49 32
163 1026 25 71
164 107 55 44
165 153 51 27
166 44 9 9
167 230 27 36
168 1331 60 72
169 246 15 34
170 20 45 14
171 511 6 19
172 1238 8 48
173 398 39 87
174 412 12 54
175 1426 38 25
176 520 44 73
177 300 15 40
178 1324 13 69
179 109 11 58
180 580 27 77
181 667 44 22
