200
1 36 44 2.023
2 1063 22 68.930
3 721 47 33.188
4 767 32 87.764
5 313 12 64.735
6 72 23 61.048
7 951 52 85.764
8 827 4 43.336
9 188 1 52.120
10 222 19 70.193
11 726 36 62.898
12 524 17 62.835
13 7 57 13.134
14 469 11 15.855
15 1000 4 12.345
16 153 3 60.824
17 1219 22 86.636
18 511 22 49.533
19 649 22 84.689
20 1175 39 96.173
21 1019 17 63.629
22 1393 42 73.741
23 673 50 16.722
24 972 29 73.859
25 819 17 38.625
26 712 24 96.067
27 1100 47 34.567
28 1294 37 69.755
29 1170 43 52.637
30 699 41 28.904
31 128 45 90.949
32 473 53 48.141
33 1424 58 79.890
34 198 31 32.449
35 708 58 63.357
36 115 15 1.219
37 563 15 91.310
38 475 8 99.275
39 660 26 3.176
40 1042 35 26.059
41 79 27 65.940
42 1432 14 53.986
43 498 59 62.385
44 1100 36 61.376
45 662 12 29.323
46 623 59 56.024
47 383 4 19.829
48 814 26 42.021
49 99 43 60.626
50 49 36 83.231
51 1082 27 26.792
52 320 32 66.510
53 959 58 9.844
54 776 17 35.072
55 717 17 57.703
56 784 56 30.880
57 652 1 51.861
58 513 40 3.239
59 925 7 80.239
60 1336 8 62.784
61 824 28 19.504
62 1138 20 24.122
63 457 31 6.681
64 882 33 97.892
65 296 43 42.282
66 696 45 43.425
67 669 16 83.358
68 482 9 6.020
69 313 53 80.315
70 762 44 56.871
71 656 10 4.933
72 746 11 17.280
73 848 44 62.970
74 1347 23 91.140
75 1167 60 98.280
76 1071 38 47.113
77 491 37 69.829
78 432 50 32.002
79 1391 37 79.377
80 272 44 84.474
81 424 30 9.977
82 998 32 95.216
83 749 16 7.169
84 1171 19 75.807
85 461 30 3.865
86 384 18 22.006
87 1333 29 90.898
88 588 11 24.670
89 1268 13 48.062
90 880 54 45.217
91 598 59 86.155
92 694 25 61.963
93 769 9 9.390
94 818 38 33.151
95 204 18 60.051
96 446 27 18.187
97 702 40 23.332
98 101 26 39.715
99 1379 6 94.554
100 769 9 76.702
101 1327 47 61.881
102 254 59 99.277
103 1306 35 94.547
104 1068 27 85.913
105 627 5 11.922
106 610 7 56.868
107 1363 16 11.544
108 676 35 74.696
109 835 24 6.297
110 840 25 46.538
111 797 20 70.061
112 568 41 25.355
113 904 36 84.163
114 130 53 97.347
115 661 12 44.418
116 624 25 55.139
117 378 34 58.493
118 825 7 61.117
119 956 8 7.240
120 313 18 37.106
121 213 37 26.690
122 188 47 65.120
123 127 20 1.028
124 357 50 28.097
125 1349 11 32.333
126 1249 41 0.443
127 1183 22 15.530
128 1344 18 35.198
129 853 56 73.309
130 923 39 80.106
131 121 13 89.053
132 645 35 96.822
133 56 28 38.287
134 1192 30 37.566
135 127 12 58.754
136 123 53 86.746
137 279 12 1.422
138 770 34 88.695
139 248 23 0.928
140 768 17 67.064
141 798 10 77.229
142 149 2 74.249
143 157 56 31.952
144 205 1 68.306
145 618 26 28.983
146 1299 13 42.750
147 361 16 18.415
148 1245 20 25.718
149 232 2 23.799
150 447 44 95.903
151 674 5 52.303
152 104 49 29.605
153 733 27 68.234
154 508 21 33.247
155 102 45 10.353
156 427 35 35.088
157 744 5 34.104
158 512 34 72.395
159 836 35 42.187
160 362 35 96.842
161 1412 28 10.017
162 588 27 12.086
163 235 18 91.073
164 199 47 47.846
165 772 32 40.300
166 780 45 86.183
167 267 48 32.990
168 490 22 36.971
169 798 22 15.188
170 662 36 83.999
171 324 36 54.403
172 1057 58 72.529
173 787 57 22.942
174 930 11 33.468
175 344 12 18.035
176 480 8 74.489
177 1250 42 69.157
178 486 11 24.764
179 1066 40 91.207
180 1052 41 18.899
181 1415 33 32.596
182 1301 44 72.003
183 1053 1 18.426
184 697 48 63.931
185 14 46 15.829
186 1403 10 46.074
187 673 4 3.361
188 744 52 80.184
189 759 45 0.229
190 220 45 25.358
191 1175 3 37.940
192 622 37 53.687
193 225 56 29.340
194 357 50 31.429
195 286 55 83.011
196 1278 22 71.780
197 122 51 0.413
198 1294 25 24.253
199 1140 24 18.165
200 143 35 41.031