200
1 1242 59 41.489
2 233 45 73.659
3 364 32 81.409
4 1238 40 40.482
5 533 47 79.599
6 94 31 10.064
7 883 48 91.876
8 1080 58 86.196
9 482 47 79.186
10 548 57 79.267
11 1270 36 59.869
12 1290 16 92.098
13 375 7 58.352
14 1209 20 48.352
15 1308 57 27.32
16 1315 51 75.455
17 771 57 75.101
18 764 9 5.358
19 823 2 59.283
20 169 19 26.654
21 755 30 33.43
22 414 39 78.2
23 296 9 98.328
24 1059 58 62.379
25 680 35 76.579
26 548 3 32.205
27 1055 3 71.754
28 230 46 4.11
29 648 32 83.469
30 483 16 16.012
31 734 41 63.333
32 196 53 25.169
33 795 29 45.928
34 1036 52 84.719
35 1226 42 32.498
36 81 35 73.928
37 1295 24 80.873
38 476 30 49.715
39 760 24 39.223
40 369 47 0.765
41 558 16 90.445
42 1097 24 86.422
43 592 31 83.258
44 1383 8 4.164
45 781 58 16.606
46 50 27 21.024
47 1124 22 25.888
48 283 19 97.078
49 349 58 73.753
50 1177 46 33.263
51 538 33 53.502
52 352 33 56.233
53 152 35 51.876
54 1095 41 77.106
55 269 8 51.821
56 435 57 33.427
57 379 31 47.235
58 608 45 68.086
59 1328 49 36.937
60 765 57 97.704
61 977 41 25.489
62 786 33 10.375
63 214 13 10.802
64 214 7 16.903
65 973 8 22.646
66 639 18 73.094
67 1016 17 98.283
68 1118 13 91.281
69 472 39 21.348
70 539 18 27.907
71 936 38 77.799
72 1116 47 65.479
73 916 43 27.825
74 175 47 5.6
75 248 38 25.44
76 351 15 74.12
77 428 49 99.187
78 169 8 45.964
79 42 56 3.168
80 1304 47 31.872
81 88 3 85.188
82 934 28 29.648
83 424 16 84.716
84 993 14 14.213
85 1007 14 11.909
86 77 42 63.793
87 1342 42 8.343
88 361 26 0.819
89 405 24 4.041
90 379 38 13.08
91 638 54 62.009
92 226 38 65.448
93 793 54 86.687
94 345 44 46.832
95 671 21 67.328
96 612 35 7.511
97 365 33 51.715
98 1103 38 89.808
99 1304 59 46.863
100 1004 41 90.416
101 1320 56 69.232
102 919 41 28.973
103 920 12 34.009
104 386 33 30.185
105 217 41 43.39
106 885 42 97.359
107 245 13 46.5
108 458 4 43.757
109 338 30 35.587
110 1230 44 10.73
111 492 55 43.524
112 825 42 45.903
113 685 57 58.348
114 666 36 30.641
115 142 23 55.808
116 499 50 40.257
117 394 27 19.085
118 131 12 74.279
119 677 30 34.195
120 140 48 39.189
121 603 44 40.761
122 950 12 40.819
123 330 33 65.429
124 438 54 79.695
125 134 49 14.339
126 660 49 55.505
127 274 14 86.278
128 496 2 16.747
129 936 37 61.048
130 39 25 30.767
131 867 41 17.444
132 1327 50 26.435
133 878 58 47.199
134 1351 7 64.845
135 1312 20 96.263
136 1270 33 27.097
137 973 59 74.761
138 1146 60 33.058
139 684 51 9.097
140 185 3 7.412
141 1094 52 36.082
142 516 56 80.635
143 69 24 23.721
144 766 55 67.035
145 712 57 7.142
146 9 45 18.976
147 1065 38 75.194
148 1389 43 29.936
149 923 53 31.794
150 497 58 87.163
151 447 59 24.523
152 230 35 44.469
153 28 20 87.461
154 812 60 24.355
155 1435 33 21.634
156 247 42 46.87
157 1042 7 44.668
158 1042 13 22.375
159 769 42 52.526
160 994 6 97.727
161 980 9 32.853
162 772 42 38.399
163 845 16 33.668
164 1229 56 87.347
165 318 28 28.646
166 449 22 25.188
167 1033 23 20.994
168 59 37 56.193
169 797 53 40.744
170 704 37 3.995
171 1310 16 97.427
172 1304 27 94.993
173 923 36 74.694
174 1300 47 59.572
175 1023 2 91.817
176 765 30 0.299
177 718 2 8.211
178 618 29 14.753
179 1106 35 69.369
180 275 47 47.338
181 797 51 53.783
182 1319 43 92.845
183 49 35 99.326
184 937 7 12.775
185 991 51 25.488
186 304 40 75.026
187 515 9 79.754
188 336 26 99.698
189 1386 17 20.682
190 635 28 22.514
191 1055 2 31.987
192 1325 14 74.001
193 896 36 61.857
194 1002 47 26.657
195 1082 18 51.964
196 1211 46 50.661
197 796 55 98.132
198 405 22 36.853
199 337 49 59.009
200 353 31 91.26