200
1 1280 29 71.265
2 335 54 37.815
3 1241 57 24.892
4 1025 49 25.285
5 1257 43 76.725
6 1351 45 4.986
7 201 54 68.529
8 567 30 62.028
9 1412 20 74.669
10 929 10 97.726
11 1291 50 38.391
12 694 30 26.020
13 20 22 87.747
14 897 13 80.610
15 333 32 46.112
16 760 17 9.096
17 1044 4 56.427
18 875 5 18.738
19 847 4 53.169
20 624 24 35.503
21 351 7 31.478
22 618 27 72.674
23 14 54 51.577
24 877 21 79.065
25 1380 7 20.449
26 137 34 67.811
27 51 53 5.248
28 1277 21 80.118
29 355 2 67.857
30 12 8 94.601
31 1174 4 9.155
32 202 45 90.844
33 1267 27 50.995
34 137 40 61.490
35 508 42 31.607
36 855 34 7.748
37 843 38 85.062
38 962 53 14.452
39 933 40 37.048
40 624 53 62.239
41 201 28 99.756
42 1083 8 51.734
43 348 4 99.052
44 937 43 22.653
45 1235 18 39.800
46 121 40 69.657
47 1400 39 6.464
48 45 32 74.766
49 1203 43 42.040
50 1204 30 81.132
51 71 29 37.960
52 786 30 31.907
53 1359 57 98.606
54 463 23 71.818
55 1162 7 41.318
56 866 14 9.863
57 1137 41 73.456
58 1151 51 63.731
59 71 59 7.384
60 408 13 12.050
61 941 46 98.160
62 705 35 49.680
63 1401 24 2.241
64 1078 31 5.383
65 818 30 14.087
66 430 39 89.348
67 369 45 46.582
68 1277 18 56.086
69 643 5 49.446
70 1175 50 6.778
71 141 23 89.765
72 1238 47 28.856
73 39 10 26.904
74 1295 6 59.420
75 1296 55 47.588
76 755 53 36.831
77 173 60 65.561
78 256 52 93.820
79 1017 2 62.043
80 1197 33 28.284
81 50 60 20.518
82 1092 31 43.913
83 1379 53 2.725
84 494 4 87.619
85 919 60 61.009
86 494 56 20.359
87 311 34 51.992
88 1132 26 5.382
89 1041 20 86.219
90 401 43 44.293
91 839 1 54.801
92 606 22 56.686
93 132 56 68.040
94 34 33 37.138
95 707 28 7.822
96 400 30 45.635
97 489 18 4.784
98 414 58 73.826
99 246 59 3.800
100 575 31 95.425
101 1005 60 74.237
102 293 27 93.745
103 960 25 51.336
104 638 13 24.090
105 624 11 25.996
106 252 50 75.898
107 278 44 99.335
108 888 32 35.670
109 387 50 75.286
110 806 31 11.004
111 1361 33 59.705
112 1029 13 43.059
113 978 35 73.072
114 1382 8 26.117
115 1117 3 9.480
116 875 41 45.096
117 1366 37 64.008
118 85 13 13.204
119 387 24 45.282
120 1421 38 65.220
121 1112 33 82.700
122 684 7 30.807
123 981 10 40.236
124 600 1 88.424
125 547 25 70.058
126 307 29 24.187
127 551 9 75.983
128 42 40 29.092
129 680 1 27.744
130 480 7 0.610
131 1406 58 37.471
132 800 59 43.693
133 1219 1 30.430
134 588 30 29.086
135 665 52 24.251
136 1190 14 93.669
137 1428 50 86.019
138 755 49 39.723
139 1333 38 47.942
140 1064 20 56.500
141 817 23 48.962
142 1396 55 26.981
143 1188 41 98.975
144 1382 23 18.367
145 931 38 86.166
146 546 14 3.263
147 686 34 33.196
148 1314 59 74.875
149 21 51 64.437
150 225 17 16.923
151 679 41 95.221
152 782 21 54.327
153 86 60 25.141
154 948 5 57.857
155 1281 15 91.548
156 157 49 89.560
157 630 5 48.251
158 403 32 44.274
159 1419 48 31.175
160 877 45 5.531
161 365 8 75.379
162 191 26 13.194
163 785 21 35.592
164 1192 29 39.587
165 1206 35 88.553
166 1200 8 2.123
167 293 55 84.408
168 784 39 28.807
169 1260 9 25.034
170 174 34 48.838
171 1234 56 72.904
172 1296 47 20.261
173 313 41 21.627
174 110 28 97.634
175 683 15 59.324
176 1203 34 30.440
177 676 15 96.771
178 596 19 89.597
179 724 55 19.002
180 180 53 0.179
181 190 48 71.177
182 1254 56 86.773
183 868 10 11.830
184 382 31 3.902
185 1246 38 59.820
186 83 55 60.431
187 659 40 51.643
188 1040 23 0.750
189 488 45 68.894
190 578 49 94.602
191 759 36 87.354
192 1288 5 11.327
193 1121 56 35.457
194 99 3 24.193
195 401 32 56.033
196 546 7 61.273
197 1245 23 30.081
198 605 49 79.814
199 345 14 79.564
200 861 53 78.110
