200
1 237 23 61
2 757 51 29
3 132 56 79
4 185 41 69
5 330 27 23
6 622 25 65
7 1212 12 55
8 305 14 38
9 1403 21 40
10 41 40 77
11 534 54 33
12 405 46 81
13 642 45 37
14 1091 53 9
15 50 35 47
16 1299 36 82
17 1372 19 36
18 793 42 43
19 1360 21 57
20 955 37 57
21 1332 7 7
22 1090 23 95
23 594 49 75
24 1059 27 97
25 1330 58 5
26 1012 59 93
27 571 56 72
28 1188 12 26
29 284 13 87
30 1122 45 72
31 537 21 62
32 878 9 55
33 523 1 1
34 780 6 14
35 76 8 45
36 82 25 69
37 1108 18 65
38 1254 33 70
39 640 20 58
40 1190 37 64
41 480 57 47
42 1209 27 23
43 914 24 17
44 1257 2 20
45 315 52 91
46 500 7 73
47 100 50 50
48 47 55 4
49 580 48 60
50 227 8 76
51 286 28 19
52 206 48 51
53 204 16 62
54 668 47 33
55 874 31 10
56 1439 44 11
57 400 6 65
58 353 45 94
59 511 32 30
60 67 2 55
61 401 23 97
62 1294 19 27
63 862 20 44
64 791 29 17
65 1353 39 95
66 973 56 62
67 860 30 58
68 1349 57 1
69 659 15 95
70 770 48 99
71 1185 17 87
72 1326 29 70
73 1006 47 67
74 1035 4 5
75 530 47 76
76 813 8 9
77 596 38 90
78 836 43 66
79 828 40 11
80 234 49 94
81 547 44 45
82 1044 56 84
83 1012 27 40
84 84 37 24
85 209 46 31
86 973 58 57
87 1437 12 35
88 234 21 55
89 42 33 83
90 220 32 51
91 5 43 85
92 973 31 14
93 508 52 70
94 574 47 64
95 318 57 12
96 1009 19 18
97 1240 2 25
98 288 6 7
99 628 14 98
100 98 19 48
101 501 22 78
102 356 13 96
103 765 48 76
104 853 33 65
105 222 44 77
106 295 38 90
107 347 12 10
108 736 5 59
109 436 8 12
110 839 45 28
111 739 34 89
112 983 3 2
113 1123 32 73
114 134 57 84
115 78 37 29
116 1376 2 18
117 276 32 73
118 378 21 85
119 1283 42 13
120 827 28 39
121 739 14 67
122 829 37 72
123 549 21 19
124 1184 24 18
125 1134 49 29
126 1439 2 36
127 1394 24 83
128 45 36 78
129 472 35 94
130 1182 24 83
131 283 13 29
132 1173 18 64
133 278 43 75
134 927 31 79
135 718 27 94
136 1264 39 46
137 374 23 92
138 274 27 74
139 175 46 28
140 1138 52 18
141 273 28 61
142 1374 45 72
143 283 33 88
144 1188 37 52
145 1185 43 47
146 1343 32 77
147 213 56 82
148 1111 2 44
149 1121 7 28
150 245 34 32
151 251 23 96.52
152 1052 44 82
153 787 19 73.4
154 1207 23 83
155 271 56 62.34
156 284 14 4
157 746 11 73
158 849 4 82.825
159 1092 32 84
160 697 12 3.38
161 841 23 79
162 528 17 6
163 1427 13 92.952
164 303 10 94
165 505 44 63
166 959 53 4.46
167 350 23 82
168 357 24 28
169 1231 57 93.37
170 197 38 29
171 944 7 2.5
172 1152 15 91
173 313 33 21
174 1164 55 22
175 542 23 31.8
176 1117 58 74
177 398 3 82.2
178 1101 26 98.3
179 476 29 77
180 511 39 48.754
181 1293 37 72
182 445 34 88
183 1374 43 88.85
184 1137 60 37
185 234 23 41.37
186 668 37 31
187 708 53 89
188 955 38 91.9
189 612 11 74
190 129 33 5
191 292 41 84.4
192 747 42 83
193 1372 6 2
194 785 33 44.347
195 1336 13 12
196 432 21 49
197 403 27 93.83
198 1306 4 82
199 1241 32 65
200 632 51 63