199
1 498 57 69
2 114 34 71
3 1289 21 53
4 1397 43 48
5 673 57 61
6 1070 28 53
7 240 40 93
8 228 8 29
9 593 34 97
10 750 29 9
11 274 41 3
12 171 47 33
13 328 26 78
14 254 47 12
15 587 16 10
16 1082 58 98
17 143 31 30
18 276 23 12
19 121 24 79
20 499 9 62
21 1122 34 39
22 750 4 1
23 1371 24 59
24 651 11 21
25 838 8 71
26 1214 54 8
27 301 38 93
28 1227 48 47
29 1086 9 65
30 217 15 54
31 358 37 84
32 400 56 70
33 494 11 74
34 651 28 37
35 539 8 94
36 1245 44 41
37 1280 11 2
38 1397 58 58
39 190 26 43
40 828 58 76
41 1322 54 95
42 379 28 6
43 794 13 36
44 108 33 36
45 10 17 76
46 979 25 75
47 705 36 38
48 1373 34 40
49 1179 52 85
50 624 13 40
51 213 42 95
52 1384 22 6
53 235 37 91
54 30 29 72
55 873 31 94
56 1002 40 40
57 856 19 21
58 750 45 84
59 1411 45 96
60 1129 4 33
61 1396 3 74
62 603 17 72
63 217 14 70
64 889 6 79
65 1090 2 47
66 173 39 89
67 1129 28 92
68 697 60 12
69 1044 59 24
70 712 38 71
71 880 46 59
72 854 6 62
73 94 53 79
74 972 20 20
75 1205 2 17
76 242 35 71
77 693 8 61
78 980 1 95
79 1031 30 27
80 322 6 14
81 125 35 91
82 300 27 24
83 1134 32 66
84 805 8 5
85 168 57 77
86 119 11 76
87 1194 37 44
88 125 28 16
89 151 26 41
90 572 58 15
91 410 2 80
92 1178 24 86
93 286 43 30
94 902 57 52
95 1424 3 45
96 82 60 34
97 968 2 31
98 70 59 78
99 767 22 77
100 535 38 9
101 639 13 70
102 1271 39 30
103 115 29 84
104 31 47 65
105 510 30 60
106 1107 9 2
107 812 28 47
108 29 33 26
109 995 49 87
110 101 26 95
111 1037 24 57
112 752 49 67
113 1139 55 56
114 415 16 94
115 347 30 66
116 1237 12 80
117 1241 42 59
118 94 50 73
119 882 25 41
120 895 1 20
121 1362 3 80
122 50 56 98
123 1005 35 76
124 1084 19 53
125 1206 46 22
126 441 57 33
127 355 50 52
128 577 25 31
129 805 2 39
130 549 50 4
131 793 10 72
132 139 43 49
133 802 54 21
134 1323 29 80
135 142 29 30
136 804 3 49
137 1186 28 61
138 225 24 63
139 2 19 89
140 574 57 60
141 850 1 42
142 808 16 61
143 907 14 24
144 962 59 71
145 563 1 16
146 614 36 99
147 945 56 93
148 1240 1 30
149 582 56 20
150 932 39 55
151 511 31 53
152 111 6 84
153 640 14 26
154 561 37 58
155 1192 35 79
156 326 46 99
157 614 2 77
158 85 8 11
159 1013 53 49
160 598 40 22
161 946 23 36
162 548 37 75
163 1395 52 76
164 1396 17 8
165 227 34 79
166 1255 5 93
167 1385 37 34
168 674 12 48
169 90 15 32
170 1133 32 10
171 959 33 80
172 824 11 96
173 1152 7 85
174 676 8 59
175 385 39 46
176 798 46 51
177 1175 49 47
178 1043 60 97
179 104 42 96
180 434 3 92
181 1004 2 27
182 1063 59 81
183 800 25 44
184 1432 43 69
185 186 50 19
186 1007 10 3
187 118 11 79
188 1313 2 59
189 1217 15 92
190 892 55 59
191 210 59 17
192 317 54 97
193 668 1 43
194 616 17 7
195 643 16 26
196 706 17 90
197 587 57 66
198 1320 53 76
199 420 25 58
