200
1 746 43 19.835
2 1384 43 80.977
3 444 20 75.581
4 1012 15 30.188
5 974 31 18.216
6 215 25 77.758
7 1281 14 66.473
8 1321 56 62.953
9 757 2 99.162
10 1188 49 85.677
11 365 12 63.829
12 191 1 65.718
13 1081 50 65.845
14 477 5 99.161
15 1182 27 78.096
16 984 20 36.933
17 343 23 93.34
18 903 44 69.964
19 227 21 56.507
20 853 59 89.883
21 314 54 60.461
22 447 52 8.059
23 427 18 1.176
24 341 37 76.063
25 1395 27 9.812
26 35 30 69.399
27 660 25 8.611
28 335 36 96.254
29 932 11 13.886
30 1155 6 38.142
31 1100 11 14.592
32 583 29 69.11
33 1073 22 92.655
34 194 19 73.296
35 163 39 60.602
36 883 36 47.61
37 47 15 69.532
38 1165 19 0.128
39 1268 11 7.025
40 1232 12 75.233
41 826 34 10.277
42 659 20 39.196
43 307 3 13.408
44 1193 14 1.898
45 700 20 27.623
46 443 56 74.926
47 536 31 34.961
48 341 19 18.547
49 1235 28 53.874
50 1340 52 60.292
51 1391 26 1.671
52 1267 43 66.486
53 1174 8 45.008
54 304 59 32.522
55 982 48 7.959
56 1025 35 31.961
57 1235 47 2.904
58 504 30 12.43
59 947 47 0.801
60 1173 36 49.445
61 1173 20 57.075
62 1323 6 76.642
63 1353 41 26.386
64 208 49 69.473
65 931 59 9.998
66 28 40 42.117
67 746 57 82.769
68 346 42 33.787
69 289 7 54.942
70 934 27 71.052
71 843 53 78.162
72 1395 43 67.227
73 1182 1 67.763
74 1081 52 23.086
75 174 34 39.846
76 384 28 80.308
77 1059 43 92.542
78 813 13 60.727
79 1016 28 41.486
80 267 48 46.722
81 255 31 24.249
82 751 24 67.654
83 157 51 22.434
84 478 32 66.551
85 648 57 66.088
86 1279 34 64.975
87 231 14 86.327
88 1117 30 9.081
89 449 26 66.078
90 1300 14 65.586
91 1383 17 26.096
92 862 13 28.052
93 254 20 55.805
94 754 34 77.869
95 504 21 8.804
96 182 56 17.576
97 1437 30 77.588
98 1310 14 32.469
99 490 21 27.688
100 894 12 50.028
101 1249 53 23.711
102 1013 14 16.682
103 1367 27 26.891
104 265 45 48.503
105 1229 42 40.775
106 801 25 56.591
107 350 49 95.854
108 620 56 56.235
109 42 57 27.739
110 616 20 34.516
111 594 28 44.748
112 828 36 27.395
113 81 28 25.348
114 847 34 19.716
115 222 47 19.309
116 774 6 18.45
117 93 28 79.66
118 1363 46 90.626
119 779 16 18.084
120 1299 39 32.906
121 703 55 68.331
122 200 22 25.65
123 1208 5 11.521
124 34 42 17.449
125 1211 6 95.875
126 388 36 76.213
127 187 7 5.869
128 543 46 35.893
129 348 30 80.052
130 339 18 10.81
131 938 4 76.993
132 174 4 3.293
133 706 12 75.462
134 939 19 2.916
135 354 1 9.505
136 838 1 6.401
137 684 18 9.123
138 27 41 88.797
139 329 4 47.177
140 546 16 24.943
141 615 25 20.064
142 496 9 48.283
143 367 18 0.286
144 1094 47 82.578
145 536 57 45.114
146 226 20 96.068
147 601 29 20.714
148 604 1 97.465
149 246 44 17.993
150 20 10 13.633
151 1123 15 28.042
152 1316 32 67.799
153 596 1 19.296
154 78 4 26.866
155 1043 45 65.824
156 1044 30 11.156
157 448 22 30.096
158 1272 44 82.918
159 629 59 77.035
160 737 39 50.329
161 1303 43 87.461
162 1211 6 59.921
163 259 59 47.442
164 139 27 53.12
165 471 6 49.422
166 758 17 86.249
167 51 37 60.751
168 381 27 50.899
169 575 41 69.735
170 710 2 97.499
171 775 28 65.84
172 1135 31 79.577
173 1125 52 85.998
174 1067 11 15.063
175 1213 27 32.426
176 1114 44 79.501
177 931 7 18.278
178 1100 12 76.909
179 1384 30 14.15
180 738 55 62.955
181 1064 45 93.092
182 360 23 41.678
183 1314 50 69.015
184 1281 31 0.755
185 1160 12 69.926
186 1290 23 19.781
187 1009 46 6.273
188 858 27 96.238
189 712 47 45.267
190 1026 46 49.689
191 903 52 5.815
192 961 7 28.545
193 957 57 53.351
194 1218 15 81.047
195 191 58 72.819
196 270 49 37.84
197 1242 3 72.07
198 1423 9 74.355
199 939 54 72.325
200 735 30 34.169
