200
1 149 11 35.004
2 44 25 28.422
3 190 16 72.913
4 163 50 99.393
5 85 15 74.325
6 31 39 81.176
7 23 25 35.393
8 87 29 72.658
9 131 41 20.540
10 14 4 77.515
11 196 58 57.002
12 194 18 9.150
13 110 38 27.762
14 24 38 55.893
15 168 33 29.014
16 152 37 85.221
17 150 21 63.280
18 58 2 46.569
19 63 54 80.641
20 102 58 66.338
21 161 52 14.086
22 88 60 17.120
23 52 27 27.304
24 172 18 22.394
25 187 15 60.967
26 79 2 49.802
27 76 14 65.135
28 126 23 26.948
29 14 44 94.339
30 167 60 3.739
31 42 41 3.081
32 180 31 93.068
33 61 34 37.307
34 161 33 87.627
35 143 53 72.657
36 116 27 12.877
37 74 39 26.391
38 102 44 79.286
39 99 39 93.668
40 33 16 10.109
41 43 30 21.686
42 89 46 47.151
43 139 25 69.280
44 130 36 41.423
45 156 52 46.231
46 61 19 32.135
47 174 30 77.490
48 114 3 91.586
49 42 8 42.997
50 101 22 30.953
51 189 31 87.796
52 72 42 51.867
53 14 41 82.012
54 31 33 32.551
55 119 14 94.154
56 29 54 25.537
57 32 54 66.466
58 102 40 2.550
59 28 8 63.218
60 174 23 88.141
61 95 6 36.435
62 184 54 44.363
63 98 17 52.094
64 156 34 22.951
65 162 40 40.636
66 123 57 5.095
67 49 44 81.727
68 24 5 17.573
69 116 60 74.821
70 142 58 30.177
71 49 6 78.214
72 167 20 54.618
73 60 8 90.941
74 197 10 70.331
75 184 24 14.426
76 121 45 79.637
77 192 2 20.325
78 149 43 64.397
79 195 59 58.842
80 13 16 49.147
81 132 48 39.595
82 128 5 50.369
83 113 10 99.489
84 138 52 70.869
85 41 55 29.119
86 182 6 37.189
87 50 11 13.448
88 180 50 29.140
89 17 18 93.599
90 94 44 98.430
91 137 41 19.754
92 143 30 4.071
93 68 57 73.719
94 145 49 75.438
95 65 8 24.470
96 184 27 15.566
97 66 22 33.454
98 99 47 94.886
99 12 9 87.644
100 93 60 59.231
101 31 6 36.766
102 194 36 27.061
103 200 35 37.284
104 157 13 44.793
105 107 4 29.624
106 27 7 98.986
107 85 19 1.471
108 55 46 51.030
109 130 32 25.940
110 193 17 34.502
111 18 22 76.331
112 76 57 68.959
113 126 2 93.678
114 90 23 8.894
115 106 1 79.299
116 96 45 57.008
117 53 31 53.421
118 182 38 61.831
119 65 19 93.273
120 9 30 21.653
121 170 1 88.303
122 185 7 53.619
123 161 37 72.589
124 70 22 45.330
125 152 15 56.146
126 161 54 66.811
127 189 17 52.047
128 25 35 19.370
129 116 14 39.077
130 45 23 27.802
131 44 58 69.329
132 104 51 31.569
133 167 3 38.808
134 11 6 30.244
135 178 18 0.683
136 186 42 76.249
137 26 59 45.381
138 136 47 58.325
139 157 15 53.190
140 168 47 88.954
141 177 46 1.072
142 54 21 9.866
143 2 46 8.603
144 109 60 37.973
145 191 29 36.989
146 89 47 13.853
147 166 15 56.612
148 54 60 71.215
149 48 5 31.195
150 170 36 31.179
151 76 14 34.702
152 7 46 73.023
153 94 50 14.221
154 199 5 53.208
155 175 29 86.665
156 148 53 42.799
157 62 44 29.531
158 191 58 90.940
159 111 60 37.841
160 66 55 18.464
161 107 6 42.658
162 163 51 19.829
163 185 38 18.743
164 130 37 0.829
165 182 56 29.463
166 169 5 88.575
167 65 57 53.416
168 120 3 61.459
169 58 39 50.580
170 80 45 59.740
171 111 11 21.229
172 13 51 23.186
173 46 26 37.507
174 89 27 60.583
175 44 36 93.299
176 107 40 53.403
177 115 23 5.951
178 164 7 53.177
179 153 39 73.569
180 139 9 36.058
181 2 4 42.861
182 67 11 54.509
183 148 21 34.807
184 19 52 64.428
185 174 5 62.741
186 150 54 36.595
187 32 23 12.758
188 87 7 99.090
189 11 2 52.387
190 163 12 14.501
191 117 23 59.387
192 68 39 87.824
193 106 50 69.471
194 168 15 41.614
195 68 5 45.525
196 137 5 62.461
197 177 8 42.997
198 140 53 78.394
199 122 14 12.981
200 146 53 86.229
