200
1 762 14 20.518
2 509 3 80.0
3 996 58 57.53
4 628 32 90.61
5 311 24 98.72
6 626 52 22.6
7 1139 39 48.9
8 1243 39 84.26
9 621 47 70.8
10 981 50 20.5
11 1083 25 17.454
12 390 32 51.0
13 1041 27 80.55
14 114 10 42.93
15 1175 14 18.0
16 504 45 95.59
17 523 18 45.98
18 517 14 56.47
19 469 11 33.17
20 384 20 59.0
21 111 40 97.9
22 803 22 83.83
23 1140 47 93.62
24 716 14 49.69
25 65 45 95.45
26 1249 22 16.11
27 648 45 93.248
28 828 1 69.0
29 516 55 92.658
30 173 27 23.94
31 208 20 78.5
32 361 36 25.0
33 289 38 59.5
34 532 27 80.1
35 496 31 67.918
36 1305 37 96.0
37 432 58 69.0
38 1291 38 28.84
39 742 57 79.56
40 1153 31 60.4
41 933 8 59.9
42 354 54 27.12
43 594 7 94.76
44 542 5 32.0
45 1183 46 79.0
46 1362 59 81.728
47 1007 24 62.0
48 917 29 63.0
49 1207 14 90.0
50 736 58 60.124
51 317 46 40.8
52 24 31 36.576
53 1070 28 82.961
54 574 42 48.219
55 91 59 38.0
56 860 1 84.0
57 200 1 96.921
58 686 23 92.122
59 1028 10 29.9
60 664 34 90.128
61 725 31 81.0
62 1304 8 41.697
63 820 1 21.64
64 825 35 36.0
65 939 51 55.41
66 1348 42 61.0
67 1001 42 22.62
68 1310 58 43.544
69 861 22 49.4
70 759 1 43.415
71 1067 4 73.61
72 178 19 17.0
73 965 60 57.881
74 592 57 54.353
75 1130 1 97.9
76 736 17 58.0
77 255 40 43.0
78 1033 37 29.63
79 437 10 93.368
80 23 55 99.1
81 1134 9 31.923
82 123 36 52.0
83 105 11 38.92
84 166 28 28.8
85 511 59 93.5
86 591 8 31.4
87 1352 29 55.5
88 1245 49 69.0
89 287 52 7.61
90 731 60 45.0
91 1074 58 95.7
92 1203 15 74.1
93 32 40 20.2
94 636 42 32.99
95 699 8 40.26
96 654 31 19.6
97 622 46 38.0
98 1401 44 51.403
99 1387 12 3.3
100 402 36 28.0
101 161 5 71.3
102 1286 20 13.2
103 957 6 3.423
104 1135 38 79.0
105 104 55 64.71
106 50 11 13.9
107 83 25 52.139
108 820 3 47.7
109 999 9 36.2
110 684 29 57.73
111 897 5 91.434
112 1346 28 19.059
113 1300 48 5.0
114 544 38 71.64
115 242 21 42.6
116 386 31 73.79
117 655 42 24.0
118 939 26 32.81
119 77 7 7.005
120 918 46 89.0
121 1134 10 42.01
122 223 45 99.157
123 360 33 40.73
124 760 3 57.5
125 77 30 99.11
126 1213 14 89.48
127 668 8 56.4
128 351 15 44.0
129 88 55 48.0
130 1110 8 11.776
131 967 43 42.63
132 937 27 27.5
133 211 1 35.79
134 1145 21 58.42
135 765 17 92.224
136 1167 21 15.1
137 819 16 88.52
138 611 9 94.8
139 510 59 15.441
140 1331 48 43.0
141 942 21 24.5
142 23 25 72.14
143 1397 33 26.9
144 1004 54 3.0
145 1258 51 69.2
146 351 14 98.4
147 287 48 2.346
148 805 58 71.82
149 270 49 20.766
150 945 50 39.62
151 282 6 15.73
152 650 45 32.54
153 1146 11 9.64
154 1101 32 28.626
155 374 51 34.1
156 279 43 2.17
157 1363 22 50.0
158 799 2 83.5
159 128 49 56.922
160 603 31 92.87
161 1084 3 48.0
162 1050 30 85.424
163 1291 2 93.31
164 596 37 99.0
165 533 52 3.2
166 323 52 63.7
167 1173 42 81.862
168 598 38 41.0
169 1148 4 58.0
170 163 59 82.487
171 1355 58 93.183
172 1196 30 73.7
173 786 60 44.2
174 875 6 50.7
175 826 1 74.562
176 1174 50 42.97
177 1158 20 6.0
178 1075 34 78.89
179 1145 7 42.2
180 1261 46 43.592
181 703 6 75.0
182 868 27 2.4
183 1226 31 44.51
184 1429 34 70.2
185 1217 34 13.0
186 1313 48 42.0
187 635 46 98.74
188 420 39 4.246
189 1018 25 52.6
190 1001 49 77.0
191 1017 50 20.306
192 209 58 65.9
193 65 39 59.62
194 155 10 3.7
195 322 15 90.0
196 866 58 86.43
197 1108 6 53.0
198 366 16 16.0
199 297 11 17.08
200 912 7 42.15