200
1 751 58 78
2 743 46 63
3 287 33 11
4 442 6 45
5 458 28 3
6 796 11 88
7 224 59 86
8 498 9 89
9 164 3 20
10 339 18 47
11 26 55 33
12 127 23 69
13 1029 19 24
14 727 27 60
15 289 19 90
16 267 14 92
17 784 26 83
18 496 46 15
19 1025 8 74
20 306 3 89
21 297 23 47
22 1247 56 81
23 1349 23 9
24 1004 45 43
25 830 44 49
26 1194 3 98
27 1415 12 40
28 894 52 25
29 808 31 26
30 203 34 18
31 599 28 1
32 1164 39 19
33 830 52 65
34 414 41 98
35 1438 57 43
36 893 17 15
37 282 18 90
38 1031 19 81
39 1333 19 76
40 145 58 4
41 257 1 85
42 284 39 50
43 1263 8 74
44 1319 12 46
45 356 47 16
46 1304 12 84
47 273 31 59
48 1209 48 50
49 299 57 53
50 213 7 73
51 69 40 15
52 797 17 94
53 821 44 21
54 570 51 53
55 328 2 94
56 249 44 79
57 442 28 10
58 662 18 54
59 123 35 62
60 263 31 21
61 854 15 84
62 909 40 60
63 965 28 72
64 1154 53 86
65 777 20 87
66 1404 24 3
67 192 45 56
68 607 13 38
69 722 33 49
70 106 29 77
71 262 49 74
72 1407 34 73
73 1050 50 13
74 972 19 66
75 1190 40 72
76 218 37 47
77 645 38 62
78 139 55 45
79 1166 35 73
80 502 20 28
81 1273 44 93
82 584 16 50
83 351 16 25
84 227 48 5
85 454 28 40
86 914 21 47
87 28 40 25
88 1383 31 53
89 1035 23 82
90 517 17 2
91 316 2 22
92 190 37 7
93 256 9 33
94 136 54 38
95 311 45 85
96 715 7 17
97 1409 17 38
98 299 16 5
99 1030 45 10
100 96 20 62
101 1001 48 76
102 228 54 84
103 161 31 85
104 645 34 59
105 777 7 4
106 928 46 67
107 149 24 37
108 374 32 5
109 85 24 62
110 166 17 6
111 129 40 50
112 1137 32 35
113 969 17 73
114 941 25 14
115 308 51 95
116 337 40 44
117 362 59 66
118 652 24 16
119 117 41 25
120 1357 43 20
121 588 46 42
122 386 15 80
123 1359 2 11
124 160 40 30
125 1124 29 27
126 707 36 32
127 1221 33 81
128 68 51 19
129 848 18 93
130 811 18 40
131 1408 25 22
132 296 33 73
133 211 36 44
134 203 34 2
135 904 25 57
136 1180 8 70
137 680 56 35
138 670 39 38
139 396 25 80
140 1384 16 84
141 1255 42 25
142 655 39 39
143 542 5 45
144 486 5 36
145 220 36 29
146 1247 22 67
147 1126 46 98
148 16 20 17
149 745 37 11
150 512 32 54
151 1133 34 48
152 124 55 78
153 649 44 56
154 1402 42 78
155 778 30 5
156 1311 56 22
157 1169 22 41
158 719 49 89
159 213 6 41
160 508 18 25
161 43 35 69
162 1149 49 52
163 516 32 68
164 540 26 74
165 668 49 57
166 418 4 11
167 132 50 44
168 367 53 34
169 923 56 61
170 578 14 47
171 953 44 49
172 1383 8 43
173 732 43 68
174 265 49 19
175 584 52 85
176 1117 21 85
177 1024 28 85
178 592 36 34
179 1338 33 2
180 708 45 9
181 833 16 53
182 330 50 42
183 361 21 18
184 64 31 20
185 785 44 64
186 604 19 1
187 1363 18 95
188 223 47 53
189 1174 33 31
190 812 51 9
191 1001 16 48
192 52 23 34
193 49 27 27
194 1037 1 50
195 48 54 38
196 149 41 33
197 310 51 4
198 121 14 27
199 602 13 93
200 1036 40 81