200
1 968 60 58.737
2 829 48 55.066
3 920 24 64.438
4 755 41 86.588
5 534 39 1.061
6 515 12 98.008
7 1408 10 21.565
8 362 6 91.891
9 5 10 74.035
10 54 19 14.93
11 914 25 98.118
12 370 49 50.234
13 855 8 71.029
14 437 59 79.075
15 129 25 72.067
16 888 28 60.758
17 302 13 9.223
18 1254 45 9.696
19 1276 31 57.902
20 1354 16 25.772
21 499 25 1.041
22 1300 11 47.581
23 1252 15 68.639
24 1270 31 3.538
25 1137 17 82.866
26 114 35 86.69
27 599 46 54.087
28 314 1 40.496
29 154 37 49.459
30 1362 29 92.948
31 254 53 21.735
32 887 16 44.641
33 1439 28 64.252
34 532 14 66.951
35 228 54 80.861
36 529 12 22.902
37 1139 17 28.324
38 631 26 44.427
39 373 41 40.384
40 985 8 6.22
41 1375 25 97.351
42 325 26 3.365
43 740 28 64.871
44 205 35 28.363
45 541 26 9.619
46 544 13 90.899
47 1303 26 18.418
48 1425 55 75.365
49 525 31 99.163
50 636 26 5.53
51 1007 29 50.859
52 442 26 58.871
53 1152 8 80.919
54 240 42 43.439
55 365 8 38.401
56 1244 33 91.823
57 1426 24 52.335
58 744 53 41.339
59 610 6 7.448
60 1124 36 90.317
61 29 1 43.933
62 130 37 66.676
63 833 11 9.095
64 1421 3 65.929
65 1163 60 1.428
66 1286 49 7.612
67 287 27 78.393
68 786 27 72.05
69 1213 56 21.373
70 1268 38 75.494
71 172 21 19.603
72 1309 10 17.331
73 223 13 38.664
74 800 17 68.218
75 1157 5 65.033
76 304 29 22.868
77 244 34 23.806
78 1052 12 4.296
79 1079 14 53.202
80 427 60 69.87
81 645 56 8.106
82 1436 36 87.499
83 1199 13 8.619
84 354 54 97.746
85 475 5 89.784
86 1214 43 0.321
87 842 51 74.415
88 1223 7 90.664
89 90 1 91.703
90 314 22 61.149
91 979 29 3.704
92 368 46 78.253
93 1252 26 62.643
94 698 6 38.756
95 366 49 49.855
96 1143 10 88.815
97 568 49 82.195
98 653 16 20.925
99 1265 26 92.448
100 667 25 96.841
101 590 15 45.392
102 531 40 24.334
103 1423 44 4.507
104 1084 19 4.434
105 1016 11 56.433
106 1405 11 29.553
107 1072 6 82.106
108 893 59 43.25
109 715 46 1.82
110 987 30 43.717
111 99 23 52.665
112 360 40 9.076
113 703 20 76.22
114 428 38 31.497
115 474 51 67.085
116 549 46 53.655
117 744 33 72.747
118 1430 56 23.697
119 42 44 64.983
120 387 23 73.764
121 563 35 15.681
122 1113 13 84.047
123 12 48 97.416
124 133 16 21.636
125 930 43 47.267
126 1393 17 21.253
127 1004 50 12.086
128 351 16 21.013
129 28 9 76.347
130 1193 39 78.869
131 619 18 61.049
132 739 15 88.148
133 116 56 93.42
134 210 9 88.235
135 1226 10 62.235
136 408 59 49.395
137 106 20 37.767
138 848 58 71.444
139 624 40 69.025
140 672 27 9.825
141 42 23 60.955
142 672 60 1.714
143 386 29 59.034
144 1267 24 7.859
145 1097 43 13.995
146 1351 15 90.06
147 361 12 50.857
148 1333 23 14.62
149 487 15 34.507
150 1405 40 63.193
151 700 34 80.903
152 21 14 75.192
153 924 57 23.391
154 1087 26 25.458
155 155 40 65.849
156 607 47 45.507
157 1069 50 77.478
158 1401 48 60.841
159 822 14 0.7
160 565 12 91.314
161 680 47 53.892
162 766 56 22.811
163 955 45 27.737
164 762 21 11.288
165 1192 18 34.207
166 1210 36 90.3
167 875 25 15.841
168 1411 52 97.883
169 1426 51 65.434
170 125 4 6.181
171 719 53 89.622
172 340 21 34.137
173 566 49 66.284
174 1152 34 53.195
175 1257 43 27.387
176 1100 15 6.993
177 827 57 25.663
178 1123 15 8.032
179 1279 21 2.65
180 329 23 64.901
181 141 17 75.91
182 608 16 61.918
183 862 40 62.7
184 1296 4 97.937
185 468 29 32.163
186 1084 52 64.55
187 1326 36 3.137
188 673 25 72.95
189 693 46 10.763
190 236 42 18.118
191 653 24 49.262
192 1265 51 5.815
193 392 8 91.223
194 1394 28 50.245
195 706 2 35.37
196 53 6 76.801
197 997 58 81.609
198 921 53 90.562
199 1107 50 31.736
200 814 41 5.192
