200
1 235 44 12.267
2 514 33 76.917
3 126 40 32.997
4 1325 45 88.635
5 164 26 85.011
6 1437 21 64.175
7 797 34 7.888
8 1112 43 98.364
9 1371 45 70.419
10 525 58 40.286
11 1287 40 55.904
12 1224 29 7.127
13 504 52 46.213
14 289 21 48.12
15 691 46 75.703
16 818 20 15.704
17 276 37 41.468
18 674 36 84.095
19 210 33 39.996
20 523 21 88.405
21 913 25 23.604
22 911 43 16.069
23 495 37 35.121
24 638 56 10.749
25 574 56 74.521
26 550 13 66.599
27 355 39 43.373
28 647 52 85.803
29 151 44 71.781
30 648 15 41.486
31 1396 52 1.611
32 381 6 83.129
33 1214 31 68.458
34 1114 23 14.446
35 605 46 55.238
36 501 45 3.268
37 139 33 92.752
38 203 17 10.035
39 887 54 7.679
40 645 33 73.592
41 126 2 67.686
42 710 55 85.614
43 196 46 63.595
44 1257 4 16.296
45 602 33 92.248
46 1379 25 19.782
47 1139 11 11.59
48 623 20 13.614
49 1181 37 85.128
50 1371 37 70.276
51 562 23 25.896
52 1058 28 64.353
53 1260 40 24.062
54 980 6 90.041
55 16 47 22.163
56 1418 4 37.375
57 1386 3 59.086
58 1231 14 9.501
59 1173 53 49.208
60 1007 29 40.386
61 829 3 37.374
62 425 5 3.451
63 690 20 71.987
64 987 5 81.758
65 293 23 68.602
66 405 17 9.165
67 510 46 17.49
68 717 32 94.028
69 39 47 11.534
70 383 59 73.341
71 521 27 96.596
72 37 22 12.301
73 231 31 1.54
74 1206 22 7.912
75 118 4 8.259
76 733 32 46.988
77 601 51 62.335
78 1401 52 77.571
79 313 17 26.411
80 749 4 28.791
81 1395 28 64.081
82 794 22 48.582
83 1417 4 84.814
84 63 38 89.179
85 1438 1 98.168
86 1239 51 28.664
87 1217 40 5.937
88 1020 24 91.978
89 1219 43 59.986
90 732 51 49.119
91 1093 37 99.193
92 587 24 61.989
93 803 3 12.337
94 599 15 99.933
95 702 43 37.232
96 7 7 22.152
97 1180 48 67.311
98 125 47 19.769
99 914 36 8.29
100 744 50 17.258
101 444 4 4.958
102 1106 19 97.968
103 1418 57 51.436
104 184 34 22.731
105 393 16 79.521
106 169 12 96.783
107 1120 18 43.634
108 792 40 46.583
109 235 47 4.672
110 673 3 86.314
111 566 59 4.282
112 1245 60 69.455
113 815 49 41.281
114 1018 17 72.395
115 907 11 2.181
116 334 19 88.972
117 644 56 99.243
118 728 2 46.612
119 53 32 49.67
120 286 3 18.001
121 917 59 25.613
122 1235 40 69.839
123 1189 28 94.473
124 1294 45 44.537
125 919 3 76.964
126 399 3 78.103
127 1419 38 18.629
128 1238 29 97.207
129 47 29 85.355
130 1407 42 21.386
131 1063 3 97.6
132 947 25 87.934
133 1081 13 60.913
134 474 50 93.641
135 252 35 78.966
136 343 46 4.715
137 1219 45 73.526
138 722 48 78.605
139 49 28 56.927
140 362 22 46.27
141 1087 1 7.494
142 359 4 68.946
143 235 28 58.027
144 1173 14 76.021
145 400 31 25.222
146 164 16 40.063
147 322 32 86.297
148 614 54 74.978
149 510 36 50.651
150 42 31 50.687
151 272 54 77.68
152 1094 47 26.091
153 775 5 28.015
154 1199 14 78.436
155 305 14 99.587
156 1290 16 45.265
157 1032 51 75.752
158 1064 4 54.322
159 1416 59 19.087
160 175 25 27.26
161 489 3 74.328
162 980 8 11.378
163 447 4 39.577
164 66 3 79.435
165 571 33 63.164
166 280 33 27.346
167 1059 6 28.083
168 222 35 97.255
169 106 20 51.237
170 564 16 22.549
171 662 28 77.378
172 294 1 43.199
173 1109 21 13.08
174 97 22 83.999
175 469 23 64.685
176 571 41 51.385
177 990 42 42.43
178 141 28 46.244
179 975 4 17.458
180 816 2 33.353
181 1202 4 56.903
182 410 46 86.018
183 1077 27 26.284
184 1264 10 27.398
185 222 44 86.013
186 1351 32 61.499
187 409 14 69.619
188 709 21 78.478
189 1343 31 57.42
190 259 44 9.458
191 396 25 17.215
192 165 37 55.602
193 895 60 59.99
194 325 5 8.06
195 173 5 23.415
196 1047 57 80.831
197 334 16 37.833
198 705 27 90.358
199 237 14 76.394
200 890 5 3.777