200
1 831 52 98.21
2 252 50 82.18
3 747 5 21.79
4 1232 35 75.07
5 685 29 83.55
6 1261 40 77.93
7 548 14 33.81
8 754 21 92.76
9 342 26 31.07
10 505 32 2.28
11 816 42 18.44
12 283 19 94.68
13 1421 35 29.8
14 1373 57 47.15
15 133 10 27.67
16 581 48 46.03
17 1316 12 24.94
18 1344 3 83.51
19 695 38 49.84
20 597 11 54.33
21 755 21 64.8
22 1164 33 85.2
23 660 10 11.27
24 1375 30 57.55
25 321 51 80.28
26 710 7 21.65
27 666 55 6.03
28 872 24 47.91
29 1213 38 25.02
30 505 57 54.8
31 1269 20 11.69
32 378 45 15.56
33 1189 55 79.87
34 578 33 47.57
35 966 46 35.98
36 295 16 82.94
37 1431 29 32.61
38 157 43 78.0
39 947 42 6.48
40 1425 17 13.96
41 411 31 19.56
42 1070 54 41.62
43 911 31 23.78
44 132 16 1.86
45 715 6 13.6
46 346 54 71.39
47 933 52 35.63
48 1369 27 50.55
49 508 10 84.75
50 493 8 68.04
51 457 46 52.34
52 1050 33 90.62
53 479 23 84.77
54 791 49 47.03
55 230 37 50.31
56 919 14 80.61
57 1020 13 3.45
58 124 58 47.25
59 95 22 90.13
60 341 35 98.57
61 1197 58 69.72
62 213 50 64.32
63 1389 55 4.54
64 783 29 75.09
65 1292 15 12.74
66 315 22 28.77
67 655 53 5.85
68 567 23 77.0
69 809 26 53.92
70 524 13 33.55
71 40 5 30.38
72 962 55 32.95
73 1015 33 58.12
74 707 55 49.16
75 930 44 40.02
76 444 35 85.0
77 321 22 9.15
78 1075 22 47.12
79 1130 42 62.41
80 956 22 27.63
81 1327 56 79.64
82 393 3 55.85
83 490 55 0.33
84 958 57 15.41
85 771 23 2.42
86 104 35 21.04
87 108 27 9.05
88 1136 44 30.67
89 95 31 80.02
90 981 31 75.92
91 91 25 92.39
92 1090 7 54.57
93 529 50 47.42
94 480 38 56.3
95 3 36 86.37
96 221 49 77.14
97 745 1 85.38
98 891 26 27.31
99 41 20 97.64
100 874 35 78.33
101 926 2 52.02
102 578 12 11.66
103 834 30 85.9
104 1105 54 23.58
105 749 19 15.21
106 1205 16 89.09
107 1057 21 64.59
108 729 15 15.47
109 70 47 32.75
110 1239 8 61.86
111 703 23 23.72
112 47 50 37.45
113 517 46 54.79
114 588 9 89.03
115 1221 33 18.91
116 1108 43 38.79
117 1307 56 83.36
118 1083 8 17.24
119 674 59 17.35
120 981 28 31.19
121 796 49 33.4
122 946 45 86.92
123 741 7 77.53
124 1244 13 28.44
125 380 26 37.7
126 931 34 25.06
127 1122 28 17.33
128 797 26 58.67
129 424 57 55.4
130 1343 6 11.86
131 587 39 19.91
132 1107 59 58.85
133 245 57 38.87
134 407 41 27.74
135 1030 36 66.51
136 1297 16 8.63
137 684 23 66.37
138 1284 16 26.41
139 791 43 48.6
140 995 46 46.82
141 1161 51 86.06
142 932 33 35.21
143 542 50 55.1
144 746 30 16.65
145 515 23 32.08
146 842 46 76.77
147 282 23 98.6
148 431 40 45.46
149 1385 47 88.5
150 200 53 1.5
151 239 51 71.92
152 1148 42 37.18
153 450 3 51.71
154 1215 6 13.1
155 1423 51 36.28
156 684 16 9.51
157 619 7 63.42
158 78 14 61.37
159 1354 15 56.01
160 1413 4 59.15
161 342 55 67.82
162 36 39 72.67
163 830 36 67.35
164 602 33 74.33
165 119 16 61.68
166 865 12 15.13
167 1047 12 17.77
168 892 53 9.34
169 733 49 13.86
170 1033 54 78.07
171 603 59 76.04
172 1256 24 4.84
173 1284 6 37.75
174 609 42 9.06
175 721 13 25.04
176 131 29 72.07
177 1197 13 87.37
178 294 3 47.63
179 1179 45 13.36
180 1245 34 30.4
181 426 45 78.02
182 26 31 56.42
183 460 25 56.76
184 1270 6 86.92
185 396 25 60.37
186 927 58 66.03
187 1171 6 55.6
188 656 13 51.58
189 566 44 96.84
190 215 8 3.35
191 1120 45 33.26
192 374 32 6.34
193 841 55 95.32
194 773 3 50.24
195 134 34 2.41
196 1073 41 77.45
197 1092 56 87.89
198 430 58 85.3
199 1258 59 14.4
200 1019 4 18.88
