200
1 613 7 12.76
2 818 29 61.77
3 359 50 74.57
4 878 45 57.21
5 987 60 21.85
6 977 51 19.45
7 1438 11 59.67
8 1103 19 50.83
9 641 56 97.64
10 759 52 68.55
11 535 40 92.91
12 737 52 92.52
13 89 59 85.13
14 118 20 98.18
15 1062 36 39.37
16 748 16 14.66
17 988 29 75.17
18 737 50 9.13
19 1227 25 19.87
20 470 20 51.17
21 92 21 70.11
22 998 6 16.36
23 1005 41 74.57
24 1140 35 42.48
25 489 19 58.04
26 265 43 8.55
27 345 6 45.29
28 1425 40 38.14
29 1114 7 71.99
30 134 52 82.23
31 882 31 16.54
32 366 22 25.98
33 472 50 22.21
34 221 37 16.62
35 1205 47 94.17
36 1292 19 72.4
37 828 43 24.18
38 879 30 3.79
39 785 22 70.7
40 1128 22 15.91
41 1294 35 35.84
42 497 37 47.46
43 706 25 17.23
44 850 1 20.71
45 554 17 17.55
46 1154 53 62.77
47 404 36 35.85
48 1386 54 75.98
49 343 34 78.09
50 10 45 75.02
51 207 16 61.74
52 872 37 79.6
53 963 2 90.87
54 12 8 59.03
55 155 29 90.51
56 259 30 43.94
57 1048 49 62.37
58 1405 1 43.95
59 396 45 16.17
60 844 28 50.89
61 596 52 52.98
62 828 42 38.85
63 733 32 58.25
64 76 17 60.05
65 344 37 81.14
66 929 54 35.67
67 62 5 36.5
68 1160 41 70.93
69 517 34 89.35
70 153 39 29.99
71 1305 19 64.58
72 680 28 2.96
73 1261 47 49.23
74 779 6 82.55
75 570 58 27.82
76 1405 32 67.59
77 1162 10 75.63
78 1431 58 11.0
79 13 21 37.44
80 599 17 16.46
81 661 10 24.41
82 816 37 98.94
83 856 32 62.27
84 683 59 93.63
85 930 39 0.04
86 1357 60 7.02
87 1248 31 16.17
88 679 56 12.15
89 1337 31 73.84
90 792 2 2.31
91 457 49 43.83
92 609 26 76.9
93 541 59 30.76
94 174 17 82.02
95 853 19 96.06
96 320 45 89.8
97 633 12 70.25
98 1055 6 30.3
99 1307 40 49.07
100 1406 18 77.23
101 334 26 30.13
102 84 56 99.33
103 1384 6 68.39
104 1319 8 70.2
105 58 28 77.81
106 104 1 32.37
107 1318 34 6.09
108 1218 3 61.79
109 388 25 74.09
110 349 32 62.72
111 62 29 54.53
112 928 19 76.85
113 1259 43 98.17
114 142 43 52.43
115 486 11 76.0
116 566 60 93.03
117 1123 5 15.14
118 1309 23 96.52
119 565 8 43.68
120 142 47 34.27
121 802 12 64.05
122 37 20 31.83
123 1162 12 64.58
124 1341 20 52.57
125 640 38 25.73
126 73 35 44.88
127 37 3 14.33
128 304 52 94.36
129 298 41 79.6
130 383 44 23.1
131 652 50 33.21
132 566 9 72.75
133 631 25 58.17
134 1264 50 41.03
135 308 59 75.85
136 1086 11 37.71
137 880 13 21.58
138 1103 44 53.11
139 1220 15 31.12
140 1295 22 57.18
141 482 14 43.35
142 1055 16 48.0
143 295 6 77.11
144 996 14 61.17
145 52 2 54.24
146 885 18 91.3
147 1431 7 9.48
148 213 25 4.74
149 1263 31 70.44
150 895 19 33.71
151 455 16 78.88
152 74 36 51.15
153 790 52 88.84
154 201 31 1.01
155 1059 28 44.33
156 182 34 46.52
157 987 47 56.4
158 770 48 87.11
159 121 36 43.85
160 946 47 56.96
161 73 33 45.49
162 1101 39 65.57
163 586 48 47.82
164 221 7 51.04
165 1134 52 30.8
166 1030 29 23.05
167 642 47 91.46
168 310 55 69.94
169 782 51 46.17
170 670 33 85.83
171 126 30 91.49
172 1296 5 13.42
173 166 47 58.83
174 741 5 30.15
175 477 58 34.95
176 1159 25 83.63
177 1145 36 75.74
178 1386 2 68.93
179 732 50 79.06
180 28 6 33.34
181 1366 54 46.14
182 648 55 25.28
183 322 9 12.08
184 903 24 62.77
185 263 15 41.4
186 552 26 95.11
187 502 43 25.66
188 34 44 6.51
189 1035 54 42.91
190 374 5 89.03
191 1220 29 53.4
192 1376 44 64.79
193 573 43 13.44
194 1416 48 23.48
195 1326 20 2.28
196 1170 11 75.67
197 1218 49 68.99
198 232 34 58.57
199 982 27 96.98
200 1188 56 15.58
