158
1 1316 56 45.406
2 1190 54 41.259
3 743 28 23.698
4 653 37 79.584
5 1423 46 16.012
6 1384 12 92.334
7 1341 44 79.372
8 850 46 41.252
9 284 50 31.356
10 113 46 8.063
11 1091 53 1.696
12 1166 28 38.6
13 589 53 55.727
14 852 25 14.807
15 569 32 5.553
16 687 50 20.213
17 932 16 78.534
18 495 54 79.517
19 61 6 3.995
20 1122 32 9.52
21 1034 54 48.433
22 698 43 70.653
23 459 29 7.152
24 899 30 19.205
25 105 14 26.348
26 287 47 11.058
27 387 45 32.414
28 1236 33 22.824
29 828 27 70.181
30 821 28 83.418
31 73 23 84.201
32 519 17 40.389
33 198 57 18.146
34 526 60 12.684
35 867 17 37.224
36 952 54 88.287
37 1142 14 95.63
38 223 59 70.456
39 643 44 56.338
40 126 44 79.865
41 472 49 44.395
42 887 60 74.262
43 1210 20 69.5
44 1411 11 16.555
45 1197 16 29.323
46 77 33 65.984
47 208 7 75.436
48 858 22 79.264
49 344 15 51.96
50 135 26 34.492
51 9 33 48.487
52 1243 32 11.672
53 424 42 91.334
54 1122 43 67.482
55 778 46 57.654
56 1037 48 31.849
57 644 25 22.012
58 156 34 38.542
59 278 21 96.477
60 575 12 42.202
61 1310 27 5.23
62 1132 36 45.923
63 1269 29 7.874
64 720 32 8.955
65 1371 16 94.918
66 554 34 60.195
67 445 42 74.157
68 1022 13 13.781
69 581 29 85.271
70 1242 5 72.524
71 572 55 8.349
72 1271 6 93.526
73 768 24 77.415
74 1410 42 51.283
75 233 29 3.767
76 296 8 37.211
77 191 36 13.961
78 1163 2 17.756
79 1390 57 96.684
80 1364 51 44.481
81 486 12 2.528
82 121 34 89.939
83 883 6 33.765
84 76 57 27.489
85 138 51 62.945
86 1352 45 38.713
87 220 53 39.568
88 1044 14 57.7
89 928 35 25.009
90 290 57 40.171
91 214 35 97.032
92 86 36 85.182
93 570 48 6.776
94 265 53 93.894
95 1424 26 77.774
96 346 58 71.737
97 299 42 18.83
98 232 18 61.676
99 676 44 64.241
100 415 35 28.083
101 1142 9 57.567
102 858 15 82.675
103 547 33 34.182
104 577 42 94.706
105 1303 37 2.233
106 1394 21 82.079
107 273 20 97.943
108 466 26 22.749
109 757 48 98.507
110 1126 60 21.342
111 272 9 23.165
112 967 13 64.114
113 45 30 42.449
114 471 44 61.389
115 201 5 52.748
116 1416 57 11.928
117 587 56 88.852
118 85 30 99.11
119 463 49 41.711
120 1378 36 1.169
121 1352 52 25.269
122 200 48 29.839
123 893 1 98.181
124 1214 1 36.511
125 387 45 66.653
126 1221 5 29.604
127 533 22 81.601
128 54 12 52.516
129 452 60 17.945
130 264 5 26.326
131 937 18 97.929
132 249 42 68.886
133 791 25 12.306
134 879 5 99.872
135 326 1 88.887
136 1030 30 96.247
137 694 8 61.88
138 524 17 22.802
139 155 32 40.388
140 1137 54 87.988
141 974 43 30.116
142 1012 34 63.697
143 1396 51 45.484
144 380 45 80.539
145 1409 25 57.821
146 640 23 58.985
147 1131 27 50.335
148 865 27 98.131
149 914 53 88.823
150 505 56 55.43
151 1377 32 73.836
152 1132 9 41.356
153 204 25 1.58
154 1201 29 38.809
155 364 51 25.777
156 1249 52 40.572
157 1345 21 31.214
158 1152 39 11.929
