200
1 299 30 45.5
2 805 47 35.0
3 1092 8 8.015
4 540 4 65.9
5 687 15 30.9
6 366 10 18.86
7 758 41 41.0
8 826 30 55.539
9 329 55 65.0
10 370 1 60.3
11 1160 11 19.0
12 1364 16 97.013
13 260 40 55.0
14 1248 16 71.73
15 1413 38 33.87
16 1111 55 94.334
17 823 49 6.0
18 615 42 43.4
19 896 50 88.789
20 1194 17 14.72
21 338 4 75.0
22 104 51 59.5
23 635 34 62.12
24 684 30 1.0
25 974 13 82.0
26 1220 14 4.0
27 821 44 71.32
28 1117 3 70.1
29 102 52 47.0
30 406 60 25.0
31 80 9 21.0
32 252 17 6.68
33 76 35 42.632
34 704 45 45.4
35 1243 38 85.686
36 298 53 20.868
37 159 60 99.98
38 821 55 26.0
39 391 15 99.805
40 556 1 27.13
41 78 60 2.61
42 476 26 1.0
43 450 20 64.0
44 178 53 58.52
45 1380 58 44.4
46 172 2 69.3
47 1135 10 16.0
48 1398 48 1.37
49 1040 26 17.449
50 915 13 21.3
51 1231 54 57.65
52 150 41 45.8
53 896 38 86.0
54 1335 20 13.0
55 1186 40 22.308
56 939 28 71.0
57 143 3 90.779
58 41 37 15.0
59 1412 6 29.0
60 1137 37 83.7
61 288 49 55.5
62 349 23 73.669
63 214 42 83.37
64 238 44 91.536
65 577 15 73.84
66 469 3 91.5
67 1038 8 54.8
68 962 41 88.553
69 718 33 47.746
70 98 58 67.12
71 61 39 53.0
72 1411 12 4.0
73 949 45 1.1
74 752 57 32.1
75 213 20 30.495
76 1272 13 32.6
77 703 39 76.6
78 394 46 42.0
79 646 39 20.37
80 313 43 11.0
81 419 59 51.922
82 1228 55 65.667
83 718 1 8.0
84 871 25 15.511
85 370 14 26.6
86 602 26 90.182
87 533 22 2.75
88 494 55 52.0
89 1356 27 9.28
90 246 11 78.75
91 759 14 77.4
92 827 2 46.64
93 81 17 50.0
94 153 23 4.15
95 1191 30 57.53
96 1094 26 36.4
97 259 48 18.362
98 819 40 40.861
99 200 34 21.0
100 504 6 1.89
101 989 15 94.29
102 833 45 4.54
103 976 23 69.0
104 1043 19 86.1
105 767 20 97.899
106 890 3 0.46
107 167 35 72.0
108 565 41 42.348
109 1092 18 74.0
110 1016 44 62.97
111 374 6 9.076
112 1257 42 88.9
113 1085 6 33.9
114 832 33 3.97
115 833 12 80.737
116 507 51 69.0
117 922 24 97.0
118 591 28 0.94
119 406 51 44.8
120 969 10 20.51
121 798 1 2.5
122 227 50 63.9
123 293 54 90.4
124 970 54 17.3
125 608 34 85.482
126 797 37 71.112
127 238 36 57.1
128 66 33 75.0
129 1042 28 38.7
130 42 8 7.441
131 548 20 51.9
132 1261 31 93.5
133 1365 23 35.02
134 152 28 23.222
135 1 19 98.0
136 1304 24 75.868
137 844 17 43.826
138 1277 49 59.45
139 24 5 39.147
140 430 43 16.0
141 82 46 9.265
142 706 58 2.57
143 1210 44 89.3
144 504 37 29.52
145 646 42 32.07
146 544 7 15.68
147 906 33 63.5
148 496 22 14.651
149 959 10 40.3
150 1297 16 62.0
151 582 19 83.328
152 614 36 63.55
153 1185 22 3.063
154 1276 25 56.065
155 581 34 41.0
156 1076 26 72.79
157 1217 18 34.94
158 873 8 58.0
159 244 6 46.7
160 352 4 55.879
161 932 46 63.87
162 147 26 9.96
163 1320 29 45.85
164 1125 47 57.0
165 1167 50 72.8
166 143 2 74.0
167 650 2 57.0
168 1075 50 93.0
169 712 51 44.0
170 598 1 61.0
171 935 49 88.0
172 859 4 73.96
173 532 48 75.0
174 107 57 98.456
175 979 40 66.75
176 477 25 3.89
177 1159 1 10.2
178 1412 25 82.1
179 852 11 89.8
180 637 15 7.0
181 1127 22 79.0
182 1207 46 90.64
183 1268 42 74.5
184 202 57 89.555
185 1194 58 33.0
186 705 26 3.58
187 456 48 34.01
188 1144 11 6.255
189 772 8 0.56
190 1363 47 71.58
191 1144 59 77.2
192 936 4 67.0
193 1170 2 37.0
194 616 34 49.2
195 1292 54 6.0
196 439 29 10.904
197 1283 3 48.9
198 880 30 44.411
199 996 38 75.38
200 1389 32 6.61
