185
1 1040 50 66.306
2 978 1 86.974
3 1206 23 74.557
4 380 42 32.176
5 1393 44 46.058
6 776 11 93.609
7 584 1 57.755
8 1110 8 58.186
9 719 17 31.406
10 520 10 91.793
11 549 16 37.98
12 299 59 21.951
13 783 23 4.84
14 1052 8 66.879
15 822 28 34.845
16 76 21 42.985
17 341 22 25.205
18 411 37 15.307
19 1389 28 31.479
20 11 29 30.016
21 344 10 65.036
22 740 34 40.636
23 41 38 51.106
24 37 37 81.929
25 1070 15 10.108
26 811 28 22.361
27 1349 35 48.096
28 995 55 41.445
29 1240 44 96.521
30 1059 4 71.199
31 110 54 87.852
32 190 19 17.856
33 481 30 30.233
34 156 21 30.508
35 361 53 26.284
36 89 58 62.763
37 878 18 84.239
38 317 39 20.456
39 888 14 73.509
40 827 37 57.332
41 117 4 23.339
42 850 55 29.04
43 1344 51 84.463
44 411 59 17.54
45 752 29 90.774
46 963 51 78.125
47 1308 28 79.99
48 560 54 15.274
49 598 51 85.5
50 81 8 71.724
51 940 50 4.107
52 461 21 31.716
53 1023 25 79.335
54 645 19 76.72
55 164 39 16.179
56 300 43 4.272
57 458 50 94.203
58 1089 37 33.239
59 1383 13 9.733
60 1109 55 73.496
61 1241 52 96.51
62 187 48 64.748
63 1185 26 90.386
64 291 47 79.649
65 501 56 91.834
66 218 7 19.414
67 1361 31 76.12
68 177 6 6.266
69 598 12 50.141
70 263 9 3.896
71 550 60 91.321
72 675 11 9.0
73 1108 25 23.961
74 1172 41 54.355
75 894 2 49.011
76 895 7 78.586
77 601 29 56.846
78 83 53 38.655
79 1032 34 34.895
80 849 58 81.581
81 516 21 65.497
82 255 18 42.641
83 414 39 91.799
84 1247 12 68.708
85 205 47 95.278
86 623 6 19.077
87 777 15 23.382
88 1252 35 52.033
89 1091 51 24.016
90 147 47 41.356
91 301 35 40.04
92 1096 43 27.845
93 841 48 96.4
94 414 30 6.539
95 401 27 16.334
96 1065 43 24.736
97 1029 57 90.79
98 392 51 17.937
99 752 46 39.858
100 2 54 19.927
101 519 25 6.117
102 1299 21 46.833
103 1011 48 1.094
104 194 38 14.116
105 1204 60 51.111
106 648 8 87.916
107 238 42 50.474
108 167 4 0.244
109 1401 46 30.446
110 731 33 67.009
111 399 4 13.325
112 298 8 76.296
113 1314 54 5.614
114 665 24 50.256
115 1124 13 27.023
116 104 45 81.49
117 860 17 71.199
118 776 25 93.874
119 235 29 8.137
120 565 26 20.944
121 338 50 24.071
122 77 59 55.983
123 973 1 8.151
124 443 20 4.035
125 136 39 74.194
126 1079 8 43.429
127 1359 19 97.357
128 893 8 32.084
129 1414 35 35.962
130 403 10 99.369
131 238 35 40.035
132 367 37 12.357
133 1252 37 3.69
134 816 29 45.585
135 571 11 0.544
136 808 3 76.593
137 133 31 95.368
138 577 32 89.747
139 379 19 10.947
140 1070 49 45.814
141 1198 52 30.567
142 438 47 37.937
143 653 15 8.411
144 1284 15 81.467
145 687 60 52.74
146 904 5 18.838
147 464 51 0.997
148 313 53 41.731
149 58 2 56.854
150 1025 19 67.451
151 947 50 70.266
152 673 8 73.123
153 753 37 27.179
154 773 12 79.034
155 797 4 20.305
156 498 32 36.026
157 556 27 84.904
158 551 19 99.474
159 1139 1 64.732
160 411 33 61.41
161 1091 3 36.067
162 111 52 97.717
163 448 3 62.758
164 1309 59 60.06
165 91 25 37.092
166 1227 47 9.15
167 64 58 4.452
168 83 18 5.164
169 968 23 63.392
170 636 8 41.632
171 652 6 2.646
172 437 29 1.283
173 1407 3 29.547
174 736 21 70.591
175 955 46 12.569
176 528 59 99.496
177 1343 17 10.923
178 959 11 92.003
179 692 25 26.788
180 1340 29 25.16
181 759 20 37.799
182 1262 48 82.768
183 8 35 5.446
184 123 21 96.276
185 1048 42 83.418