160
1 500 20 99.999
2 500 30 99.999
3 500 40 99.999
4 500 50 99.999
5 500 60 99.999
6 500 50 99.999
7 500 40 99.999
8 500 30 99.999
9 500 20 99.999
10 500 10 99.999
11 500 5 99.999
12 500 7 99.999
13 500 8 99.999
14 500 9 99.999
15 500 60 99.999
16 500 60 99.999
17 500 60 99.999
18 500 60 99.999
19 500 60 99.999
20 500 60 99.999
21 500 60 99.999
22 500 60 99.999
23 500 60 99.999
24 500 60 99.999
25 500 60 99.999
26 500 60 99.999
27 1000 60 0.001
28 1001 60 0.001
29 1002 60 0.001
30 1003 60 0.001
31 1004 20 0.001
32 1005 20 0.001
33 1006 20 0.001
34 1007 20 0.001
35 1008 20 0.001
36 1009 20 0.001
37 1010 20 0.001
38 1011 20 0.001
39 1012 20 0.001
40 1013 20 0.001
41 1014 20 0.001
42 1015 20 0.001
43 1016 20 0.001
44 1017 20 0.001
45 1018 20 0.001
46 1019 20 0.001
47 1020 20 0.001
48 1021 20 0.001
49 1022 20 0.001
50 1023 20 0.001
51 1024 20 0.001
52 1025 20 0.001
53 1026 20 0.001
54 1027 20 0.001
55 1028 20 0.001
56 1029 20 0.001
57 1030 20 0.001
58 1031 20 0.001
59 1032 20 0.001
60 1033 20 0.001
61 1034 20 0.001
62 1035 20 0.001
63 1036 20 0.001
64 1037 20 0.001
65 1038 20 0.001
66 1039 20 0.001
67 1040 20 0.001
68 1041 20 0.001
69 1042 20 0.001
70 1043 20 0.001
71 1044 20 0.001
72 1045 20 0.001
73 1046 20 0.001
74 1047 20 0.001
75 1048 20 0.001
76 1049 20 0.001
77 1050 20 0.001
78 1051 20 0.001
79 1052 20 0.001
80 1053 20 0.001
81 1054 20 0.001
82 1055 20 0.001
83 1056 20 0.001
84 1057 20 0.001
85 1058 20 0.001
86 1059 20 0.001
87 1060 20 0.001
88 1061 20 0.001
89 1062 20 0.001
90 1063 20 0.001
91 1440 10 30.000
92 1440 20 1.234
93 1440 30 30.000
94 1440 40 40.000
95 1440 50 50.000
96 1440 60 60.000
97 1440 7 70.000
98 1440 8 80.000
99 1440 50 50.000
100 1440 50 50.000
101 1440 50 50.000
102 1440 50 50.000
103 1440 50 50.000
104 1440 50 50.000
105 1440 50 50.000
106 1440 50 50.000
107 1440 50 50.000
108 1440 50 50.000
109 1440 50 50.000
110 1200 50 50.000
111 1200 50 50.000
112 1440 50 50.000
113 1440 50 50.000
114 1440 50 50.000
115 1440 50 50.000
116 1440 50 50.000
117 1440 50 50.000
118 1440 50 50.000
119 1440 50 50.000
120 1440 50 50.000
121 1440 50 50.000
122 1440 50 50.000
123 1440 50 50.000
124 1440 50 50.000
125 1440 50 50.000
126 50 2 20.999
127 20 2 20.999
128 30 2 20.999
129 40 2 20.999
130 50 2 20.999
131 60 2 20.999
132 70 2 20.999
133 80 2 20.999
134 90 2 20.999
135 100 2 20.999
136 1 2 20.999
137 1 2 20.999
138 1 2 20.999
139 1 2 20.999
140 1 2 20.999
141 1 2 30.999
142 1 2 30.999
143 1 2 30.999
144 1 2 30.999
145 1 2 30.999
146 1 2 30.999
147 1 2 30.999
148 1 2 30.999
149 1 2 30.999
150 1 2 30.999
151 1 2 30.999
152 1 2 30.999
153 1 2 30.999
154 1 2 30.999
155 1 2 30.999
156 1 2 30.999
157 1 2 30.999
158 1 2 30.999
159 1 2 30.999
160 1 2 30.999