167
1 215 51 3.501 
2 890 36 61.318 
3 858 48 39.062 
4 62 12 7.607 
5 1183 59 10.371 
6 697 12 48.05 
7 1105 46 81.618 
8 122 29 24.888 
9 770 28 82.943 
10 681 11 63.434 
11 937 29 87.22 
12 48 5 64.678 
13 784 39 86.681 
14 1166 31 50.573 
15 1139 11 18.403 
16 236 35 45.428 
17 177 7 3.484 
18 737 7 45.96 
19 759 49 38.255 
20 966 24 77.396 
21 1377 8 80.547 
22 520 9 20.853 
23 167 7 66.058 
24 983 28 6.6 
25 102 42 8.37 
26 928 45 7.325 
27 295 54 82.75 
28 1029 15 16.099 
29 1360 23 70.866 
30 877 20 60.407 
31 1186 26 37.328 
32 1436 37 43.453 
33 911 58 74.124 
34 90 18 17.365 
35 67 8 84.854 
36 618 32 35.78 
37 190 17 77.605 
38 1431 10 15.525 
39 853 32 42.023 
40 269 44 73.565 
41 1136 29 42.67 
42 525 23 99.253 
43 1393 60 97.867 
44 635 51 97.799 
45 355 34 81.814 
46 913 7 47.144 
47 643 52 22.24 
48 913 25 26.326 
49 1262 45 40.296 
50 949 53 62.919 
51 1401 6 64.897 
52 385 41 43.472 
53 600 10 43.218 
54 978 23 25.382 
55 370 36 57.161 
56 461 10 18.143 
57 670 49 49.01 
58 1416 37 15.572 
59 470 8 27.489 
60 33 53 44.013 
61 844 24 57.731 
62 927 48 82.027 
63 1040 44 43.887 
64 859 47 96.846 
65 620 13 56.153 
66 254 1 45.488 
67 1339 19 31.405 
68 132 16 80.971 
69 1166 7 9.308 
70 703 29 53.682 
71 996 39 10.223 
72 334 41 17.295 
73 1274 10 68.548 
74 544 24 17.893 
75 621 37 75.19 
76 1359 22 17.88 
77 1148 6 48.104 
78 494 47 96.276 
79 1156 22 7.807 
80 424 52 95.96 
81 539 5 76.804 
82 151 13 28.836 
83 1078 48 4.364 
84 193 46 78.441 
85 451 20 78.782 
86 1229 16 72.195 
87 1069 1 59.343 
88 528 3 28.252 
89 125 19 21.088 
90 1004 25 51.485 
91 607 18 77.523 
92 958 11 24.84 
93 46 15 87.869 
94 797 31 23.164 
95 1371 22 10.126 
96 323 55 33.423 
97 605 57 42.992 
98 190 29 22.484 
99 637 1 8.984 
100 1187 24 2.769 
101 515 54 28.877 
102 589 11 21.332 
103 1338 38 28.594 
104 798 40 70.909 
105 422 6 90.995 
106 1283 24 23.936 
107 1020 52 2.958 
108 171 47 33.21 
109 926 54 15.152 
110 1373 17 5.345 
111 752 25 60.922 
112 491 27 52.034 
113 1082 21 72.704 
114 719 33 43.716 
115 483 22 79.902 
116 146 25 79.98 
117 1263 8 98.667 
118 598 42 92.43 
119 287 34 29.265 
120 414 37 93.035 
121 967 33 9.312 
122 1257 24 26.974 
123 327 37 45.312 
124 519 49 14.696 
125 753 29 47.395 
126 819 12 98.211 
127 970 53 6.614 
128 368 23 39.363 
129 598 47 3.354 
130 1239 1 98.328 
131 592 13 92.783 
132 766 52 76.195 
133 366 42 66.012 
134 1351 43 8.433 
135 1047 60 68.102 
136 1084 29 58.471 
137 119 32 24.257 
138 1311 28 17.928 
139 84 46 29.071 
140 1339 44 41.94 
141 844 27 70.623 
142 360 4 64.552 
143 1414 26 24.443 
144 582 36 16.99 
145 653 49 66.976 
146 925 26 80.798 
147 1103 23 82.603 
148 686 22 25.873 
149 179 31 97.748 
150 172 1 48.488 
151 1179 28 93.22 
152 143 2 71.753 
153 1129 20 17.122 
154 1429 59 27.618 
155 744 11 86.379 
156 290 12 1.11 
157 110 45 41.585 
158 1307 31 40.04 
159 193 9 9.851 
160 1091 7 47.981 
161 1004 29 55.483 
162 340 31 66.014 
163 569 39 87.067 
164 931 53 10.579 
165 938 6 46.707 
166 272 12 83.577 
167 1021 12 77.398 
