200
1 444 40 21.79
2 637 5 46.45
3 965 42 49.40
4 161 18 21.53
5 1162 27 0.91
6 1167 49 57.09
7 890 25 17.30
8 376 19 55.44
9 1192 23 57.14
10 1089 4 87.85
11 778 29 1.85
12 587 47 86.67
13 1286 22 16.66
14 711 44 16.81
15 396 5 44.42
16 1312 36 91.11
17 501 15 90.54
18 567 21 1.11
19 896 42 65.04
20 151 32 21.50
21 857 31 42.52
22 970 7 20.38
23 1082 2 46.21
24 454 14 24.13
25 408 44 57.76
26 650 4 81.28
27 931 1 35.76
28 452 34 74.72
29 851 18 71.40
30 674 56 86.21
31 10 9 49.64
32 1248 47 0.71
33 407 44 82.87
34 234 5 38.65
35 197 59 13.18
36 172 19 73.96
37 429 5 1.96
38 1341 31 80.85
39 1266 18 32.79
40 368 20 34.65
41 512 1 93.41
42 548 21 72.31
43 771 23 25.94
44 250 22 93.79
45 264 40 82.54
46 1054 19 50.07
47 189 48 61.86
48 693 52 36.25
49 120 33 87.54
50 1095 28 14.58
51 136 3 60.33
52 870 57 76.33
53 489 15 66.45
54 1270 15 75.04
55 1322 15 24.45
56 835 44 91.82
57 473 13 20.15
58 1396 30 13.27
59 613 22 89.49
60 250 59 53.23
61 688 53 74.35
62 1068 21 38.48
63 244 3 22.84
64 1238 6 6.94
65 437 51 19.44
66 1254 26 79.18
67 1149 2 82.47
68 1022 20 48.03
69 931 21 33.65
70 311 8 51.40
71 1376 18 56.47
72 528 1 26.80
73 108 34 97.03
74 465 46 75.85
75 219 45 82.90
76 1300 24 3.25
77 554 26 29.24
78 1212 29 87.70
79 342 6 95.28
80 393 9 18.32
81 963 37 45.33
82 311 29 92.56
83 894 59 26.54
84 351 7 61.77
85 746 22 26.66
86 937 4 82.63
87 663 46 89.85
88 949 53 27.71
89 1235 47 82.68
90 1361 53 9.62
91 1155 8 10.88
92 615 18 58.79
93 1273 9 51.68
94 175 53 61.64
95 830 34 45.41
96 885 25 35.62
97 423 53 15.56
98 469 24 46.60
99 30 26 40.09
100 345 51 84.19
101 836 19 39.27
102 965 23 26.30
103 668 33 76.34
104 500 11 53.87
105 933 31 7.51
106 85 18 23.66
107 444 52 79.39
108 508 10 31.82
109 362 33 37.76
110 1410 32 85.96
111 870 6 17.35
112 1112 30 83.59
113 564 39 28.02
114 395 23 95.07
115 993 31 88.22
116 798 35 86.36
117 92 49 20.46
118 1246 39 36.12
119 972 2 40.27
120 341 24 51.58
121 557 9 75.12
122 31 2 22.69
123 1143 1 62.03
124 768 50 54.71
125 1137 11 95.70
126 145 34 55.26
127 102 8 28.59
128 1127 3 60.96
129 1280 36 26.88
130 507 55 41.62
131 1297 34 17.54
132 935 48 32.89
133 1320 42 42.78
134 618 51 87.02
135 195 15 55.29
136 423 19 84.16
137 706 45 8.84
138 110 5 61.78
139 1377 32 54.88
140 262 57 55.56
141 471 55 44.86
142 784 13 12.14
143 699 37 54.71
144 507 25 28.41
145 997 38 57.81
146 355 26 28.40
147 792 37 59.53
148 1242 53 11.56
149 1026 24 87.42
150 860 51 94.64
151 895 3 23.26
152 356 52 81.77
153 1348 42 76.41
154 642 7 23.34
155 547 54 30.39
156 706 24 47.48
157 812 2 47.92
158 857 34 71.14
159 435 19 9.96
160 264 20 83.19
161 1404 53 22.11
162 1144 26 76.79
163 205 12 71.56
164 528 56 38.34
165 785 35 91.23
166 631 31 61.15
167 1175 6 89.55
168 1026 19 50.48
169 841 10 15.20
170 312 54 37.86
171 1264 49 61.84
172 636 58 93.82
173 524 12 31.32
174 285 3 42.66
175 1222 6 80.62
176 197 7 8.04
177 314 40 95.75
178 494 1 39.26
179 717 55 22.94
180 1139 13 7.69
181 887 2 52.47
182 738 2 89.35
183 650 22 13.26
184 360 29 16.05
185 1423 51 74.55
186 664 55 58.73
187 560 44 5.31
188 556 28 25.14
189 1036 26 35.09
190 868 4 41.53
191 474 8 4.88
192 1038 32 19.96
193 1152 21 29.97
194 614 7 4.59
195 49 8 67.78
196 68 27 72.09
197 317 33 24.38
198 729 29 77.53
199 46 29 25.24
200 888 29 15.36