200
1 591 49 53.518
2 578 5 25.878
3 658 5 28.280
4 1342 49 19.381
5 308 28 46.352
6 319 48 86.927
7 114 42 56.057
8 905 49 0.880
9 183 4 45.919
10 546 8 95.543
11 348 34 70.663
12 34 40 9.240
13 256 5 27.143
14 372 57 76.196
15 450 60 2.119
16 1313 29 55.055
17 1232 29 39.819
18 910 6 32.722
19 312 16 14.087
20 982 13 98.777
21 1083 35 91.715
22 830 23 77.429
23 614 20 42.255
24 1031 24 71.851
25 286 51 92.130
26 381 40 18.441
27 1279 37 14.762
28 1119 55 46.087
29 1130 9 92.043
30 199 38 75.598
31 879 56 76.350
32 466 49 25.998
33 1066 35 87.779
34 692 31 72.861
35 865 7 61.123
36 1215 5 24.896
37 619 4 90.038
38 272 60 0.913
39 981 48 89.863
40 459 25 82.430
41 776 34 83.071
42 76 22 39.244
43 662 60 67.711
44 82 22 79.777
45 295 43 79.072
46 366 2 85.764
47 183 25 25.560
48 961 23 78.266
49 1162 47 24.850
50 1371 15 27.357
51 382 60 98.165
52 1059 41 88.473
53 1403 44 51.495
54 430 56 81.032
55 979 14 14.925
56 526 60 8.088
57 676 54 70.037
58 1256 17 97.203
59 430 13 53.006
60 85 58 98.017
61 557 25 38.664
62 1046 38 39.103
63 554 20 99.019
64 723 54 94.907
65 345 23 7.349
66 477 38 41.358
67 735 60 34.634
68 767 37 96.203
69 496 8 68.048
70 1363 42 15.676
71 991 13 29.555
72 526 26 28.325
73 822 57 28.648
74 453 59 60.067
75 783 31 3.401
76 426 5 19.806
77 1188 23 32.712
78 1305 41 30.860
79 178 16 48.787
80 1268 24 91.818
81 752 29 45.419
82 210 44 15.538
83 580 48 56.754
84 1298 12 7.756
85 126 47 73.003
86 884 30 61.389
87 1119 17 86.733
88 808 32 83.935
89 1377 25 97.277
90 207 42 64.085
91 1251 17 44.012
92 464 27 39.413
93 793 44 43.713
94 614 18 84.620
95 890 49 44.918
96 1213 48 87.611
97 48 5 32.383
98 66 49 99.882
99 184 10 7.161
100 490 13 88.112
101 626 14 33.843
102 37 14 14.304
103 260 11 85.892
104 476 35 3.093
105 1128 21 21.608
106 27 34 64.539
107 1095 52 75.751
108 1310 46 48.859
109 424 18 17.549
110 375 49 15.718
111 156 30 47.854
112 1350 60 44.599
113 963 37 66.760
114 1426 15 13.263
115 1192 34 17.360
116 467 48 99.325
117 156 10 9.725
118 1178 47 76.014
119 563 17 17.994
120 505 38 85.284
121 443 23 54.510
122 829 19 96.384
123 320 6 41.080
124 657 54 71.565
125 841 19 93.634
126 559 53 75.970
127 986 11 29.976
128 1029 49 23.684
129 806 5 82.482
130 919 14 4.833
131 24 56 77.503
132 26 38 85.163
133 277 12 61.217
134 1388 51 89.709
135 1321 6 50.974
136 1078 10 99.696
137 1233 35 66.150
138 323 9 77.843
139 755 41 40.754
140 220 23 12.350
141 574 20 26.477
142 506 11 73.895
143 527 54 93.115
144 1107 30 0.119
145 323 41 18.584
146 689 36 25.330
147 166 54 35.942
148 764 58 83.686
149 17 7 7.994
150 316 35 73.984
151 775 45 83.505
152 312 2 52.589
153 542 34 47.801
154 1342 56 25.088
155 864 18 67.692
156 83 5 89.585
157 1008 14 18.470
158 1258 50 20.262
159 471 51 56.107
160 600 16 39.772
161 272 10 63.476
162 631 28 98.122
163 1361 42 63.481
164 158 39 53.602
165 639 18 12.114
166 615 5 86.785
167 459 50 31.174
168 1353 25 37.347
169 563 13 42.563
170 281 49 8.387
171 479 32 13.719
172 35 9 25.287
173 590 44 40.721
174 1007 28 40.862
175 656 60 54.155
176 482 30 32.587
177 893 51 22.557
178 719 43 34.892
179 155 10 9.116
180 848 32 17.340
181 117 39 27.999
182 1227 13 26.866
183 485 29 81.272
184 1395 32 13.225
185 1057 16 25.061
186 977 34 56.386
187 1295 6 31.584
188 1169 26 62.945
189 697 52 67.197
190 1118 29 44.526
191 855 6 80.437
192 1147 57 63.336
193 460 3 68.567
194 844 28 90.977
195 614 8 83.988
196 1023 60 33.688
197 316 21 98.719
198 1015 25 80.252
199 922 22 46.361
200 122 10 7.453