200
1 370 20 49
2 1029 50 23
3 476 23 7
4 894 29 94
5 211 27 76
6 648 54 3
7 103 3 84
8 195 22 39
9 164 35 36
10 481 30 18
11 364 24 8
12 85 30 55
13 1009 53 71
14 310 9 61
15 652 21 3
16 781 40 4
17 806 29 43
18 1224 22 94
19 771 28 59
20 1182 50 27
21 50 46 51
22 645 18 40
23 846 52 59
24 237 40 88
25 940 36 46
26 61 46 65
27 1416 18 99
28 648 26 51
29 96 2 9
30 1012 60 88
31 1121 39 73
32 325 31 25
33 716 23 10
34 414 36 70
35 608 51 78
36 689 10 38
37 1087 12 1
38 581 24 69
39 756 42 71
40 1130 10 25
41 431 39 72
42 167 48 15
43 419 21 83
44 1363 2 74
45 1031 21 59
46 1366 47 7
47 33 34 47
48 578 54 11
49 585 56 25
50 486 39 8
51 967 40 21
52 801 51 22
53 1205 1 51
54 367 7 91
55 979 14 56
56 417 35 76
57 1276 46 83
58 1188 59 19
59 233 36 85
60 1265 16 51
61 1174 11 52
62 212 5 74
63 618 58 53
64 299 6 32
65 1067 44 39
66 445 45 94
67 964 18 7
68 1332 14 62
69 139 38 18
70 132 39 43
71 1438 35 85
72 277 19 26
73 1111 46 96
74 963 44 59
75 1012 7 59
76 696 17 58
77 815 41 53
78 383 51 74
79 1152 57 83
80 1327 55 89
81 1202 48 12
82 552 50 70
83 381 5 19
84 1002 53 83
85 1205 40 73
86 1002 21 87
87 867 29 22
88 1253 16 29
89 1383 8 50
90 98 15 50
91 873 40 2
92 274 60 66
93 184 51 95
94 117 19 43
95 645 11 26
96 224 34 83
97 209 5 89
98 33 2 73
99 914 18 78
100 374 3 14
101 774 20 90
102 884 59 20
103 36 11 85
104 1411 32 13
105 1095 7 57
106 813 47 89
107 501 52 39
108 1154 60 25
109 203 16 55
110 291 30 1
111 598 49 16
112 776 21 78
113 745 55 8
114 1088 15 8
115 476 16 63
116 1382 33 30
117 419 9 52
118 41 59 34
119 1331 36 1
120 854 28 80
121 138 6 11
122 548 54 58
123 148 49 73
124 1063 38 73
125 874 25 61
126 222 49 43
127 1204 53 57
128 334 20 27
129 1237 16 13
130 511 14 76
131 486 53 99
132 641 28 12
133 229 39 51
134 1348 27 73
135 754 32 52
136 1279 10 58
137 1114 2 89
138 1120 4 21
139 518 28 81
140 1375 53 53
141 280 9 94
142 522 6 57
143 741 45 71
144 1079 13 10
145 871 60 25
146 1402 16 83
147 761 44 92
148 841 7 7
149 679 11 43
150 772 51 39
151 1171 25 29
152 278 11 44
153 1123 36 55
154 1319 39 73
155 551 42 89
156 672 4 39
157 1094 54 9
158 606 28 77
159 910 9 19
160 369 1 7
161 326 48 6
162 792 32 41
163 12 40 24
164 276 46 30
165 717 40 55
166 585 24 55
167 1307 52 63
168 1098 44 58
169 478 39 30
170 1274 29 43
171 203 33 84
172 1281 49 85
173 1196 54 44
174 109 40 80
175 909 34 79
176 1413 20 77
177 222 31 64
178 355 33 28
179 569 59 51
180 4 25 47
181 1118 45 80
182 805 38 20
183 719 33 92
184 1171 9 2
185 1104 50 71
186 807 31 20
187 571 29 4
188 856 12 22
189 13 44 53
190 848 35 59
191 461 13 35
192 1338 45 17
193 1263 35 38
194 938 47 7
195 1182 24 53
196 1437 53 17
197 707 12 34
198 205 52 75
199 1111 60 8
200 1235 18 89
