190
1 581 48 41.978
2 654 23 25.391
3 598 38 93.507
4 1414 55 76.116
5 948 45 77.027
6 483 32 87.849
7 535 31 69.793
8 486 14 33.595
9 556 44 68.719
10 159 27 43.165
11 902 14 33.196
12 795 15 4.619
13 1084 25 4.531
14 813 9 63.086
15 1330 6 63.116
16 50 12 73.792
17 1346 24 18.587
18 1278 39 37.336
19 1068 44 50.942
20 1240 32 13.608
21 893 49 12.16
22 285 28 62.453
23 834 28 78.657
24 838 44 17.717
25 27 60 28.14
26 1296 51 56.612
27 468 40 56.937
28 290 49 5.025
29 904 45 85.158
30 770 43 83.388
31 1139 59 16.46
32 1127 29 91.024
33 949 54 49.251
34 1037 10 66.024
35 312 35 12.639
36 657 18 43.372
37 758 42 79.52
38 622 60 6.484
39 1387 55 37.547
40 1304 2 68.19
41 1312 41 63.857
42 576 36 37.455
43 198 41 6.924
44 662 4 38.598
45 958 52 46.496
46 509 23 68.69
47 236 57 57.975
48 271 25 1.187
49 1329 3 73.223
50 1156 39 30.915
51 196 11 26.24
52 587 54 38.121
53 446 35 90.654
54 1263 57 75.357
55 134 4 88.245
56 871 47 13.914
57 1032 18 82.897
58 796 21 11.256
59 1237 19 46.183
60 399 46 22.261
61 918 35 72.69
62 839 43 5.894
63 1406 6 67.567
64 628 19 13.373
65 1119 35 82.761
66 1424 58 58.972
67 27 38 94.277
68 554 49 24.697
69 1140 6 49.527
70 462 45 57.079
71 1068 31 20.839
72 894 10 75.555
73 808 31 84.63
74 654 36 61.488
75 141 35 51.621
76 156 8 15.542
77 729 33 2.116
78 724 44 67.69
79 80 58 19.238
80 918 1 24.479
81 670 44 66.762
82 562 9 34.622
83 521 27 35.286
84 787 13 42.17
85 1247 37 27.511
86 2 6 84.17
87 1374 23 77.894
88 106 16 53.229
89 1259 25 38.972
90 467 2 19.608
91 82 28 74.095
92 1114 33 36.049
93 1083 44 97.294
94 810 49 66.132
95 97 39 1.074
96 1373 56 56.649
97 56 8 32.166
98 461 27 77.012
99 221 12 90.232
100 1238 11 86.809
101 1027 9 26.489
102 858 36 51.786
103 375 25 46.626
104 507 3 5.527
105 792 34 15.872
106 1099 59 70.618
107 666 49 8.754
108 1257 57 32.06
109 786 52 85.801
110 630 56 65.933
111 750 12 12.523
112 220 13 59.509
113 594 55 38.108
114 1361 30 92.782
115 45 53 56.736
116 1031 31 14.98
117 505 11 83.651
118 1174 53 70.503
119 743 37 35.645
120 497 45 58.112
121 1073 49 67.253
122 343 17 63.264
123 1044 39 26.485
124 553 50 69.918
125 574 10 17.803
126 743 55 36.519
127 1413 5 65.51
128 1141 45 68.061
129 1090 17 79.507
130 584 52 85.732
131 371 12 54.704
132 80 60 74.058
133 1303 43 83.483
134 407 16 51.371
135 621 37 75.955
136 1371 49 60.929
137 3 33 42.765
138 1012 56 54.079
139 1438 14 33.25
140 707 44 3.868
141 1094 12 5.057
142 1121 60 76.157
143 928 31 92.125
144 270 59 66.848
145 992 49 81.23
146 97 26 7.449
147 917 38 49.249
148 801 16 42.578
149 1243 18 64.133
150 170 26 95.443
151 128 60 31.2
152 1422 4 78.229
153 1070 56 73.743
154 792 35 77.075
155 816 12 84.516
156 1405 56 40.735
157 574 54 37.806
158 357 17 94.697
159 34 44 16.071
160 1315 22 44.028
161 1096 21 21.201
162 999 23 92.471
163 133 57 63.779
164 769 14 93.315
165 971 54 92.241
166 628 40 19.607
167 1109 20 43.543
168 867 8 96.728
169 84 11 40.957
170 1216 31 75.104
171 756 57 83.684
172 206 54 89.109
173 984 15 90.987
174 329 17 74.793
175 1259 13 71.985
176 56 35 50.942
177 1372 51 1.052
178 19 20 82.492
179 866 45 19.133
180 472 31 10.789
181 1339 56 53.584
182 891 17 37.084
183 118 55 12.963
184 1177 19 28.118
185 184 32 24.116
186 610 44 81.241
187 166 48 82.685
188 327 32 2.413
189 1412 13 64.484
190 875 55 36.013
