200
1 276 37 84.895
2 130 17 12.674
3 921 31 65.507
4 430 7 49.297
5 799 28 61.136
6 5 45 45.093
7 469 38 94.581
8 651 2 3.21
9 1331 35 1.911
10 781 44 22.443
11 865 47 3.875
12 455 49 44.35
13 1016 36 24.075
14 473 44 22.659
15 942 19 92.723
16 853 54 91.71
17 1316 7 19.405
18 608 8 74.571
19 1026 60 96.753
20 1040 54 91.107
21 389 20 29.131
22 1023 55 94.149
23 806 38 85.475
24 984 16 74.629
25 828 27 66.809
26 752 36 88.39
27 1382 48 38.095
28 899 43 51.334
29 336 34 84.154
30 759 32 73.543
31 962 3 31.544
32 1260 38 58.239
33 1326 11 17.691
34 465 1 77.281
35 1106 59 86.168
36 476 26 51.863
37 1184 23 46.454
38 552 43 55.251
39 12 25 78.581
40 1050 52 13.796
41 1150 14 43.183
42 115 31 87.13
43 1168 36 20.784
44 1034 27 49.007
45 731 27 35.261
46 1103 35 62.725
47 1255 22 46.356
48 58 52 23.731
49 363 36 58.861
50 188 52 55.551
51 523 3 84.332
52 1379 5 9.24
53 35 29 2.441
54 576 16 27.595
55 1280 12 35.098
56 143 11 16.803
57 1081 11 66.008
58 1328 46 30.154
59 1439 21 50.152
60 234 2 31.888
61 704 27 79.823
62 530 7 26.092
63 1045 14 96.59
64 885 53 97.579
65 462 2 40.334
66 73 47 96.028
67 913 46 51.124
68 874 35 83.391
69 1292 52 69.809
70 924 15 52.865
71 63 26 67.815
72 658 43 63.463
73 121 48 30.562
74 435 57 5.697
75 145 55 8.568
76 611 48 16.662
77 1157 17 13.909
78 1149 57 85.201
79 1210 53 22.541
80 1168 30 17.98
81 1276 33 4.705
82 411 23 10.803
83 1175 44 89.759
84 1212 13 49.742
85 1364 25 30.311
86 1024 2 33.209
87 824 58 28.854
88 322 13 85.895
89 1154 51 14.379
90 880 14 27.387
91 198 54 38.544
92 1122 23 91.529
93 1408 35 48.965
94 1091 16 7.467
95 83 6 14.169
96 342 59 54.282
97 549 49 33.891
98 1037 54 26.274
99 694 22 12.277
100 482 56 94.455
101 1002 9 58.415
102 214 21 4.875
103 150 25 86.75
104 302 54 13.377
105 235 40 59.153
106 775 5 57.507
107 459 37 9.093
108 547 24 89.185
109 1156 35 92.581
110 938 58 28.441
111 94 53 30.278
112 1257 43 2.44
113 847 8 82.785
114 82 13 24.723
115 1202 27 17.04
116 924 11 68.407
117 326 48 84.656
118 892 59 96.504
119 1112 59 82.016
120 1127 17 71.449
121 645 7 21.554
122 651 3 3.699
123 606 47 60.06
124 922 26 32.014
125 129 5 91.425
126 1232 30 12.025
127 441 51 62.162
128 1112 56 69.13
129 1356 23 26.649
130 1110 14 31.424
131 505 24 9.055
132 576 6 98.353
133 918 6 65.548
134 1318 22 94.132
135 800 20 5.064
136 383 21 79.48
137 1186 58 92.213
138 504 22 10.994
139 1253 38 80.948
140 189 16 22.795
141 500 26 8.16
142 1129 56 8.021
143 154 2 63.902
144 596 49 79.425
145 1011 31 86.401
146 316 7 50.641
147 672 5 51.417
148 1363 12 18.777
149 307 10 82.333
150 655 20 11.581
151 1054 54 92.015
152 602 9 89.481
153 291 35 91.137
154 66 50 32.29
155 1277 52 67.547
156 1133 54 94.403
157 1413 14 18.637
158 887 35 16.632
159 1368 16 26.006
160 132 44 96.374
161 881 36 25.772
162 900 55 54.267
163 23 26 83.792
164 352 17 49.092
165 1324 60 42.251
166 1169 2 7.17
167 727 38 14.69
168 257 9 26.652
169 568 26 56.843
170 353 40 9.835
171 996 1 18.58
172 650 33 89.41
173 898 60 68.964
174 463 16 31.985
175 1407 31 95.696
176 845 22 56.48
177 1339 18 97.262
178 450 4 92.238
179 1048 42 87.864
180 327 33 76.836
181 418 20 30.573
182 614 55 55.679
183 339 45 70.426
184 952 39 9.412
185 253 58 61.004
186 1053 37 38.342
187 320 17 43.248
188 1167 47 76.017
189 107 32 68.481
190 1305 23 39.013
191 338 35 73.259
192 84 34 98.14
193 523 41 11.003
194 172 9 96.953
195 1264 54 96.712
196 1407 45 9.119
197 494 55 38.853
198 887 26 17.311
199 667 29 13.507
200 1000 14 12.799
