200
1 224 1 34.394
2 791 10 50.197
3 448 51 7.52
4 1114 37 8.275
5 675 32 49.725
6 989 39 48.243
7 1038 17 34.845
8 518 24 63.663
9 224 55 86.745
10 1254 21 45.115
11 535 31 93.371
12 1361 58 6.42
13 1019 7 82.761
14 227 24 40.006
15 1354 32 5.733
16 685 24 19.472
17 455 53 95.429
18 1337 20 60.971
19 1412 53 21.876
20 390 6 86.489
21 408 49 85.631
22 14 30 17.257
23 493 48 94.585
24 423 59 78.513
25 807 19 17.218
26 677 36 12.216
27 140 38 16.962
28 433 38 87.243
29 647 5 87.406
30 1101 5 76.196
31 1412 30 15.903
32 877 22 93.89
33 1357 5 59.883
34 188 32 28.943
35 12 60 57.578
36 1205 34 69.416
37 849 50 31.029
38 697 51 73.46
39 1138 13 71.26
40 734 15 4.53
41 968 9 7.292
42 1294 50 45.797
43 1146 29 76.937
44 132 33 94.081
45 1213 12 22.242
46 719 41 68.417
47 1288 36 75.736
48 1214 30 27.649
49 179 12 68.196
50 1174 39 83.533
51 485 10 38.214
52 452 31 19.049
53 924 27 49.992
54 621 8 4.658
55 43 35 29.474
56 1388 9 89.453
57 1366 60 91.876
58 417 15 27.789
59 19 38 61.545
60 1227 3 15.931
61 586 3 87.686
62 725 24 62.394
63 218 45 4.049
64 724 38 31.257
65 1317 27 15.641
66 1298 58 46.307
67 273 59 26.227
68 516 7 65.891
69 621 4 16.819
70 1183 20 84.495
71 1431 59 42.479
72 173 1 64.798
73 1087 57 40.931
74 303 37 49.589
75 1316 43 18.279
76 593 13 48.155
77 89 47 14.319
78 605 43 93.191
79 72 45 88.222
80 1246 60 66.866
81 564 16 79.657
82 505 4 30.576
83 442 15 61.404
84 386 33 27.596
85 193 38 57.068
86 138 38 37.794
87 613 49 34.736
88 901 46 26.623
89 971 11 25.912
90 1322 29 76.037
91 883 47 1.319
92 876 5 59.459
93 1155 47 8.821
94 384 57 41.563
95 578 49 51.669
96 1436 33 81.228
97 212 48 24.833
98 261 13 28.741
99 1046 53 58.524
100 85 36 92.399
101 1190 36 18.203
102 316 31 26.822
103 910 30 5.859
104 1428 4 80.278
105 681 32 80.328
106 769 45 98.563
107 1085 11 16.191
108 792 34 32.647
109 556 31 99.201
110 594 42 90.971
111 1316 13 21.115
112 334 3 11.441
113 841 37 53.928
114 1192 5 22.488
115 276 19 64.589
116 43 29 9.867
117 249 53 50.224
118 1377 32 37.639
119 987 23 20.587
120 465 3 49.319
121 1413 2 85.816
122 659 52 67.335
123 346 52 43.654
124 318 24 66.76
125 432 1 43.635
126 479 31 92.8
127 1340 19 73.119
128 704 49 17.066
129 457 6 91.204
130 549 60 56.357
131 526 6 84.572
132 827 38 72.191
133 234 18 32.945
134 672 57 67.695
135 912 29 20.157
136 1285 15 71.662
137 631 55 86.358
138 62 56 94.089
139 1053 4 51.026
140 137 22 86.722
141 431 32 91.722
142 538 19 94.08
143 574 1 85.899
144 1176 32 30.745
145 306 51 44.804
146 607 17 77.866
147 671 1 84.838
148 1084 47 97.11
149 1301 2 38.514
150 1376 23 6.845
151 75 43 82.426
152 954 29 49.004
153 416 41 58.619
154 75 11 89.858
155 229 22 18.418
156 316 14 48.476
157 200 23 95.035
158 837 33 98.694
159 862 59 28.765
160 1127 29 43.6
161 570 40 33.969
162 119 32 81.421
163 1188 6 14.101
164 1280 8 74.286
165 1406 40 22.921
166 137 26 20.529
167 40 58 10.919
168 301 20 2.636
169 6 55 54.281
170 48 41 12.43
171 1277 47 48.858
172 239 58 60.528
173 673 21 24.229
174 1374 27 52.644
175 1214 28 98.436
176 695 28 28.036
177 334 41 80.65
178 259 30 20.26
179 289 29 80.881
180 439 2 88.409
181 23 26 67.528
182 1242 60 12.401
183 836 41 88.204
184 322 20 48.568
185 606 37 30.725
186 661 4 83.494
187 1132 29 71.524
188 183 53 80.946
189 151 52 6.564
190 866 47 40.396
191 17 60 18.927
192 649 9 64.764
193 1263 13 78.965
194 993 15 80.726
195 130 10 91.82
196 529 35 75.06
197 458 26 92.404
198 694 49 38.408
199 1258 12 34.07
200 719 38 20.61
