200
1 1433 55 88.689
2 1225 52 54.036
3 925 44 62.126
4 556 12 87.57
5 232 19 77.204
6 168 60 71.223
7 700 31 76.613
8 58 7 75.872
9 198 44 4.559
10 970 52 27.662
11 1195 2 53.662
12 29 42 20.813
13 324 52 36.865
14 104 34 12.0
15 383 2 87.337
16 1201 60 64.413
17 630 33 26.728
18 699 14 18.291
19 422 58 94.811
20 1352 37 37.391
21 1002 31 43.459
22 1315 5 98.473
23 466 21 66.723
24 164 34 85.55
25 1344 29 13.121
26 677 8 27.76
27 354 13 85.925
28 1238 3 36.498
29 1395 30 56.958
30 84 15 77.091
31 627 13 28.268
32 970 25 9.91
33 959 2 38.347
34 1136 23 66.064
35 963 48 79.77
36 945 43 49.26
37 1155 27 4.49
38 263 35 17.616
39 894 5 8.101
40 954 27 35.965
41 156 13 60.65
42 443 45 29.661
43 300 38 53.738
44 245 13 34.508
45 642 39 96.335
46 1242 57 93.528
47 1279 32 98.268
48 315 23 72.937
49 1209 49 99.987
50 709 27 74.251
51 25 5 45.05
52 72 38 32.897
53 227 42 36.447
54 696 7 58.11
55 1075 4 80.865
56 262 31 60.688
57 633 41 3.788
58 1421 44 88.467
59 921 4 77.017
60 1332 3 74.35
61 862 4 45.889
62 218 60 60.223
63 996 59 85.259
64 687 31 37.749
65 1277 44 42.329
66 1140 4 38.092
67 1089 40 24.748
68 213 31 45.518
69 1150 27 14.536
70 47 5 28.282
71 331 38 22.762
72 786 53 90.614
73 1017 11 2.791
74 571 55 28.104
75 608 26 40.311
76 927 26 10.027
77 45 41 75.37
78 539 26 34.206
79 539 16 1.469
80 410 39 76.32
81 597 40 95.936
82 1111 54 69.194
83 675 17 27.946
84 945 20 7.162
85 101 51 69.354
86 1256 34 99.725
87 69 52 38.951
88 968 48 12.542
89 497 45 72.577
90 1226 26 9.9
91 882 39 52.759
92 767 60 15.191
93 1260 47 10.232
94 122 55 67.458
95 579 13 69.854
96 1240 53 2.868
97 1263 50 3.028
98 1361 35 8.443
99 573 20 73.85
100 549 19 19.629
101 258 35 69.027
102 284 21 74.463
103 1355 20 69.907
104 342 24 71.722
105 1284 15 81.5
106 75 40 34.319
107 1233 40 14.834
108 15 34 60.772
109 420 40 32.389
110 284 50 32.884
111 1043 22 3.246
112 887 2 4.066
113 928 4 11.406
114 1350 40 14.41
115 312 9 42.777
116 1302 60 39.975
117 1010 54 43.553
118 194 1 86.532
119 378 45 67.474
120 1377 41 34.405
121 672 3 43.88
122 173 21 35.871
123 1038 46 61.53
124 671 22 99.873
125 656 21 46.011
126 1155 38 84.38
127 1379 5 47.54
128 677 49 15.132
129 160 13 95.203
130 999 11 90.038
131 728 60 76.069
132 38 26 13.106
133 990 21 96.467
134 1284 19 91.858
135 861 4 73.37
136 1245 43 25.451
137 254 41 7.879
138 50 35 75.696
139 541 17 45.876
140 1281 19 18.226
141 334 22 56.737
142 692 18 14.265
143 1154 54 85.937
144 1374 23 52.901
145 1231 39 2.376
146 92 23 86.208
147 1061 44 15.054
148 74 17 74.606
149 1370 6 96.51
150 227 13 76.502
151 599 33 87.492
152 352 45 67.775
153 700 47 37.38
154 853 18 11.394
155 152 27 80.594
156 1217 48 56.526
157 185 28 65.905
158 359 38 38.583
159 735 58 26.008
160 1348 32 76.626
161 423 14 32.019
162 1304 27 98.262
163 286 26 77.881
164 363 1 24.027
165 873 43 71.967
166 250 38 28.74
167 499 18 13.568
168 305 30 29.914
169 298 15 82.004
170 56 33 67.626
171 1281 39 18.336
172 869 50 69.938
173 191 42 52.237
174 1221 25 54.562
175 758 13 57.865
176 774 32 3.355
177 960 19 65.179
178 1225 36 25.269
179 225 28 86.744
180 832 8 68.366
181 770 21 94.06
182 115 55 63.003
183 697 53 26.607
184 305 59 11.269
185 122 39 51.465
186 314 39 30.26
187 387 49 72.624
188 915 16 31.189
189 1248 24 4.129
190 151 10 13.935
191 717 23 63.936
192 304 1 54.686
193 716 51 80.484
194 1323 39 3.844
195 463 60 70.586
196 876 1 68.74
197 270 42 5.417
198 813 26 74.566
199 262 3 3.245
200 347 56 6.035
