157
1 371 26 71
2 879 20 11
3 1234 24 60
4 863 9 84
5 1217 11 81
6 134 16 84
7 815 3 31
8 1254 48 66
9 1107 35 35
10 286 41 16
11 167 39 93
12 382 39 44
13 1430 57 67
14 1071 8 37
15 1056 36 95
16 202 55 92
17 1007 27 39
18 733 15 80
19 117 11 77
20 1271 17 59
21 435 44 30
22 640 1 5
23 770 52 50
24 207 22 2
25 349 31 42
26 1325 7 3
27 1145 52 32
28 775 16 85
29 1384 42 50
30 892 48 65
31 896 2 38
32 446 42 40
33 323 55 30
34 374 44 39
35 1226 20 95
36 1399 26 68
37 1221 32 59
38 1040 10 40
39 609 47 6
40 559 39 72
41 1009 13 35
42 1090 45 92
43 559 1 19
44 1136 1 10
45 785 21 8
46 165 44 69
47 1165 20 13
48 849 33 26
49 780 51 84
50 1332 16 72
51 459 36 42
52 1170 33 65
53 17 42 56
54 403 45 83
55 48 30 75
56 94 28 81
57 490 16 17
58 247 27 49
59 506 41 85
60 1346 27 39
61 736 35 76
62 565 35 88
63 272 1 82
64 1221 53 42
65 351 50 99
66 1047 13 17
67 311 10 48
68 517 60 79
69 40 29 44
70 7 15 23
71 1136 25 15
72 114 34 63
73 160 60 11
74 751 37 24
75 1054 58 95
76 104 42 53
77 1383 27 73
78 1366 14 91
79 364 10 96
80 799 15 44
81 839 54 78
82 126 5 80
83 373 50 67
84 1034 57 75
85 512 49 28
86 68 15 58
87 463 40 47
88 919 36 79
89 470 26 71
90 1399 40 57
91 274 11 53
92 479 35 99
93 508 40 76
94 1099 39 78
95 96 4 71
96 983 41 73
97 863 57 49
98 775 40 13
99 288 47 65
100 562 30 26
101 201 45 58
102 509 4 51
103 1000 3 97
104 693 43 84
105 390 43 2
106 974 53 3
107 1008 50 34
108 792 58 27
109 1334 41 76
110 1110 34 23
111 1112 3 4
112 1338 22 66
113 873 31 2
114 1056 14 55
115 743 48 16
116 1229 36 28
117 1048 5 58
118 417 10 26
119 719 53 12
120 1194 8 88
121 830 34 30
122 445 41 41
123 370 58 90
124 1342 28 60
125 1415 40 41
126 1079 50 46
127 850 1 9
128 1282 59 73
129 186 44 31
130 1213 35 63
131 215 60 94
132 1327 60 10
133 1214 34 68
134 1264 12 32
135 291 16 33
136 1282 7 14
137 1301 39 40
138 476 19 91
139 1388 55 46
140 48 12 55
141 1138 47 37
142 1158 26 6
143 277 28 32
144 632 20 93
145 804 1 78
146 1209 12 5
147 133 26 57
148 692 55 7
149 1337 4 98
150 1374 50 98
151 1020 31 96
152 1248 53 29
153 968 27 37
154 1295 43 50
155 931 10 29
156 1410 57 67
157 83 9 4
