173
1 141 16 78
2 450 30 41
3 576 2 82
4 1052 38 53
5 795 50 27
6 780 51 39
7 588 2 70
8 1162 8 7
9 603 59 27
10 1419 51 53
11 1416 37 1
12 549 26 20
13 194 42 20
14 1226 45 33
15 1395 25 12
16 912 56 11
17 912 9 49
18 1385 30 48
19 1330 34 1
20 656 57 34
21 385 10 80
22 761 56 27
23 286 33 64
24 25 21 10
25 1220 9 45
26 263 57 60
27 542 45 85
28 1087 54 95
29 584 27 5
30 1263 10 45
31 663 1 94
32 73 30 26
33 365 9 27
34 312 13 16
35 205 4 21
36 197 47 43
37 904 49 82
38 830 14 52
39 191 8 91
40 1233 55 18
41 1065 24 9
42 1120 41 1
43 1320 52 33
44 414 19 68
45 1266 7 97
46 492 20 9
47 1039 34 3
48 1421 21 77
49 90 56 34
50 381 55 88
51 1299 56 86
52 1113 56 22
53 146 15 40
54 774 35 12
55 376 51 11
56 678 42 84
57 875 19 70
58 22 15 88
59 781 46 97
60 795 42 16
61 968 24 92
62 289 58 7
63 1226 9 74
64 637 22 19
65 258 60 56
66 806 14 62
67 496 28 4
68 1205 51 58
69 362 51 76
70 157 32 64
71 12 44 27
72 640 8 35
73 545 22 10
74 1411 41 12
75 1268 54 98
76 436 46 62
77 1096 16 61
78 811 32 11
79 1304 28 25
80 254 11 13
81 235 9 11
82 664 30 77
83 237 3 77
84 1103 12 76
85 372 36 2
86 359 26 85
87 261 11 81
88 1331 33 85
89 1279 49 41
90 791 28 80
91 988 36 8
92 33 56 94
93 360 24 50
94 413 3 72
95 911 21 77
96 1073 20 1
97 808 44 17
98 1043 44 76
99 640 44 61
100 715 14 43
101 573 5 37
102 1020 48 49
103 1190 45 74
104 235 35 56
105 295 48 6
106 1219 46 74
107 122 54 49
108 751 27 59
109 911 50 18
110 754 31 89
111 499 32 30
112 474 30 20
113 1099 12 56
114 789 7 45
115 868 7 22
116 157 10 29
117 529 3 62
118 1121 24 85
119 856 28 64
120 1009 12 2
121 116 13 26
122 50 6 60
123 1169 41 51
124 973 30 47
125 717 26 62
126 1015 2 50
127 341 53 64
128 579 30 3
129 1305 26 38
130 915 59 3
131 999 20 67
132 222 5 60
133 634 35 16
134 528 32 52
135 1170 15 36
136 1170 37 83
137 256 50 26
138 899 22 83
139 837 57 80
140 398 1 41
141 1171 10 48
142 708 14 62
143 944 45 74
144 134 11 64
145 449 37 14
146 791 26 70
147 532 49 23
148 993 14 17
149 72 22 33
150 780 42 70
151 1426 14 24
152 892 18 50
153 163 41 90
154 382 3 51
155 692 56 30
156 496 31 17
157 872 20 57
158 1412 13 23
159 1272 48 64
160 1306 15 67
161 1428 57 62
162 339 35 22
163 1016 18 84
164 254 58 78
165 721 55 52
166 266 4 48
167 233 36 82
168 1363 44 58
169 518 58 40
170 462 38 99
171 269 50 10
172 355 52 5
173 1075 13 43
