180
1 1311 33 65
2 1434 31 67
3 80 24 20
4 808 18 4
5 365 11 67
6 1281 13 83
7 1092 24 15
8 1216 30 1
9 148 54 65
10 793 30 82
11 1179 1 65
12 549 52 86
13 1273 46 5
14 1089 44 52
15 1125 21 31
16 592 20 15
17 83 1 86
18 639 8 80
19 1192 53 31
20 653 37 5
21 642 15 81
22 627 17 67
23 629 38 75
24 664 59 61
25 415 49 24
26 246 22 53
27 1278 16 41
28 1350 27 3
29 457 32 45
30 563 36 91
31 851 7 67
32 132 23 10
33 960 52 48
34 652 57 91
35 227 43 65
36 476 42 53
37 1165 56 86
38 110 48 12
39 1039 51 74
40 881 41 61
41 1156 55 76
42 949 25 78
43 208 42 23
44 11 34 44
45 946 35 77
46 151 17 44
47 437 25 31
48 37 48 94
49 950 31 97
50 1048 50 33
51 949 22 48
52 814 31 50
53 942 48 91
54 808 58 66
55 217 30 27
56 1041 21 45
57 68 19 30
58 50 13 30
59 533 58 31
60 892 26 97
61 179 15 81
62 164 58 61
63 928 26 58
64 1010 38 46
65 538 40 9
66 46 8 55
67 189 18 30
68 229 16 91
69 308 6 59
70 533 8 58
71 1187 3 89
72 988 31 71
73 1200 8 4
74 1101 33 18
75 448 56 41
76 1055 2 71
77 768 12 85
78 1178 47 96
79 277 43 61
80 1235 35 75
81 1258 54 73
82 1197 27 21
83 240 58 93
84 1011 15 45
85 1239 20 14
86 972 22 91
87 227 24 61
88 1266 50 89
89 420 53 20
90 1436 37 3
91 768 24 33
92 580 56 26
93 467 59 90
94 665 20 16
95 1327 56 91
96 835 39 82
97 662 39 2
98 977 35 85
99 844 36 74
100 173 46 97
101 1416 24 89
102 1243 31 78
103 1415 51 91
104 915 45 41
105 704 49 69
106 1420 56 48
107 998 53 37
108 1232 30 19
109 1420 30 93
110 175 41 16
111 122 11 43
112 1276 26 77
113 928 1 50
114 72 9 71
115 165 34 59
116 892 10 44
117 855 51 44
118 1189 4 75
119 375 42 19
120 991 2 68
121 745 43 98
122 791 13 49
123 646 39 23
124 1330 58 79
125 1257 11 74
126 1066 16 67
127 1364 35 97
128 689 36 26
129 775 10 77
130 1433 32 33
131 1361 54 82
132 332 4 75
133 1400 59 79
134 880 18 85
135 500 40 38
136 1427 56 71
137 924 29 97
138 1325 56 41
139 903 51 45
140 1438 39 66
141 1006 7 68
142 1325 22 3
143 996 18 54
144 348 2 86
145 1198 9 86
146 1130 47 77
147 830 21 66
148 791 1 84
149 748 31 8
150 679 24 46
151 1431 3 54
152 82 19 72
153 153 7 49
154 1003 56 76
155 685 27 64
156 386 17 47
157 998 36 88
158 63 40 9
159 1208 39 80
160 739 34 30
161 609 1 90
162 1276 53 21
163 143 16 26
164 1373 29 32
165 852 29 14
166 1025 30 88
167 508 48 2
168 1254 11 45
169 1106 3 91
170 602 30 10
171 1388 2 14
172 903 52 96
173 1294 59 65
174 283 13 91
175 153 32 27
176 1360 42 28
177 984 7 18
178 1422 1 18
179 851 24 85
180 703 36 95
