200
1 1189 14 14.495
2 391 60 25.584
3 1393 23 49.225
4 1322 27 45.835
5 131 20 69.806
6 561 54 28.183
7 1076 16 33.816
8 841 8 26.052
9 1164 18 38.455
10 515 3 19.092
11 214 41 36.139
12 1217 1 4.07
13 638 28 12.417
14 1159 13 50.359
15 1071 28 69.766
16 1078 21 67.966
17 543 35 47.939
18 1329 15 89.684
19 509 5 12.286
20 1385 1 87.865
21 534 56 49.2
22 1411 31 35.454
23 173 31 84.29
24 1439 44 29.419
25 1132 21 59.65
26 778 50 13.448
27 1025 10 12.463
28 193 22 87.261
29 1431 25 30.329
30 227 59 81.458
31 281 14 50.473
32 636 25 65.177
33 1136 30 8.45
34 1391 60 4.635
35 45 33 53.79
36 698 5 30.895
37 973 55 7.132
38 88 2 38.005
39 1373 52 11.604
40 1434 55 65.586
41 375 24 89.316
42 86 50 86.2
43 868 20 77.379
44 1236 6 11.999
45 617 38 38.291
46 1369 32 40.551
47 546 26 80.031
48 36 30 53.777
49 1335 57 61.078
50 872 33 39.729
51 674 55 42.903
52 1305 35 66.647
53 211 11 57.351
54 44 43 38.087
55 976 2 7.238
56 138 9 22.35
57 507 53 31.759
58 692 28 16.967
59 171 12 91.712
60 1103 27 5.944
61 1239 9 86.327
62 1356 33 0.509
63 1328 52 15.653
64 1162 29 51.334
65 1361 3 9.1
66 1338 41 55.161
67 461 15 42.524
68 1077 59 26.147
69 93 32 23.516
70 357 53 52.775
71 1077 8 79.754
72 1177 35 10.017
73 954 44 20.817
74 1182 56 86.026
75 1071 33 80.571
76 1419 20 24.42
77 509 21 93.857
78 1090 37 53.998
79 793 23 68.815
80 55 48 89.141
81 526 48 20.924
82 226 58 91.796
83 1108 12 92.361
84 113 44 58.22
85 1068 29 69.215
86 781 60 55.099
87 872 22 21.154
88 588 38 34.395
89 1129 47 99.132
90 936 26 0.186
91 121 23 32.516
92 605 24 85.196
93 361 5 26.215
94 1334 9 99.822
95 380 36 8.514
96 820 40 45.604
97 109 2 92.854
98 605 43 69.357
99 1438 51 39.634
100 120 26 83.378
101 1036 35 38.127
102 1161 8 5.02
103 842 58 32.1
104 1223 43 17.989
105 917 48 15.981
106 1135 28 62.658
107 1008 8 40.467
108 1283 12 99.695
109 724 12 4.103
110 36 34 73.203
111 930 55 53.866
112 405 55 81.398
113 879 34 19.574
114 1099 22 43.182
115 734 59 88.554
116 167 57 64.965
117 178 51 98.35
118 405 17 10.732
119 568 3 85.642
120 1280 39 5.336
121 669 54 41.684
122 1416 29 84.315
123 1115 37 80.261
124 111 37 94.848
125 1246 24 45.458
126 187 3 33.988
127 257 15 78.557
128 1368 49 77.613
129 999 3 97.444
130 349 52 94.87
131 388 38 69.388
132 1071 15 77.113
133 1203 30 78.349
134 1100 48 96.163
135 90 9 93.373
136 664 2 10.976
137 760 56 49.663
138 152 24 6.268
139 742 46 5.093
140 438 57 5.286
141 886 31 42.077
142 1169 38 72.271
143 1197 2 80.041
144 1353 11 74.814
145 277 9 42.617
146 255 50 13.586
147 68 60 81.18
148 527 18 22.069
149 98 8 10.461
150 93 43 90.949
151 411 11 96.143
152 1261 32 7.651
153 1258 12 30.008
154 846 43 46.47
155 49 22 0.834
156 265 19 56.864
157 1349 29 74.257
158 1263 57 41.268
159 1093 38 6.278
160 496 1 70.965
161 770 31 76.097
162 285 9 65.244
163 1370 28 52.85
164 162 39 24.771
165 508 22 48.18
166 332 20 16.781
167 548 60 66.276
168 412 60 23.885
169 384 40 82.575
170 1096 57 3.535
171 1135 11 70.097
172 1413 44 0.839
173 908 37 17.109
174 469 40 80.075
175 570 18 50.722
176 845 58 1.522
177 179 3 6.898
178 629 50 69.592
179 766 31 43.304
180 130 49 25.914
181 1200 12 34.895
182 284 30 78.529
183 1022 27 92.347
184 943 56 12.935
185 1062 57 69.472
186 1413 59 57.552
187 1428 26 64.575
188 83 39 86.318
189 384 29 39.206
190 1432 43 14.024
191 214 7 32.299
192 512 4 98.871
193 553 22 75.223
194 1408 57 94.516
195 1172 57 18.498
196 1349 43 0.602
197 1152 8 54.205
198 936 21 84.75
199 1033 56 87.861
200 294 29 45.374
