200
1 137 19 31.149
2 953 26 88.862
3 860 14 69.727
4 1118 31 46.334
5 751 29 26.462
6 1112 45 57.553
7 161 42 19.49
8 148 22 74.123
9 585 7 93.693
10 456 37 65.927
11 1112 49 72.499
12 1038 41 16.449
13 952 27 74.822
14 833 31 49.736
15 716 6 8.738
16 733 16 38.645
17 933 38 72.945
18 282 38 57.821
19 801 50 30.638
20 471 32 98.875
21 891 33 57.403
22 596 49 94.495
23 648 17 55.977
24 574 33 56.467
25 654 11 5.117
26 257 13 10.408
27 464 30 61.444
28 1029 1 73.163
29 424 30 24.403
30 349 27 96.398
31 942 40 74.124
32 587 23 23.801
33 1007 20 64.442
34 820 6 33.976
35 740 37 72.748
36 874 20 58.459
37 787 37 75.665
38 438 6 25.146
39 1021 29 93.23
40 787 13 99.3
41 942 27 16.453
42 856 50 51.291
43 450 20 86.348
44 1078 13 34.77
45 817 39 24.264
46 1119 8 73.107
47 60 53 97.752
48 337 17 50.375
49 164 30 39.243
50 946 1 39.193
51 1131 24 79.451
52 202 16 70.606
53 890 11 31.892
54 551 4 97.459
55 1038 4 89.158
56 904 17 70.093
57 1017 49 44.078
58 535 10 20.73
59 505 21 66.496
60 469 53 75.389
61 401 38 60.408
62 1081 57 49.562
63 883 57 11.804
64 664 49 78.473
65 281 18 49.159
66 1029 54 85.411
67 613 58 13.482
68 1005 10 96.509
69 306 45 49.12
70 344 16 7.235
71 154 39 28.011
72 358 15 90.258
73 698 34 33.402
74 408 5 97.008
75 1054 17 44.412
76 930 37 36.705
77 632 8 78.977
78 948 24 46.712
79 855 28 7.557
80 503 47 82.884
81 8 8 79.046
82 618 23 51.499
83 1010 35 0.968
84 138 31 13.636
85 695 55 71.199
86 852 17 59.086
87 933 28 70.004
88 1009 48 36.093
89 127 48 62.938
90 578 51 43.483
91 805 12 41.38
92 977 24 41.503
93 113 15 3.206
94 651 40 6.1
95 238 31 84.932
96 991 27 69.553
97 64 35 23.041
98 455 55 11.813
99 604 18 4.071
100 624 36 47.971
101 340 8 58.797
102 227 46 89.796
103 909 49 92.027
104 370 38 36.624
105 808 5 93.084
106 1049 54 54.578
107 699 14 57.409
108 293 38 17.864
109 356 20 11.586
110 838 44 24.438
111 135 9 12.429
112 4 33 22.329
113 890 18 53.981
114 681 6 86.825
115 445 37 79.499
116 837 2 3.236
117 27 30 69.856
118 737 6 4.679
119 249 17 99.803
120 366 39 78.411
121 198 57 23.138
122 930 41 49.011
123 638 23 74.41
124 607 31 83.981
125 73 20 22.886
126 247 5 13.395
127 853 21 93.108
128 214 43 67.076
129 103 11 87.628
130 328 4 23.238
131 596 23 12.87
132 257 38 35.033
133 1132 59 25.27
134 927 30 7.275
135 1 42 64.448
136 692 41 25.121
137 1114 18 45.022
138 1099 52 28.83
139 500 41 92.119
140 739 43 45.021
141 636 31 87.986
142 344 30 4.402
143 1121 34 53.58
144 852 31 45.273
145 283 47 32.612
146 719 38 30.019
147 33 25 26.679
148 455 17 19.953
149 429 36 49.263
150 828 40 34.514
151 691 30 33.06
152 174 2 6.621
153 94 24 1.387
154 420 9 91.166
155 405 1 41.376
156 942 24 67.704
157 976 38 45.24
158 376 48 20.064
159 703 27 92.948
160 498 26 12.266
161 739 26 48.138
162 420 7 9.173
163 586 25 22.928
164 1047 56 68.541
165 461 16 52.641
166 720 38 55.005
167 1076 42 83.224
168 999 18 6.078
169 816 17 90.483
170 105 49 65.123
171 641 44 64.091
172 328 47 3.021
173 607 6 91.007
174 170 55 2.798
175 167 20 18.545
176 940 48 89.591
177 595 23 12.673
178 834 46 39.799
179 835 12 76.005
180 1139 12 56.295
181 861 34 73.048
182 335 8 19.285
183 742 56 41.205
184 101 27 49.839
185 416 49 24.362
186 222 8 99.792
187 175 48 67.112
188 606 55 88.378
189 781 33 39.297
190 849 37 92.484
191 1091 19 25.163
192 1012 24 15.788
193 126 22 78.686
194 625 3 97.302
195 731 9 6.204
196 697 11 10.0
197 322 6 31.79
198 449 39 52.595
199 710 39 70.427
200 4 37 95.555
