172
1 28 10 16.827
2 11 1 90.614
3 59 16 52.993
4 81 18 13.487
5 48 2 72.895
6 74 9 17.39
7 74 11 56.751
8 91 10 3.775
9 104 14 1.644
10 101 4 90.35
11 105 5 90.741
12 111 4 16.806
13 110 2 55.734
14 134 16 16.037
15 147 14 74.925
16 157 12 19.438
17 170 16 23.646
18 169 5 16.324
19 192 10 73.666
20 185 2 54.986
21 205 18 32.857
22 204 5 4.869
23 219 8 55.963
24 235 13 85.002
25 226 1 44.871
26 234 6 47.697
27 257 12 17.291
28 251 4 82.565
29 265 16 23.186
30 270 2 13.967
31 278 9 9.471
32 293 14 20.994
33 300 8 84.441
34 336 17 89.4
35 335 11 25.043
36 328 1 47.183
37 366 16 19.803
38 346 2 84.938
39 351 4 0.808
40 352 3 34.291
41 353 1 59.856
42 356 3 98.451
43 373 8 47.388
44 385 8 65.484
45 401 13 19.861
46 426 16 83.311
47 406 2 13.4
48 414 5 80.735
49 426 8 45.848
50 436 11 49.859
51 451 12 39.093
52 444 5 82.479
53 446 1 34.992
54 465 7 71.454
55 483 18 91.465
56 496 17 60.57
57 497 10 61.685
58 505 5 69.532
59 542 16 8.657
60 532 11 43.43
61 554 15 77.364
62 559 6 8.375
63 564 7 48.349
64 573 6 76.523
65 565 1 52.81
66 594 17 93.847
67 588 3 28.311
68 600 10 85.713
69 614 13 60.292
70 612 3 39.493
71 627 10 82.136
72 627 4 21.463
73 643 8 85.655
74 636 2 41.891
75 673 14 63.083
76 653 6 10.096
77 661 4 94.61
78 687 13 77.171
79 685 12 1.388
80 709 10 45.35
81 712 12 47.566
82 707 3 57.142
83 718 6 7.458
84 723 4 74.748
85 745 14 1.085
86 748 14 56.917
87 762 8 30.332
88 777 9 52.287
89 770 6 59.515
90 774 2 28.729
91 783 7 18.727
92 789 8 26.968
93 807 9 84.847
94 802 6 42.259
95 801 1 81.23
96 806 5 32.742
97 809 1 54.195
98 827 15 6.459
99 827 2 83.022
100 845 8 40.216
101 850 7 21.12
102 850 8 68.769
103 860 9 77.328
104 871 14 50.956
105 893 14 92.143
106 890 2 26.419
107 923 18 62.652
108 921 8 70.649
109 915 2 60.914
110 957 16 47.774
111 952 11 89.256
112 971 16 49.839
113 993 14 24.05
114 981 6 32.294
115 1002 11 41.626
116 1006 15 59.783
117 1015 5 4.354
118 1023 7 80.844
119 1020 4 88.678
120 1038 7 76.558
121 1044 15 53.549
122 1046 4 64.598
123 1065 15 72.142
124 1066 3 31.707
125 1067 2 51.537
126 1089 9 24.17
127 1092 9 28.983
128 1103 12 66.658
129 1125 14 92.477
130 1128 10 41.164
131 1143 17 49.949
132 1151 9 63.31
133 1149 3 46.229
134 1166 13 9.135
135 1170 3 35.931
136 1166 1 47.788
137 1169 3 42.786
138 1198 15 44.754
139 1190 3 95.595
140 1214 14 2.089
141 1224 8 56.925
142 1220 11 10.579
143 1233 12 98.915
144 1272 15 24.378
145 1277 16 16.892
146 1301 13 46.459
147 1283 6 57.233
148 1291 7 15.409
149 1294 3 28.618
150 1324 15 12.634
151 1318 10 60.187
152 1341 13 36.829
153 1352 17 37.63
154 1362 12 27.055
155 1389 11 13.528
156 1386 17 34.289
157 1421 14 63.486
158 1411 7 20.352
159 1417 6 20.204
160 1433 16 30.463
161 1440 10 13.747
162 1440 1 60.249
163 1071 15 5.787
164 972 29 2.607
165 1086 13 36.316
166 573 40 37.805
167 503 37 29.2
168 302 30 13.945
169 61 21 22.211
170 852 21 4.451
171 316 13 8.128
172 524 32 12.416
