200
1 886 13 80
2 835 26 72
3 995 12 49
4 364 17 75
5 213 35 19
6 150 15 93
7 208 13 91
8 142 30 48
9 267 10 2
10 242 55 99
11 677 18 5
12 930 35 12
13 578 54 16
14 899 42 43
15 698 3 17
16 64 8 36
17 240 59 80
18 939 58 48
19 1061 34 6
20 915 42 40
21 28 2 96
22 24 30 28
23 933 54 32
24 330 24 65
25 481 47 51
26 1439 53 8
27 1061 35 66
28 449 22 77
29 1270 49 90
30 544 41 26
31 289 27 10
32 885 8 47
33 787 53 52
34 921 58 85
35 212 18 96
36 991 46 24
37 1148 37 82
38 269 31 43
39 381 37 26
40 276 11 88
41 234 35 51
42 82 1 56
43 1285 38 15
44 1293 56 10
45 606 12 69
46 772 53 14
47 1087 54 14
48 1395 17 17
49 563 58 26
50 1352 2 54
51 293 5 33
52 784 19 35
53 900 12 30
54 938 53 39
55 170 5 73
56 221 9 53
57 612 59 33
58 1389 56 65
59 747 3 27
60 1105 5 51
61 1295 46 25
62 409 45 51
63 106 48 73
64 423 30 11
65 703 31 43
66 1392 55 83
67 621 40 39
68 1306 39 35
69 995 15 48
70 1026 51 71
71 783 9 19
72 1273 4 94
73 771 15 86
74 47 59 77
75 826 14 78
76 901 5 44
77 701 6 73
78 213 23 24
79 20 50 29
80 11 33 2
81 1416 24 3
82 1045 46 71
83 579 36 8
84 1100 42 17
85 508 60 98
86 729 59 21
87 598 14 10
88 1421 6 42
89 1069 41 91
90 341 11 23
91 1064 41 76
92 775 49 72
93 709 37 48
94 1288 44 30
95 409 21 31
96 1397 57 80
97 493 60 4
98 543 8 12
99 638 38 85
100 592 55 97
101 949 50 42
102 625 50 43
103 1116 10 2
104 479 43 85
105 335 32 67
106 881 4 89
107 522 38 33
108 588 51 88
109 168 14 66
110 554 14 40
111 1381 13 44
112 740 56 15
113 577 23 10
114 622 14 63
115 192 30 93
116 189 14 96
117 319 3 41
118 1221 48 2
119 88 16 93
120 46 44 58
121 1260 43 5
122 262 12 77
123 1417 19 27
124 864 14 59
125 953 48 83
126 417 1 82
127 1180 23 77
128 1016 11 19
129 95 7 16
130 550 34 23
131 1013 41 39
132 217 41 17
133 1050 24 96
134 1073 34 17
135 1412 12 37
136 1062 14 68
137 758 9 79
138 1388 45 76
139 1286 13 52
140 142 48 36
141 372 32 15
142 517 10 6
143 1096 31 65
144 200 20 18
145 347 60 54
146 347 34 88
147 358 10 36
148 298 18 10
149 312 43 66
150 595 4 34
151 1357 16 38
152 921 10 23
153 1109 52 98
154 682 22 21
155 402 26 88
156 1426 47 64
157 978 33 74
158 692 32 27
159 759 20 13
160 137 15 74
161 1308 34 86
162 1082 44 44
163 550 58 66
164 1414 11 71
165 922 32 31
166 1177 51 85
167 175 41 42
168 1156 44 38
169 284 51 61
170 1089 18 48
171 617 41 91
172 86 39 79
173 624 35 43
174 723 59 71
175 451 46 85
176 1125 18 68
177 347 18 66
178 971 14 71
179 1206 4 27
180 1405 51 50
181 1204 22 89
182 1010 29 47
183 710 13 13
184 126 14 27
185 539 18 81
186 664 42 46
187 1086 55 18
188 1184 50 85
189 731 60 11
190 350 38 97
191 1050 45 13
192 1040 31 93
193 789 36 93
194 335 52 52
195 815 50 5
196 1315 35 71
197 688 48 52
198 999 57 65
199 527 41 16
200 844 48 25
