161
1 982 36 12
2 1324 23 39
3 333 53 35
4 865 41 1
5 876 22 73
6 1423 11 18
7 312 14 79
8 1074 53 3
9 471 12 92
10 766 31 27
11 626 22 31
12 1322 47 40
13 1018 59 55
14 957 5 73
15 347 4 60
16 357 33 94
17 17 10 62
18 891 38 97
19 501 23 80
20 795 9 78
21 716 3 76
22 1200 3 90
23 522 12 68
24 227 23 68
25 194 41 35
26 350 33 6
27 418 31 19
28 288 34 80
29 64 59 99
30 1432 24 69
31 9 51 75
32 1238 16 30
33 826 27 87
34 788 56 47
35 129 5 64
36 313 37 54
37 339 14 54
38 824 4 65
39 1182 33 38
40 1334 23 21
41 445 17 9
42 1396 54 1
43 1411 58 37
44 681 20 95
45 320 55 88
46 1354 11 39
47 1358 54 61
48 1210 1 61
49 246 55 6
50 1428 59 53
51 570 24 28
52 692 9 71
53 478 13 7
54 64 8 64
55 55 53 48
56 1281 51 75
57 1384 22 89
58 66 49 84
59 1032 55 3
60 978 4 65
61 538 30 30
62 889 59 69
63 116 15 5
64 172 53 18
65 371 28 56
66 1219 60 57
67 237 26 96
68 899 1 77
69 893 11 92
70 235 3 55
71 489 12 42
72 189 12 89
73 297 24 58
74 621 33 22
75 79 6 6
76 1434 46 3
77 1243 47 50
78 815 37 61
79 954 45 92
80 1020 47 80
81 978 2 70
82 1350 35 60
83 663 38 6
84 1340 21 66
85 168 60 14
86 1287 24 94
87 1412 2 53
88 1169 13 27
89 1310 19 11
90 423 7 29
91 943 32 80
92 50 24 1
93 62 60 94
94 508 48 77
95 502 57 55
96 418 20 31
97 370 8 83
98 1226 29 18
99 930 30 91
100 1280 25 31
101 242 2 60
102 1177 48 41
103 921 29 52
104 852 36 58
105 211 38 7
106 1117 4 16
107 55 45 77
108 487 50 18
109 952 2 99
110 886 57 53
111 632 9 63
112 1253 57 62
113 587 53 56
114 809 33 92
115 192 7 56
116 125 56 84
117 787 36 83
118 3 19 91
119 1087 1 9
120 557 24 90
121 441 23 66
122 653 20 86
123 1203 57 90
124 535 4 23
125 598 56 26
126 298 15 54
127 730 6 96
128 865 11 49
129 519 35 36
130 940 33 51
131 22 4 71
132 648 16 49
133 169 20 70
134 551 54 98
135 921 42 29
136 439 45 98
137 795 19 3
138 247 39 87
139 1200 17 6
140 743 32 28
141 165 38 71
142 393 1 31
143 599 46 74
144 287 58 84
145 877 34 77
146 632 56 2
147 1153 31 1
148 378 24 35
149 1310 32 57
150 96 14 11
151 867 36 97
152 1353 12 5
153 1275 39 42
154 489 59 23
155 696 57 74
156 1124 43 83
157 313 9 79
158 577 47 65
159 119 46 91
160 260 23 27
161 715 15 36
