190
1 1141 14 79
2 237 44 13
3 74 60 92
4 1065 52 79
5 870 46 49
6 354 5 50
7 1438 19 74
8 469 25 55
9 926 44 82
10 860 58 96
11 636 46 87
12 1371 21 90
13 692 27 74
14 894 1 18
15 680 14 66
16 909 42 74
17 996 17 22
18 186 39 41
19 938 60 88
20 425 1 38
21 488 10 49
22 1413 60 57
23 687 43 71
24 192 34 93
25 925 25 38
26 863 2 5
27 165 9 42
28 242 5 99
29 63 59 52
30 227 21 83
31 217 22 7
32 957 30 40
33 375 14 24
34 1119 7 84
35 1174 58 62
36 1231 41 88
37 240 60 42
38 861 39 48
39 980 1 15
40 1174 47 68
41 716 43 43
42 861 40 70
43 1137 56 78
44 842 6 15
45 275 2 88
46 784 55 42
47 132 28 80
48 355 4 77
49 350 39 32
50 434 2 71
51 31 24 66
52 1016 19 1
53 675 1 47
54 1338 44 64
55 1389 54 66
56 71 15 94
57 1352 29 13
58 464 10 83
59 1299 51 60
60 565 17 43
61 220 42 26
62 223 40 5
63 1148 55 1
64 689 60 25
65 354 42 60
66 1135 6 90
67 736 12 80
68 643 28 43
69 993 5 93
70 969 2 1
71 630 58 30
72 334 1 77
73 89 42 98
74 24 51 91
75 1429 28 60
76 1082 12 10
77 663 52 60
78 1312 43 99
79 612 48 48
80 1030 4 70
81 1214 9 80
82 295 50 8
83 1056 13 29
84 641 4 75
85 240 3 74
86 796 24 77
87 940 45 16
88 636 41 86
89 1380 11 46
90 1313 27 95
91 876 7 31
92 85 27 14
93 1148 47 94
94 726 7 38
95 1094 44 36
96 276 16 7
97 654 50 9
98 1071 55 48
99 536 26 81
100 908 33 66
101 1014 53 91
102 162 32 90
103 122 1 90
104 53 52 6
105 1393 34 35
106 1 52 9
107 1049 2 42
108 913 56 15
109 156 49 54
110 614 42 4
111 910 40 20
112 1134 31 33
113 128 17 29
114 41 59 78
115 1215 1 20
116 739 34 44
117 1138 5 67
118 1209 34 33
119 1096 38 3
120 153 29 87
121 588 32 76
122 829 49 84
123 498 59 31
124 621 43 25
125 531 27 74
126 834 1 87
127 14 26 71
128 1354 38 13
129 165 51 13
130 692 48 6
131 655 31 73
132 149 39 29
133 100 29 48
134 737 41 2
135 171 45 26
136 907 7 15
137 933 27 89
138 905 51 55
139 37 30 2
140 219 29 92
141 146 25 9
142 437 35 43
143 413 33 12
144 635 57 5
145 882 31 83
146 868 51 5
147 1069 6 11
148 740 8 91
149 525 56 95
150 456 53 33
151 789 6 13
152 850 25 27
153 5 47 74
154 645 56 46
155 77 19 31
156 21 17 49
157 784 33 20
158 1233 42 75
159 637 24 49
160 1357 55 92
161 501 9 17
162 610 2 87
163 386 48 15
164 1116 50 1
165 1168 36 18
166 1059 6 81
167 797 59 39
168 1366 52 18
169 550 51 10
170 64 6 31
171 857 46 50
172 694 55 65
173 647 20 18
174 1319 59 46
175 458 56 86
176 145 47 3
177 801 13 74
178 690 18 81
179 31 24 72
180 1268 55 22
181 1026 4 46
182 301 34 28
183 1014 54 20
184 556 5 43
185 991 41 58
186 726 52 45
187 820 60 94
188 506 44 76
189 251 20 81
190 1192 6 62
