173
1 639 56 96
2 1326 29 10
3 5 37 48
4 895 7 6
5 1308 59 93
6 1345 16 28
7 653 7 91
8 402 39 49
9 347 38 48
10 1006 58 7
11 581 38 65
12 235 29 78
13 1133 43 14
14 402 25 55
15 628 18 18
16 745 60 27
17 382 33 22
18 43 36 5
19 114 50 53
20 367 56 2
21 8 30 13
22 1047 28 30
23 124 55 90
24 692 20 97
25 323 58 35
26 965 20 6
27 650 7 8
28 407 10 43
29 1103 26 62
30 939 7 60
31 294 33 48
32 862 11 13
33 1307 16 45
34 513 23 52
35 373 49 71
36 793 28 86
37 629 13 26
38 1241 51 30
39 497 30 33
40 1282 23 80
41 914 15 78
42 833 39 28
43 1148 15 81
44 1351 26 60
45 608 27 31
46 1056 47 33
47 863 44 54
48 1286 52 25
49 32 47 84
50 476 32 80
51 1156 57 19
52 811 43 74
53 104 37 40
54 961 53 72
55 1275 2 65
56 838 5 42
57 532 59 26
58 404 2 25
59 192 9 82
60 1223 52 68
61 583 27 43
62 1347 56 63
63 912 57 21
64 514 26 27
65 1435 43 31
66 732 22 92
67 1386 8 82
68 178 55 71
69 957 36 99
70 572 10 63
71 336 35 6
72 773 45 26
73 531 14 65
74 224 22 65
75 532 31 59
76 765 3 7
77 657 19 31
78 955 56 98
79 761 22 86
80 547 58 71
81 1025 8 86
82 1421 24 26
83 453 15 76
84 902 33 73
85 455 43 28
86 561 5 20
87 1225 29 5
88 1291 46 24
89 431 23 15
90 271 53 97
91 408 42 43
92 455 7 19
93 925 19 45
94 575 16 57
95 397 19 26
96 1439 8 4
97 398 29 39
98 1382 9 79
99 306 19 7
100 116 7 23
101 812 42 27
102 812 32 48
103 3 17 10
104 939 54 78
105 378 27 56
106 1193 28 58
107 462 54 37
108 225 32 85
109 1257 15 31
110 295 20 25
111 477 56 14
112 163 24 73
113 19 45 16
114 1167 51 57
115 533 30 80
116 671 9 58
117 399 56 9
118 511 43 94
119 1412 48 92
120 639 31 51
121 1362 11 9
122 366 27 40
123 364 42 15
124 381 41 71
125 779 51 48
126 441 50 29
127 587 29 42
128 253 35 15
129 813 44 80
130 127 30 29
131 1397 3 93
132 277 32 5
133 1072 35 4
134 1159 22 37
135 606 49 2
136 82 1 41
137 893 1 83
138 452 51 49
139 68 10 18
140 679 45 30
141 371 36 90
142 1021 6 9
143 136 53 21
144 1143 33 70
145 1198 11 24
146 1249 25 45
147 790 26 34
148 1122 17 76
149 1030 51 21
150 636 39 2
151 1081 22 98
152 520 51 29
153 1390 1 72
154 447 40 78
155 631 36 56
156 435 15 45
157 451 5 51
158 941 1 87
159 417 37 14
160 1143 4 69
161 771 56 83
162 335 34 45
163 744 20 84
164 346 45 42
165 1261 27 67
166 174 10 85
167 1205 1 49
168 433 26 35
169 26 12 8
170 839 51 86
171 1051 47 10
172 449 27 82
173 1407 37 79
