200
1 341 21 70.86
2 58 40 39.812
3 123 39 28.796
4 193 45 66.421
5 193 48 49.491
6 1285 1 29.847
7 356 21 29.565
8 1078 42 12.747
9 753 12 61.337
10 318 36 39.446
11 889 12 2.329
12 782 7 82.951
13 689 12 7.352
14 58 11 63.001
15 502 40 41.195
16 438 23 50.224
17 799 26 84.979
18 1065 17 90.057
19 1184 18 31.223
20 249 59 37.095
21 79 58 48.256
22 763 31 14.253
23 1439 40 62.222
24 1308 21 77.427
25 895 20 65.838
26 201 38 95.067
27 761 55 24.21
28 939 42 78.82
29 526 27 82.792
30 353 16 56.786
31 387 4 8.583
32 1272 54 34.392
33 904 22 73.492
34 495 55 98.803
35 1031 60 54.465
36 196 37 39.618
37 1214 47 27.975
38 1112 17 26.738
39 411 33 84.562
40 312 6 38.333
41 654 42 50.263
42 1044 32 64.097
43 927 2 58.763
44 1112 16 6.272
45 578 41 11.673
46 757 60 72.214
47 532 49 67.214
48 666 33 96.088
49 791 2 31.154
50 1411 5 0.244
51 1385 39 47.953
52 947 23 15.789
53 428 26 17.381
54 74 51 74.49
55 695 18 23.825
56 963 60 58.558
57 798 51 57.112
58 415 23 92.812
59 141 53 37.78
60 345 19 15.124
61 623 56 42.35
62 996 17 55.689
63 1355 28 0.647
64 1235 38 40.615
65 124 39 41.057
66 247 3 24.344
67 1384 6 35.581
68 1078 38 56.038
69 407 4 60.065
70 1093 26 59.53
71 855 41 95.019
72 1371 56 24.559
73 714 48 86.735
74 854 11 17.652
75 379 34 61.559
76 1103 11 10.165
77 1177 51 90.522
78 492 43 2.668
79 648 53 37.614
80 70 43 26.859
81 726 52 61.784
82 343 19 1.403
83 528 18 24.318
84 749 12 53.972
85 839 56 75.915
86 782 21 58.785
87 1335 20 38.161
88 1017 48 40.375
89 959 23 91.908
90 400 15 77.944
91 887 51 31.213
92 109 60 91.895
93 444 37 12.717
94 1329 4 75.563
95 151 17 65.23
96 296 9 20.262
97 1199 46 48.07
98 413 6 72.217
99 1377 5 55.179
100 200 24 20.434
101 570 10 44.796
102 525 57 12.035
103 912 3 47.434
104 1232 22 92.971
105 1279 12 15.694
106 846 19 76.198
107 147 53 99.886
108 406 14 39.933
109 88 24 24.829
110 874 24 94.472
111 1210 29 30.391
112 730 32 9.361
113 860 20 18.864
114 746 30 68.518
115 943 32 92.28
116 1378 12 36.606
117 634 47 21.47
118 254 31 13.35
119 967 43 67.965
120 1234 45 57.531
121 1218 49 69.832
122 761 42 22.77
123 669 25 11.707
124 412 33 55.818
125 496 13 18.73
126 1357 35 73.048
127 297 17 60.654
128 485 58 50.36
129 670 20 88.879
130 710 38 85.344
131 811 18 62.952
132 881 33 53.659
133 789 2 72.225
134 1245 55 80.266
135 641 35 92.736
136 785 8 61.862
137 70 56 53.906
138 906 12 19.955
139 1326 16 38.353
140 1401 20 46.71
141 605 51 3.017
142 151 1 65.04
143 1171 24 70.241
144 908 9 69.464
145 228 51 74.642
146 1078 33 88.436
147 1002 13 34.156
148 1141 44 6.289
149 1140 11 59.972
150 1222 16 63.902
151 111 14 32.805
152 1067 58 30.535
153 1048 56 43.807
154 1362 35 38.432
155 1267 36 59.502
156 156 48 47.88
157 1327 56 83.257
158 1122 43 11.286
159 1231 22 78.991
160 755 28 90.792
161 140 47 54.426
162 1420 58 64.551
163 1286 16 46.566
164 1379 51 13.45
165 1175 26 52.332
166 336 11 14.258
167 1418 22 61.316
168 363 35 62.623
169 257 31 13.144
170 478 39 78.305
171 1316 35 92.302
172 591 28 31.862
173 55 28 65.605
174 765 33 7.328
175 1382 40 7.054
176 1278 19 71.644
177 1416 35 88.87
178 1229 56 25.584
179 65 56 23.608
180 245 25 2.359
181 469 14 37.964
182 148 27 67.352
183 525 32 90.34
184 1301 51 66.094
185 1 42 61.599
186 9 33 87.952
187 1031 55 78.116
188 1391 16 23.387
189 797 4 30.685
190 569 26 45.91
191 125 38 84.13
192 1032 13 78.731
193 288 3 70.443
194 335 40 34.017
195 74 32 52.091
196 46 20 26.03
197 381 17 15.624
198 6 39 52.668
199 29 6 27.648
200 833 19 42.425
