185
1 1359 16 59.047
2 1263 21 52.196
3 10 13 69.108
4 1300 14 99.603
5 957 20 38.733
6 391 31 35.255
7 940 54 83.962
8 131 60 33.43
9 597 47 64.762
10 623 38 31.502
11 993 10 15.648
12 110 14 65.429
13 667 48 24.715
14 322 60 39.183
15 158 30 17.506
16 990 28 19.952
17 769 21 96.611
18 1207 57 59.857
19 247 42 34.476
20 1302 32 46.138
21 985 12 85.286
22 255 54 79.335
23 392 35 4.55
24 252 42 83.267
25 104 12 57.493
26 1045 40 57.51
27 449 8 22.154
28 790 42 32.101
29 490 44 86.218
30 1108 48 94.909
31 1265 9 91.071
32 203 44 35.06
33 1268 4 56.764
34 111 18 55.735
35 396 52 35.576
36 610 1 81.664
37 1069 50 12.185
38 8 55 11.78
39 202 48 95.536
40 636 40 18.528
41 68 15 38.729
42 461 36 98.136
43 1412 8 71.959
44 479 53 54.928
45 208 24 71.473
46 321 55 25.876
47 485 2 52.318
48 725 56 86.12
49 1422 35 37.022
50 39 5 90.968
51 514 51 34.771
52 1101 38 44.512
53 1183 13 77.517
54 84 47 39.585
55 891 16 1.012
56 1227 26 19.468
57 16 36 98.251
58 828 36 30.217
59 622 33 59.161
60 460 48 59.513
61 1229 19 95.894
62 212 31 0.039
63 809 20 60.438
64 1126 2 66.539
65 819 15 5.366
66 1290 10 76.167
67 1230 26 64.78
68 1181 23 26.866
69 483 56 35.51
70 113 27 59.389
71 753 24 75.506
72 438 2 8.184
73 221 60 96.179
74 669 14 15.932
75 1086 13 49.862
76 999 10 64.847
77 331 40 35.683
78 953 10 40.277
79 414 15 98.43
80 1258 15 90.453
81 169 32 65.407
82 189 20 10.298
83 136 13 94.383
84 1193 50 67.318
85 913 2 99.952
86 918 35 67.339
87 442 43 7.36
88 1109 44 6.656
89 566 15 82.559
90 342 59 53.093
91 899 24 74.434
92 1409 17 0.359
93 457 44 21.3
94 872 14 43.118
95 483 30 29.585
96 794 12 39.202
97 65 51 77.085
98 142 44 31.179
99 358 23 45.923
100 1177 58 56.122
101 916 43 34.853
102 93 18 58.655
103 188 51 95.136
104 557 1 58.555
105 614 40 87.255
106 996 10 43.494
107 1074 40 42.262
108 829 28 52.914
109 1055 25 42.943
110 213 55 79.291
111 39 20 77.265
112 720 3 18.586
113 955 49 1.455
114 615 9 76.189
115 464 44 25.117
116 82 24 49.184
117 387 38 47.713
118 704 32 64.975
119 1153 41 82.227
120 959 9 54.203
121 1393 51 69.773
122 945 37 7.759
123 1039 40 92.955
124 282 1 91.07
125 628 17 56.137
126 1043 25 38.561
127 125 13 72.988
128 1243 29 68.285
129 74 28 88.956
130 965 38 98.848
131 1308 48 46.064
132 543 4 40.181
133 267 4 97.834
134 585 33 58.168
135 1324 47 22.075
136 1101 45 38.261
137 120 28 44.456
138 332 14 64.383
139 619 17 94.746
140 563 18 24.262
141 545 19 89.977
142 372 20 21.126
143 743 36 39.0
144 807 15 5.44
145 916 14 97.523
146 1224 6 29.638
147 737 39 35.909
148 641 34 26.078
149 278 34 32.594
150 1 37 59.162
151 1050 40 31.864
152 1077 4 94.971
153 10 41 74.61
154 1341 50 84.412
155 1337 41 60.384
156 133 34 83.348
157 736 44 63.324
158 1054 15 16.057
159 274 56 10.057
160 726 30 92.611
161 625 48 80.173
162 598 37 14.932
163 179 26 29.434
164 602 44 43.189
165 933 24 8.291
166 1232 19 42.072
167 914 58 20.98
168 316 32 14.474
169 870 53 65.474
170 752 60 45.437
171 386 32 49.424
172 177 46 41.874
173 12 7 48.5
174 1005 41 65.409
175 614 18 49.705
176 480 24 20.779
177 764 9 69.269
178 1101 32 42.777
179 943 9 36.917
180 1050 45 58.161
181 33 60 27.698
182 479 41 86.285
183 499 29 76.393
184 572 2 72.667
185 304 20 77.778
