200
1 267 41 76.003
2 1313 51 83.77
3 149 42 66.8
4 1207 38 30.9
5 75 2 45.31
6 1292 18 6.0
7 1438 21 69.219
8 778 56 60.67
9 550 49 43.619
10 853 11 60.8
11 1213 7 85.78
12 1216 31 55.28
13 893 41 84.6
14 294 23 80.03
15 1070 50 78.85
16 397 21 8.954
17 1321 56 46.4
18 1009 19 74.06
19 960 52 9.92
20 625 4 52.3
21 222 60 40.7
22 481 58 22.916
23 1399 48 6.62
24 1313 55 37.595
25 532 35 49.6
26 1078 26 46.449
27 159 54 31.899
28 872 58 41.114
29 1006 41 17.75
30 415 30 23.49
31 254 30 58.9
32 1266 11 1.22
33 1105 48 96.081
34 488 40 33.1
35 529 16 63.41
36 594 51 92.059
37 759 9 6.5
38 61 27 68.404
39 188 14 52.4
40 961 38 81.81
41 94 31 15.63
42 938 29 6.965
43 179 21 88.7
44 1366 9 14.354
45 916 59 20.52
46 1266 5 87.155
47 436 35 52.9
48 960 17 85.1
49 1000 53 88.743
50 1239 55 22.7
51 372 39 35.28
52 143 40 64.87
53 1314 15 25.82
54 496 22 79.949
55 1099 3 10.57
56 946 55 18.1
57 1128 58 23.021
58 1295 50 92.0
59 830 10 38.79
60 1275 50 76.7
61 1078 53 4.962
62 1217 59 52.957
63 246 19 50.397
64 1284 27 26.66
65 125 44 94.07
66 1248 54 36.2
67 135 38 28.2
68 894 31 19.079
69 1380 45 22.622
70 849 53 37.754
71 1191 45 62.1
72 158 41 93.6
73 236 37 68.04
74 752 38 10.418
75 275 46 43.47
76 247 43 12.17
77 960 50 70.567
78 1306 16 76.4
79 1044 2 28.189
80 931 1 99.9
81 266 43 86.38
82 1036 27 7.9
83 566 11 62.9
84 824 42 7.723
85 1388 54 11.6
86 147 24 21.06
87 1220 5 29.89
88 746 20 32.3
89 1181 54 9.134
90 285 31 80.48
91 124 45 83.55
92 557 31 87.4
93 1355 49 69.4
94 480 51 93.4
95 97 14 40.1
96 667 33 46.979
97 1258 58 34.698
98 368 45 38.96
99 702 14 25.4
100 144 33 28.867
101 764 46 82.1
102 1251 44 16.19
103 233 18 52.56
104 1180 45 51.21
105 303 10 32.309
106 1229 59 46.481
107 115 44 56.26
108 1421 5 56.4
109 626 19 33.71
110 1305 2 67.03
111 518 11 8.142
112 240 57 8.5
113 1190 22 80.26
114 289 58 35.5
115 293 24 96.87
116 8 11 94.6
117 179 55 84.4
118 452 6 76.6
119 193 17 87.7
120 273 23 39.4
121 1303 17 76.1
122 1219 10 69.99
123 308 42 97.2
124 811 16 26.81
125 399 21 27.653
126 930 33 69.996
127 714 36 48.7
128 475 28 23.415
129 688 3 81.98
130 353 25 84.4
131 247 10 82.19
132 1216 46 58.262
133 466 46 53.5
134 1217 11 59.9
135 1136 20 63.87
136 1103 34 59.8
137 404 10 16.38
138 1244 55 64.4
139 107 8 94.428
140 1361 45 83.0
141 1314 36 48.2
142 1104 31 29.42
143 1310 9 83.422
144 1325 57 6.51
145 1417 46 92.188
146 1333 48 59.16
147 574 1 9.675
148 1356 36 29.1
149 1260 13 1.07
150 1279 23 53.67
151 275 57 13.82
152 817 27 93.2
153 676 20 8.737
154 1226 46 17.6
155 365 13 66.67
156 468 11 6.295
157 1362 31 62.9
158 589 48 30.0
159 481 25 39.958
160 1212 27 26.11
161 272 3 76.148
162 748 37 52.6
163 738 2 39.5
164 943 10 76.04
165 1410 21 16.31
166 460 4 83.2
167 1119 4 76.542
168 905 10 31.947
169 1191 44 30.0
170 944 42 21.04
171 300 21 44.9
172 488 48 32.29
173 738 49 86.644
174 1353 34 75.833
175 302 42 94.9
176 307 25 18.266
177 735 19 16.927
178 1055 31 67.6
179 356 13 28.2
180 537 53 54.7
181 1004 34 25.873
182 1046 1 16.07
183 180 25 7.89
184 648 43 35.7
185 905 24 14.15
186 694 31 84.458
187 1383 57 10.31
188 482 46 93.86
189 941 21 22.3
190 1370 57 48.4
191 1241 42 84.675
192 722 31 10.034
193 689 22 70.7
194 1423 44 55.3
195 515 21 85.9
196 581 30 74.33
197 1351 12 35.7
198 686 58 42.908
199 1368 51 56.83
200 439 9 94.99
