200
1 659 21 48.301
2 203 24 40.754
3 788 33 5.906
4 460 50 93.808
5 359 49 42.511
6 1250 25 45.334
7 1400 44 96.068
8 515 38 67.106
9 854 45 97.405
10 921 28 60.258
11 782 50 91.605
12 245 37 66.207
13 751 16 10.604
14 111 36 62.439
15 292 18 20.508
16 491 48 99.403
17 524 14 11.838
18 1330 54 39.285
19 1310 45 31.067
20 545 49 74.998
21 1251 46 42.021
22 1352 9 6.681
23 618 25 23.514
24 385 35 97.744
25 589 44 82.857
26 1241 40 34.312
27 76 50 13.769
28 411 55 61.202
29 485 32 61.899
30 180 52 74.176
31 1298 39 72.465
32 630 42 97.541
33 71 40 11.257
34 149 18 30.193
35 314 31 52.644
36 507 32 92.446
37 1222 54 9.489
38 1193 31 13.18
39 771 56 68.095
40 408 50 96.093
41 390 48 43.291
42 648 11 5.099
43 1425 29 70.018
44 691 48 87.673
45 1365 41 62.298
46 448 29 49.051
47 337 49 18.197
48 5 30 66.926
49 584 59 42.392
50 802 25 24.554
51 168 39 26.892
52 537 36 79.502
53 425 32 58.851
54 274 58 26.464
55 111 48 50.406
56 34 37 67.96
57 368 29 34.044
58 756 17 12.442
59 1134 28 61.555
60 517 31 68.219
61 1410 47 50.538
62 870 49 66.936
63 339 29 11.995
64 529 53 91.094
65 1384 59 41.769
66 703 18 28.767
67 408 58 94.418
68 6 34 72.911
69 291 56 39.853
70 1329 21 44.789
71 1395 54 76.594
72 605 42 73.768
73 1414 18 3.076
74 106 33 49.855
75 1336 15 15.437
76 332 33 87.681
77 239 39 29.377
78 304 19 19.818
79 159 26 47.8
80 473 51 66.331
81 785 34 41.74
82 377 45 71.321
83 1134 19 10.872
84 44 46 91.057
85 1090 57 55.93
86 526 22 27.43
87 602 30 36.124
88 338 32 67.03
89 1064 21 47.118
90 186 11 26.241
91 1323 42 89.87
92 349 36 75.618
93 117 40 87.845
94 1311 28 61.501
95 672 50 34.123
96 271 57 92.589
97 1018 43 44.612
98 728 40 13.853
99 1159 29 27.795
100 610 34 72.549
101 1380 31 7.688
102 1314 11 26.788
103 1292 44 58.718
104 156 58 67.072
105 128 58 86.656
106 1191 57 57.341
107 722 50 70.657
108 594 44 64.673
109 800 17 12.819
110 400 29 7.392
111 503 24 21.322
112 561 37 66.571
113 698 16 10.238
114 317 45 17.459
115 1256 42 63.363
116 68 56 99.494
117 455 7 16.106
118 127 27 27.274
119 395 45 33.733
120 189 56 80.481
121 1105 56 87.094
122 464 46 61.688
123 874 28 68.319
124 578 30 76.532
125 773 21 9.203
126 1303 40 49.68
127 139 34 19.227
128 598 51 76.738
129 566 41 68.485
130 913 33 43.726
131 616 40 39.588
132 511 38 99.779
133 130 53 65.564
134 1277 52 28.752
135 1298 29 5.762
136 187 42 70.462
137 436 35 26.316
138 296 59 73.334
139 571 50 9.216
140 184 36 69.66
141 375 42 46.671
142 386 41 74.524
143 462 48 39.718
144 7 54 88.83
145 534 43 6.649
146 993 48 92.472
147 874 58 31.069
148 337 30 71.39
149 1326 53 75.392
150 1297 31 53.564
151 879 35 71.262
152 663 55 71.669
153 368 28 24.606
154 845 50 86.536
155 1263 54 56.851
156 431 57 81.766
157 1255 47 49.686
158 827 57 34.568
159 373 43 22.632
160 204 39 71.172
161 1122 9 19.586
162 846 45 70.934
163 467 43 44.558
164 347 52 76.569
165 1063 34 66.233
166 1197 53 49.049
167 76 49 66.703
168 414 46 60.233
169 299 24 20.586
170 608 59 31.534
171 938 52 37.614
172 590 31 69.843
173 1343 54 61.518
174 485 45 32.991
175 1321 27 5.768
176 19 47 65.264
177 1318 27 46.613
178 850 43 54.216
179 843 46 72.84
180 53 42 80.214
181 130 53 74.891
182 578 26 56.467
183 626 56 38.079
184 710 47 73.093
185 405 28 15.649
186 815 33 9.404
187 657 5 10.589
188 523 43 92.208
189 491 23 43.673
190 992 59 51.312
191 1171 55 55.085
192 650 59 67.975
193 1324 8 13.291
194 617 41 79.628
195 537 52 29.774
196 93 37 78.456
197 620 25 26.744
198 1380 36 47.077
199 704 27 66.392
200 374 36 70.992