189
1 1347 24 41
2 931 36 98
3 1426 2 88
4 456 50 91
5 868 22 93
6 37 2 34
7 915 6 22
8 816 58 42
9 939 51 21
10 632 38 74
11 1265 40 45
12 652 3 18
13 256 24 5
14 929 13 60
15 596 32 56
16 930 3 43
17 194 29 25
18 831 8 29
19 149 26 11
20 667 28 77
21 415 48 5
22 173 7 81
23 825 9 37
24 6 50 43
25 446 6 9
26 305 20 21
27 304 8 22
28 1151 37 94
29 1340 6 66
30 1408 49 17
31 1360 54 83
32 1258 6 98
33 885 27 55
34 1077 58 53
35 126 42 38
36 760 37 81
37 1328 6 8
38 314 9 17
39 1104 46 60
40 1099 10 22
41 471 23 43
42 183 48 49
43 714 27 33
44 1420 54 28
45 594 49 74
46 1093 55 17
47 706 26 43
48 1296 37 64
49 397 3 46
50 544 25 61
51 801 56 42
52 757 29 28
53 269 14 30
54 93 21 39
55 776 24 93
56 666 10 51
57 454 8 73
58 266 7 75
59 301 30 74
60 1382 20 38
61 1268 2 10
62 1273 40 77
63 1416 37 82
64 366 51 19
65 1124 49 13
66 928 18 99
67 668 16 81
68 122 4 32
69 273 33 91
70 1052 24 89
71 98 56 57
72 286 45 38
73 1286 26 28
74 607 56 71
75 1110 6 17
76 898 56 35
77 748 9 56
78 1148 30 52
79 243 59 78
80 702 13 36
81 74 7 45
82 386 27 31
83 372 51 44
84 955 24 62
85 1187 17 90
86 1192 1 26
87 1202 35 67
88 135 40 26
89 632 22 53
90 305 53 29
91 723 50 93
92 1224 52 4
93 1100 40 96
94 872 41 99
95 452 1 66
96 370 22 4
97 1182 30 55
98 1378 19 37
99 375 16 30
100 1101 22 99
101 1076 54 83
102 279 5 58
103 413 41 34
104 48 55 49
105 1179 18 85
106 661 53 84
107 144 4 78
108 724 6 93
109 1298 53 43
110 218 36 70
111 714 7 56
112 1414 6 75
113 1185 56 5
114 320 52 15
115 242 1 94
116 580 9 9
117 469 53 84
118 603 35 10
119 673 4 4
120 1045 11 38
121 43 12 71
122 1139 9 85
123 58 24 98
124 408 24 82
125 146 1 5
126 819 11 6
127 1422 8 83
128 736 41 15
129 666 42 3
130 208 52 47
131 1241 49 37
132 785 19 74
133 570 44 16
134 1324 2 93
135 1432 57 37
136 1276 44 19
137 1290 1 43
138 195 60 75
139 876 10 73
140 1374 40 41
141 1020 4 10
142 222 21 75
143 821 47 45
144 1391 42 78
145 282 45 34
146 1235 7 82
147 478 49 14
148 238 55 29
149 785 16 31
150 200 27 36
151 617 31 77
152 404 45 48
153 210 13 58
154 772 11 29
155 154 45 44
156 449 31 82
157 1232 37 60
158 1086 18 77
159 263 47 56
160 1356 25 93
161 1151 56 81
162 600 43 83
163 1286 15 11
164 697 10 8
165 517 11 4
166 697 7 78
167 1007 1 48
168 894 16 51
169 319 58 12
170 511 26 56
171 432 8 40
172 1103 8 78
173 1233 13 42
174 1113 36 75
175 958 47 99
176 316 59 65
177 1244 14 34
178 461 22 28
179 1407 47 43
180 1085 9 69
181 1370 38 51
182 869 5 17
183 455 7 42
184 279 9 37
185 221 15 78
186 499 32 31
187 612 28 28
188 841 47 98
189 393 49 80
