200
1 1211 3 62.822
2 963 31 19.27
3 130 54 59.032
4 904 15 73.734
5 267 29 80.382
6 657 8 58.506
7 131 46 94.272
8 757 34 66.601
9 1356 54 18.561
10 1359 57 89.834
11 439 20 54.832
12 439 6 60.02
13 914 42 88.584
14 1022 41 1.018
15 1358 4 80.093
16 1247 26 12.132
17 855 3 87.178
18 8 17 35.065
19 146 4 18.906
20 1059 39 24.478
21 521 25 42.122
22 1417 5 50.356
23 1399 26 94.448
24 259 48 61.048
25 252 54 13.432
26 284 30 89.716
27 599 43 85.539
28 1021 18 47.242
29 211 35 53.884
30 642 18 25.076
31 59 52 52.99
32 1230 41 5.787
33 579 14 19.864
34 636 17 17.026
35 218 38 85.88
36 124 38 4.804
37 4 10 31.593
38 517 57 19.559
39 1429 22 63.319
40 1012 15 57.139
41 376 34 45.043
42 761 34 4.637
43 1436 13 52.393
44 773 10 96.976
45 1011 23 48.694
46 496 49 46.114
47 908 35 28.039
48 315 18 98.918
49 190 3 7.575
50 1004 7 18.295
51 179 1 6.987
52 854 30 68.243
53 510 57 77.28
54 562 11 53.298
55 741 6 41.888
56 817 26 61.99
57 231 39 10.432
58 598 54 46.151
59 757 57 29.179
60 303 43 28.627
61 1000 37 66.362
62 893 38 43.203
63 1231 58 78.218
64 377 21 48.58
65 1344 22 92.903
66 313 32 63.113
67 13 3 87.307
68 256 20 51.849
69 180 46 26.377
70 259 17 18.8
71 190 36 19.999
72 393 19 9.496
73 780 29 77.558
74 343 37 48.03
75 1251 25 62.946
76 939 4 13.806
77 148 34 92.718
78 819 21 28.966
79 925 48 47.196
80 170 20 38.098
81 223 31 10.92
82 1434 6 2.569
83 560 34 89.662
84 459 1 39.93
85 629 15 46.281
86 608 43 73.697
87 778 9 33.855
88 93 11 42.799
89 1333 16 83.653
90 559 14 7.289
91 219 60 86.993
92 500 25 79.337
93 1154 2 38.633
94 1056 27 16.697
95 1165 21 55.783
96 978 28 24.107
97 572 4 71.007
98 616 42 98.726
99 710 4 22.61
100 445 43 12.644
101 29 37 56.951
102 893 25 45.412
103 337 10 3.804
104 1319 45 64.69
105 280 11 77.924
106 762 4 83.832
107 299 26 30.168
108 420 35 88.48
109 155 40 32.546
110 1303 43 3.939
111 369 23 57.271
112 833 33 24.823
113 1417 8 17.318
114 1301 6 69.886
115 25 38 41.914
116 988 45 1.415
117 1407 6 69.645
118 37 27 5.576
119 888 54 58.454
120 956 25 33.369
121 916 16 21.725
122 50 25 86.552
123 190 3 13.187
124 1358 22 18.953
125 1096 37 17.97
126 453 57 49.342
127 87 60 47.723
128 68 40 1.093
129 822 45 65.208
130 513 1 57.96
131 438 38 61.912
132 839 47 24.84
133 1147 53 77.449
134 557 7 55.066
135 998 59 14.888
136 70 8 80.239
137 477 37 38.898
138 927 44 23.879
139 482 54 56.312
140 601 12 48.26
141 936 18 25.063
142 784 53 71.787
143 110 19 40.024
144 1086 42 5.101
145 1308 34 27.549
146 182 28 31.761
147 102 3 80.808
148 726 13 80.831
149 1200 34 88.269
150 638 4 91.296
151 910 56 7.014
152 568 17 54.548
153 567 51 36.205
154 1425 57 10.931
155 592 47 95.944
156 200 27 93.341
157 820 49 66.872
158 357 52 56.714
159 804 19 79.031
160 318 15 85.381
161 402 15 37.282
162 872 11 73.564
163 294 3 27.41
164 403 19 8.475
165 536 6 65.953
166 82 7 16.739
167 531 8 7.783
168 891 46 99.974
169 273 33 46.819
170 633 57 73.247
171 154 38 52.881
172 485 43 4.871
173 766 54 17.755
174 1303 52 8.27
175 682 43 47.316
176 140 14 89.446
177 623 5 75.17
178 1405 28 99.666
179 183 1 72.786
180 532 24 30.889
181 671 52 67.11
182 842 45 40.922
183 281 18 20.967
184 407 8 85.176
185 869 7 20.934
186 309 11 80.806
187 962 24 19.572
188 1196 32 6.231
189 1426 48 34.693
190 309 33 72.97
191 116 4 17.887
192 84 44 37.065
193 868 56 70.011
194 34 39 35.036
195 491 50 40.21
196 1407 17 44.865
197 1353 20 76.38
198 127 12 56.787
199 1429 53 7.006
200 47 4 74.276
