164
1 815 59 9
2 406 14 50
3 750 47 62
4 584 58 62
5 1185 26 63
6 1211 29 69
7 558 10 3
8 1288 24 35
9 1083 46 57
10 306 23 19
11 819 39 77
12 714 18 69
13 969 58 73
14 813 33 77
15 1056 7 9
16 360 21 34
17 396 23 84
18 26 31 86
19 1133 58 80
20 1094 31 65
21 774 39 26
22 262 23 50
23 719 11 36
24 108 50 90
25 1064 17 50
26 1233 51 30
27 117 21 25
28 408 16 91
29 1236 49 31
30 314 24 87
31 587 58 11
32 481 33 94
33 261 60 98
34 1097 40 70
35 35 18 66
36 1086 36 19
37 606 16 27
38 1029 9 91
39 719 14 52
40 925 51 82
41 287 49 82
42 734 27 79
43 1184 41 41
44 617 45 54
45 392 17 33
46 542 15 97
47 348 55 90
48 134 23 39
49 378 39 22
50 1355 43 3
51 852 47 1
52 815 16 26
53 1303 25 23
54 1201 10 10
55 538 26 64
56 93 7 3
57 176 15 24
58 780 52 59
59 1263 6 98
60 776 5 4
61 878 38 42
62 309 40 77
63 428 14 89
64 903 5 50
65 699 10 21
66 188 49 97
67 67 48 86
68 935 27 86
69 811 47 31
70 89 32 60
71 1150 55 54
72 886 41 99
73 12 35 40
74 959 43 81
75 990 32 94
76 969 45 76
77 103 42 70
78 614 8 3
79 779 51 3
80 1413 29 40
81 1176 29 98
82 722 28 2
83 365 9 84
84 495 28 91
85 1005 1 27
86 890 33 65
87 802 6 93
88 1047 50 2
89 238 56 36
90 817 42 21
91 215 9 70
92 1273 41 37
93 546 36 84
94 1099 29 7
95 706 32 50
96 616 25 55
97 538 34 65
98 443 36 96
99 343 55 37
100 96 16 82
101 466 59 47
102 95 57 51
103 2 55 70
104 982 60 79
105 579 52 96
106 452 47 94
107 312 7 76
108 784 56 60
109 933 39 55
110 476 20 94
111 1107 39 36
112 1294 58 29
113 200 25 15
114 691 3 97
115 634 57 35
116 51 23 12
117 949 9 87
118 882 35 27
119 325 33 85
120 224 55 31
121 173 7 8
122 955 3 73
123 1369 6 24
124 1027 9 30
125 231 55 67
126 494 26 20
127 1124 17 33
128 1127 42 18
129 539 15 85
130 332 29 46
131 212 40 9
132 231 36 72
133 131 4 43
134 1428 35 79
135 216 7 50
136 1327 47 43
137 530 19 82
138 784 10 93
139 1343 32 65
140 39 36 75
141 348 8 46
142 1015 46 37
143 585 55 41
144 485 7 18
145 1405 48 2
146 748 53 33
147 222 56 8
148 741 13 25
149 626 47 4
150 577 60 18
151 936 52 51
152 1412 46 27
153 1175 24 81
154 1316 39 88
155 610 26 95
156 267 60 49
157 1147 47 51
158 224 58 70
159 49 31 81
160 784 16 18
161 1240 39 29
162 811 25 95
163 914 41 72
164 273 13 4
