184
1 646 25 80
2 113 16 56
3 12 41 2
4 122 29 6
5 1339 8 5
6 60 40 80
7 856 40 9
8 807 57 27
9 890 19 77
10 307 56 33
11 1242 44 4
12 1229 47 74
13 376 6 44
14 69 19 82
15 119 3 77
16 158 16 30
17 210 27 29
18 91 13 63
19 1233 32 6
20 436 6 16
21 765 39 70
22 1136 57 44
23 129 30 57
24 1404 3 10
25 225 55 88
26 74 37 7
27 950 6 79
28 636 2 15
29 624 53 66
30 1394 30 7
31 1140 47 64
32 379 11 17
33 666 59 21
34 315 53 75
35 1018 21 85
36 977 35 52
37 252 19 57
38 1141 16 9
39 1 21 33
40 604 54 5
41 249 58 59
42 177 13 94
43 1235 31 86
44 1047 58 78
45 993 54 51
46 1066 21 78
47 1424 46 94
48 452 28 22
49 1379 46 28
50 988 15 14
51 1029 2 93
52 698 41 39
53 1131 17 93
54 1019 21 9
55 68 55 96
56 73 6 45
57 724 19 53
58 347 52 7
59 891 52 14
60 99 4 41
61 551 7 92
62 635 49 31
63 601 22 71
64 989 48 31
65 673 10 84
66 543 33 16
67 9 47 74
68 763 9 18
69 938 58 53
70 664 33 13
71 288 49 1
72 317 55 75
73 543 4 30
74 890 43 47
75 965 2 7
76 65 48 57
77 826 26 75
78 222 46 53
79 147 19 14
80 668 48 81
81 948 33 67
82 706 39 68
83 382 43 20
84 1365 6 14
85 1410 11 60
86 840 58 53
87 786 29 36
88 788 13 61
89 938 59 34
90 942 44 64
91 516 30 96
92 339 32 21
93 791 35 63
94 1161 4 98
95 614 47 49
96 79 55 3
97 1156 12 70
98 973 17 27
99 295 30 84
100 1244 50 98
101 164 46 79
102 96 15 25
103 1356 9 13
104 167 33 68
105 172 17 40
106 896 15 31
107 707 17 97
108 433 1 14
109 295 7 32
110 441 55 65
111 1411 21 90
112 1145 57 75
113 350 20 86
114 720 20 41
115 869 57 53
116 510 33 80
117 612 1 72
118 265 55 66
119 259 31 21
120 218 50 66
121 830 29 66
122 1169 9 19
123 136 15 38
124 1274 32 90
125 1169 53 72
126 690 18 29
127 1102 36 62
128 553 1 42
129 1327 54 92
130 841 51 97
131 339 38 53
132 1042 13 39
133 421 40 76
134 888 23 77
135 1428 52 10
136 516 25 11
137 488 21 11
138 613 55 4
139 1194 13 4
140 1088 17 42
141 606 5 81
142 1289 7 11
143 1273 20 3
144 653 5 46
145 405 43 77
146 1015 10 52
147 369 1 49
148 134 21 37
149 704 6 83
150 770 48 8
151 422 19 73
152 619 11 45
153 962 36 43
154 20 49 99
155 378 27 6
156 455 21 35
157 812 54 10
158 984 39 95
159 84 43 29
160 623 56 7
161 820 19 24
162 629 31 33
163 1348 39 72
164 263 34 16
165 1270 34 39
166 1221 40 51
167 632 13 64
168 120 44 82
169 41 2 13
170 150 26 54
171 1407 13 52
172 1410 27 83
173 137 19 57
174 45 14 78
175 346 18 88
176 6 16 68
177 1352 19 65
178 306 29 30
179 10 7 94
180 911 25 44
181 1027 8 83
182 654 38 87
183 410 2 97
184 1130 8 55
