200
1 1117 18 22.833
2 1180 44 7.602
3 537 39 8.943
4 940 42 9.170
5 1400 13 5.907
6 836 33 55.017
7 311 44 89.944
8 1309 16 70.318
9 763 52 71.760
10 913 14 86.288
11 336 32 17.950
12 901 42 32.715
13 893 3 57.479
14 775 14 56.474
15 868 53 52.046
16 951 32 96.893
17 850 16 72.303
18 696 59 71.196
19 889 49 10.209
20 743 11 81.238
21 57 41 0.950
22 307 15 96.724
23 1258 36 60.471
24 248 23 4.080
25 347 18 92.612
26 1363 23 96.710
27 556 12 35.374
28 49 30 45.319
29 160 57 72.698
30 929 35 69.550
31 594 1 9.210
32 1366 23 43.131
33 875 14 49.908
34 1213 11 66.401
35 1421 45 46.545
36 1097 50 93.171
37 871 17 6.268
38 366 49 86.762
39 843 5 59.155
40 162 60 98.839
41 331 12 10.991
42 360 59 42.792
43 427 12 35.671
44 965 38 57.945
45 353 22 15.492
46 1431 9 28.300
47 300 23 96.930
48 566 48 0.626
49 487 8 24.996
50 685 41 49.763
51 874 49 19.933
52 824 13 4.383
53 556 6 46.352
54 1371 34 26.476
55 458 21 93.046
56 336 39 39.933
57 1249 58 70.984
58 264 7 36.514
59 659 47 35.724
60 49 26 2.599
61 310 26 26.465
62 918 34 59.796
63 5 52 44.335
64 1005 25 54.843
65 379 23 33.182
66 64 12 12.084
67 1043 13 3.960
68 1165 49 73.608
69 508 60 7.483
70 1421 11 98.879
71 1035 9 13.433
72 266 46 58.000
73 1165 57 46.430
74 797 20 66.379
75 871 30 14.860
76 905 57 42.066
77 460 21 90.384
78 581 48 11.395
79 809 13 68.299
80 1229 9 70.220
81 543 57 71.640
82 563 59 34.578
83 802 41 27.691
84 475 27 73.418
85 956 47 28.590
86 932 39 91.999
87 500 58 36.958
88 237 4 78.681
89 1351 25 42.744
90 871 15 37.594
91 1358 28 30.507
92 1288 58 92.993
93 1008 30 56.490
94 93 51 28.782
95 606 10 67.829
96 1353 39 73.286
97 573 16 26.172
98 1207 53 9.539
99 485 46 86.697
100 1262 10 87.945
101 403 29 74.101
102 1370 35 97.987
103 1239 5 77.458
104 30 24 13.165
105 1154 56 37.711
106 140 24 54.289
107 864 9 61.161
108 772 40 70.313
109 366 35 50.098
110 1352 60 69.554
111 971 54 91.748
112 348 41 82.578
113 907 19 19.766
114 243 19 36.970
115 34 14 71.454
116 988 43 9.062
117 928 13 63.526
118 369 40 75.804
119 1001 15 13.446
120 1026 50 49.435
121 1279 23 31.103
122 765 25 56.018
123 1173 42 89.553
124 604 32 74.193
125 121 35 28.733
126 1224 51 4.033
127 1314 58 15.987
128 271 15 2.492
129 911 2 21.633
130 665 49 81.485
131 1360 29 86.355
132 498 25 58.685
133 745 37 33.492
134 1152 5 70.623
135 65 3 20.466
136 594 7 3.486
137 130 60 69.270
138 183 43 9.922
139 327 52 40.330
140 206 58 86.423
141 596 32 67.867
142 127 17 51.858
143 628 50 55.010
144 471 29 55.409
145 1409 7 13.629
146 249 38 98.439
147 427 16 52.340
148 473 60 30.136
149 96 56 38.236
150 646 3 83.958
151 598 57 2.818
152 676 4 9.710
153 314 45 8.238
154 55 25 82.517
155 678 11 85.979
156 583 36 88.745
157 389 43 68.307
158 656 3 90.481
159 1259 47 89.845
160 1041 28 38.814
161 1141 37 12.927
162 638 29 97.991
163 1128 28 4.976
164 1039 36 36.890
165 1422 37 62.949
166 1052 37 15.171
167 1022 33 39.887
168 930 3 38.116
169 103 36 95.186
170 1153 29 99.675
171 1122 59 17.525
172 865 55 72.291
173 49 39 71.650
174 889 27 58.012
175 152 48 81.559
176 838 36 29.325
177 450 18 97.792
178 564 21 7.378
179 559 5 9.292
180 976 12 83.877
181 377 26 96.640
182 1327 47 25.790
183 1103 26 47.061
184 1184 51 18.147
185 342 9 57.703
186 1292 10 39.523
187 356 14 50.193
188 959 11 31.431
189 15 52 12.237
190 82 51 8.875
191 73 53 19.351
192 348 19 68.422
193 1212 36 91.992
194 857 10 27.531
195 13 29 91.646
196 313 57 28.791
197 763 12 8.127
198 766 47 37.832
199 866 18 84.417
200 1043 43 76.298
