200
1 7 3 39.357
2 252 29 16.904
3 451 4 12.825
4 1418 59 19.888
5 730 29 26.442
6 365 44 22.987
7 399 22 38.374
8 1340 17 66.297
9 1322 25 66.529
10 482 31 72.872
11 1042 24 84.85
12 1047 26 37.872
13 892 55 49.134
14 365 20 96.741
15 296 25 52.689
16 454 12 56.026
17 531 31 30.265
18 83 40 49.712
19 939 43 13.334
20 702 42 46.772
21 24 14 44.228
22 924 30 17.304
23 837 56 38.939
24 17 27 89.21
25 630 6 15.327
26 694 50 69.376
27 460 14 16.808
28 1125 9 15.213
29 1090 58 4.214
30 1375 35 84.413
31 418 55 4.571
32 718 6 17.992
33 685 19 36.001
34 1205 30 62.108
35 284 44 16.397
36 631 60 5.386
37 630 35 36.426
38 1172 20 38.991
39 698 18 47.77
40 159 20 64.241
41 594 4 98.947
42 684 56 71.326
43 475 43 87.856
44 1277 3 51.892
45 102 49 63.491
46 491 54 58.35
47 1299 10 87.092
48 878 54 13.067
49 850 41 17.147
50 1348 5 87.4
51 4 11 25.351
52 830 32 96.154
53 111 36 44.659
54 1327 47 86.652
55 887 4 11.077
56 955 31 86.021
57 1056 18 14.488
58 783 18 78.65
59 1247 40 87.288
60 1038 56 6.859
61 740 29 71.459
62 29 16 61.392
63 1310 45 96.47
64 993 12 21.484
65 328 5 89.144
66 1021 33 97.942
67 770 23 76.246
68 1127 3 17.56
69 697 45 35.244
70 1355 3 5.099
71 1272 2 97.521
72 1336 55 18.677
73 716 52 49.461
74 1225 35 78.679
75 1017 46 72.428
76 695 27 18.609
77 1389 50 60.838
78 411 34 20.966
79 1322 47 38.333
80 1092 4 0.435
81 558 45 68.771
82 23 22 33.311
83 1183 55 63.077
84 320 19 84.576
85 1097 46 40.635
86 291 46 75.109
87 651 20 38.173
88 262 58 18.674
89 13 58 98.607
90 210 50 77.971
91 155 17 53.155
92 993 15 60.609
93 1203 19 26.514
94 471 47 87.088
95 396 7 38.24
96 845 27 81.385
97 188 43 69.071
98 1317 8 23.053
99 246 59 53.532
100 7 30 93.274
101 1166 40 16.865
102 1192 9 23.649
103 56 42 70.969
104 491 25 22.27
105 485 49 26.698
106 970 7 88.639
107 518 14 17.458
108 493 2 52.926
109 116 37 65.782
110 7 5 28.664
111 324 24 11.378
112 132 48 5.744
113 430 53 58.419
114 538 7 27.907
115 1300 19 18.255
116 408 49 22.757
117 906 50 99.259
118 1176 12 58.584
119 722 33 60.772
120 1329 12 55.52
121 1255 41 67.793
122 895 1 76.878
123 369 39 93.432
124 904 44 65.502
125 1159 39 41.452
126 75 2 67.508
127 547 11 81.248
128 883 54 30.575
129 1198 27 41.248
130 821 1 32.013
131 1236 34 58.743
132 21 28 83.696
133 705 46 40.773
134 1037 53 76.211
135 717 38 99.558
136 236 34 8.992
137 179 2 44.909
138 1326 15 59.257
139 944 52 20.678
140 823 60 79.484
141 1208 37 79.149
142 1012 40 87.245
143 548 48 67.901
144 364 52 95.064
145 889 53 58.697
146 373 11 7.814
147 76 43 65.061
148 1010 40 88.297
149 389 46 3.899
150 218 46 71.635
151 87 46 27.973
152 1260 32 59.34
153 564 14 29.052
154 796 12 32.322
155 967 30 19.472
156 1119 9 63.019
157 114 12 77.376
158 526 4 62.707
159 26 25 14.54
160 704 52 17.05
161 1422 22 60.55
162 753 28 34.689
163 1162 54 23.27
164 397 18 40.921
165 929 48 62.203
166 217 12 69.761
167 663 27 88.292
168 195 15 78.273
169 541 30 88.795
170 985 58 91.718
171 148 33 48.274
172 459 30 8.642
173 577 39 51.88
174 23 7 81.328
175 133 10 82.315
176 827 33 9.181
177 636 21 51.028
178 357 57 10.4
179 1175 54 69.181
180 1175 53 92.1
181 626 19 48.835
182 1006 49 37.411
183 422 33 25.291
184 1367 43 46.592
185 154 18 1.293
186 907 37 63.826
187 390 32 96.232
188 1160 45 49.963
189 1315 6 48.701
190 1278 37 4.672
191 220 55 11.83
192 424 45 70.131
193 1166 13 94.902
194 207 59 11.251
195 942 27 3.445
196 334 7 56.071
197 1194 57 54.893
198 6 18 27.627
199 526 4 2.189
200 1425 36 8.179
