200
1 712 20 1.166
2 1229 58 40.834
3 496 54 75.433
4 962 51 68.919
5 119 21 28.437
6 438 9 65.865
7 561 59 14.354
8 314 52 38.174
9 643 48 83.055
10 217 56 19.238
11 485 17 58.431
12 670 7 13.285
13 1112 9 86.275
14 593 8 17.516
15 597 37 94.625
16 1049 20 95.819
17 1212 6 95.709
18 129 40 50.315
19 1205 23 88.451
20 172 32 61.76
21 1278 58 6.519
22 36 3 76.558
23 123 23 77.226
24 1003 20 6.566
25 131 15 79.465
26 353 58 14.402
27 584 49 19.286
28 1128 25 20.029
29 706 14 40.224
30 687 22 11.806
31 289 18 17.582
32 804 16 53.299
33 22 31 22.557
34 227 51 26.476
35 157 5 15.283
36 486 22 94.383
37 1312 8 42.469
38 994 46 68.159
39 377 24 5.974
40 527 34 61.858
41 540 56 17.96
42 469 19 21.513
43 367 14 50.21
44 552 9 46.898
45 1331 40 44.852
46 629 12 75.133
47 150 25 82.032
48 313 60 81.183
49 712 44 42.445
50 316 17 95.344
51 371 48 30.861
52 681 25 89.463
53 524 59 27.393
54 1203 39 69.104
55 549 47 85.776
56 706 48 37.888
57 350 12 8.955
58 29 11 42.177
59 547 40 3.018
60 488 48 75.178
61 550 56 38.118
62 1034 32 9.147
63 250 40 43.758
64 406 52 43.128
65 202 50 74.582
66 525 48 23.086
67 473 40 40.315
68 581 2 54.011
69 79 30 46.618
70 449 38 56.668
71 687 46 39.282
72 165 9 56.877
73 544 7 20.074
74 679 59 39.614
75 540 54 88.205
76 1269 52 21.886
77 298 19 68.646
78 1352 26 50.384
79 1000 9 7.777
80 979 34 49.168
81 442 8 89.97
82 142 5 81.048
83 669 17 7.587
84 482 39 79.06
85 174 11 90.494
86 639 52 37.956
87 976 18 51.797
88 694 28 29.818
89 684 28 46.104
90 1004 8 59.555
91 620 56 78.393
92 833 46 55.405
93 512 11 43.827
94 270 4 69.44
95 180 1 86.165
96 969 4 94.153
97 482 1 61.217
98 1144 9 11.743
99 689 36 49.713
100 41 3 88.069
101 935 9 43.711
102 273 22 58.189
103 348 34 91.394
104 708 59 68.295
105 57 35 66.263
106 1041 14 61.126
107 511 48 68.157
108 17 15 75.14
109 240 45 65.424
110 404 44 75.155
111 415 11 26.224
112 788 21 64.753
113 662 23 50.92
114 286 57 51.956
115 693 49 69.393
116 433 45 81.685
117 625 19 87.6
118 1279 24 33.141
119 1314 51 4.41
120 524 3 42.555
121 942 54 26.618
122 516 43 39.595
123 519 21 75.604
124 745 17 20.982
125 574 22 39.586
126 1048 14 41.13
127 151 42 54.346
128 503 31 3.742
129 595 50 62.381
130 477 14 7.543
131 474 57 54.444
132 816 19 31.976
133 344 50 55.697
134 307 11 35.734
135 1294 12 49.139
136 396 35 96.026
137 41 55 92.969
138 401 16 49.41
139 322 24 75.861
140 341 15 67.145
141 843 58 25.464
142 254 15 17.215
143 800 12 5.603
144 989 28 29.16
145 716 26 77.688
146 675 37 4.477
147 721 28 34.017
148 543 60 72.961
149 447 22 42.179
150 1161 11 1.0
151 1328 6 85.862
152 490 22 56.9
153 634 58 11.139
154 309 53 44.836
155 187 15 96.201
156 370 55 94.558
157 1332 49 55.079
158 470 48 69.946
159 710 20 50.317
160 61 35 11.306
161 199 3 26.299
162 1323 27 99.272
163 260 28 47.165
164 437 22 19.087
165 198 33 31.309
166 268 18 77.182
167 240 7 77.027
168 72 11 54.787
169 31 11 44.937
170 278 33 9.96
171 1354 26 56.113
172 77 60 15.079
173 640 17 12.23
174 213 53 8.006
175 679 31 2.604
176 807 5 48.663
177 199 24 43.879
178 448 56 41.588
179 1343 16 7.117
180 655 12 93.539
181 793 54 22.305
182 99 24 1.731
183 508 45 32.788
184 78 24 23.602
185 659 42 22.302
186 352 16 17.443
187 209 55 16.921
188 395 20 85.726
189 422 57 23.897
190 629 36 23.427
191 27 40 60.89
192 956 13 85.422
193 688 28 23.756
194 1197 28 47.432
195 1329 47 5.118
196 365 6 34.786
197 715 50 66.239
198 636 19 22.407
199 382 32 56.793
200 542 37 70.13