190
1 752 8 66.0
2 404 6 13.4
3 521 6 78.56
4 652 44 78.2
5 1135 56 53.5
6 1358 51 31.4
7 93 24 0.7
8 485 35 56.57
9 528 23 4.68
10 497 32 49.011
11 379 19 88.91
12 1154 24 7.59
13 53 19 3.1
14 718 59 33.8
15 1384 25 27.8
16 659 58 42.796
17 1036 39 26.321
18 338 20 20.738
19 846 28 82.5
20 1030 35 79.5
21 412 45 26.5
22 116 50 59.1
23 172 26 46.32
24 1383 47 80.2
25 470 55 68.5
26 1017 35 63.2
27 679 30 53.9
28 924 15 10.54
29 12 33 39.31
30 697 14 1.25
31 991 45 38.48
32 1190 33 72.777
33 1290 32 10.4
34 277 41 85.865
35 1044 60 29.003
36 389 34 74.2
37 662 41 19.462
38 382 59 99.12
39 1127 35 22.8
40 644 8 84.1
41 1428 42 0.1
42 464 31 8.111
43 114 47 94.0
44 292 11 41.109
45 792 57 30.26
46 695 21 26.565
47 653 42 73.8
48 1125 17 44.9
49 572 27 24.375
50 1313 40 51.63
51 710 8 4.2
52 111 11 58.65
53 1153 48 17.969
54 641 44 96.063
55 1104 37 48.472
56 1155 23 59.024
57 1195 49 30.0
58 881 1 27.163
59 1042 42 31.0
60 140 18 81.244
61 1174 20 25.3
62 236 54 58.559
63 875 6 64.0
64 608 56 54.97
65 526 60 10.138
66 810 29 26.81
67 836 60 27.34
68 947 24 59.14
69 359 47 74.2
70 786 18 14.0
71 1124 39 7.14
72 1253 38 74.1
73 1006 30 14.8
74 260 42 55.892
75 1108 21 90.2
76 706 59 37.0
77 1265 29 71.86
78 898 49 36.053
79 1115 21 20.06
80 731 25 29.978
81 226 7 36.64
82 936 35 16.1
83 1094 29 21.4
84 415 39 69.2
85 1437 26 35.5
86 1411 8 53.8
87 166 41 50.67
88 230 34 28.37
89 515 57 43.79
90 142 41 19.1
91 919 14 15.733
92 922 29 17.53
93 1283 37 90.4
94 1422 11 2.57
95 302 12 98.5
96 1055 10 24.7
97 41 57 54.69
98 233 41 44.34
99 930 6 98.295
100 720 52 10.7
101 803 28 99.15
102 155 52 14.6
103 34 39 5.95
104 483 44 48.7
105 241 1 81.31
106 911 2 1.171
107 716 50 36.73
108 1069 1 34.957
109 1009 51 3.968
110 1186 37 59.1
111 59 54 70.8
112 145 2 97.99
113 287 26 37.8
114 1429 21 4.83
115 616 47 55.9
116 1417 59 95.392
117 1440 14 97.352
118 661 46 51.866
119 1235 33 8.3
120 201 54 58.65
121 180 53 52.79
122 775 28 37.3
123 797 7 46.28
124 876 21 67.605
125 1069 5 14.42
126 256 41 87.094
127 678 4 42.354
128 779 35 33.5
129 1050 45 94.832
130 1156 35 31.059
131 168 54 67.2
132 831 55 23.57
133 549 35 96.99
134 860 16 20.95
135 712 35 54.69
136 1222 18 21.612
137 974 41 32.122
138 599 33 10.328
139 1254 24 38.269
140 483 22 64.1
141 1172 37 0.85
142 243 56 78.137
143 1295 53 58.8
144 138 3 57.32
145 1171 10 56.3
146 1145 10 25.58
147 887 49 24.17
148 116 4 43.3
149 996 48 39.3
150 788 1 93.38
151 1274 5 37.03
152 238 20 11.0
153 1365 29 66.7
154 1399 47 47.8
155 704 8 70.7
156 1002 17 9.069
157 1107 44 70.26
158 623 48 9.46
159 156 17 60.936
160 397 26 60.0
161 377 40 54.21
162 69 42 49.0
163 135 12 52.2
164 435 49 94.2
165 46 59 52.93
166 1319 38 24.359
167 1203 36 44.1
168 456 9 68.81
169 366 3 3.9
170 1247 21 69.7
171 1156 52 37.34
172 435 13 34.92
173 109 42 47.395
174 137 26 52.395
175 218 57 34.052
176 432 4 9.4
177 1261 32 69.49
178 844 11 61.024
179 1437 53 0.5
180 783 51 49.82
181 519 54 47.58
182 55 4 89.472
183 191 4 47.41
184 93 12 75.55
185 80 26 71.168
186 624 50 77.31
187 488 23 91.95
188 913 40 99.9
189 1336 51 6.64
190 802 44 62.744