199
1 1440 33 77
2 1440 45 67
3 1440 30 84
4 1440 16 9
5 1440 51 22
6 1440 5 40
7 1440 21 38
8 1440 31 6
9 1440 1 4
10 1440 17 76
11 1440 30 22
12 1440 57 29
13 1440 56 26
14 1440 34 59
15 1440 41 64
16 1440 28 1
17 1440 23 6
18 1440 41 63
19 1440 43 19
20 1440 50 38
21 1440 58 97
22 1440 16 33
23 1440 54 59
24 1440 46 97
25 1440 21 55
26 1440 14 47
27 1440 26 31
28 1440 7 65
29 1440 44 59
30 1440 40 60
31 1440 25 64
32 1440 17 73
33 1440 58 72
34 1440 43 16
35 1440 27 41
36 1440 49 81
37 1440 3 42
38 1440 2 51
39 1440 6 3
40 1440 59 82
41 1440 17 14
42 1440 21 30
43 1440 14 73
44 1440 48 76
45 1440 34 96
46 1440 37 91
47 1440 24 81
48 1440 30 68
49 1440 45 46
50 1440 38 35
51 1440 13 98
52 1440 32 54
53 1440 47 53
54 1440 41 51
55 1440 25 91
56 1440 19 81
57 1440 23 25
58 1440 5 86
59 1440 38 79
60 1440 49 8
61 1440 3 54
62 1440 6 33
63 1440 12 94
64 1440 50 52
65 1440 13 46
66 1440 46 41
67 1440 19 14
68 1440 24 20
69 1440 48 6
70 1440 44 21
71 1440 15 46
72 1440 1 32
73 1440 1 12
74 1440 6 59
75 1440 42 46
76 1440 35 69
77 1440 51 72
78 1440 49 99
79 1440 12 80
80 1440 38 73
81 1440 47 28
82 1440 7 49
83 1440 49 84
84 1440 19 14
85 1440 56 46
86 1440 45 35
87 1440 53 58
88 1440 3 91
89 1440 23 40
90 1440 55 30
91 1440 7 53
92 1440 33 97
93 1440 9 33
94 1440 11 35
95 1440 19 94
96 1440 9 77
97 1440 24 35
98 1440 2 8
99 1440 15 42
100 1440 30 14
101 1440 53 31
102 1440 27 53
103 1440 48 87
104 1440 28 6
105 1440 33 49
106 1440 31 1
107 1440 36 25
108 1440 3 79
109 1440 55 25
110 1440 24 49
111 1440 1 76
112 1440 44 45
113 1440 37 43
114 1440 60 92
115 1440 56 22
116 1440 10 12
117 1440 25 98
118 1440 45 62
119 1440 52 80
120 1440 53 17
121 1440 55 43
122 1440 43 93
123 1440 38 46
124 1440 4 38
125 1440 14 97
126 1440 53 48
127 1440 33 29
128 1440 59 90
129 1440 21 34
130 1440 4 18
131 1440 13 53
132 1440 42 47
133 1440 53 84
134 1440 15 7
135 1440 38 3
136 1440 41 88
137 1440 30 51
138 1440 10 59
139 1440 4 88
140 1440 22 40
141 1440 58 72
142 1440 21 30
143 1440 11 70
144 1440 38 29
145 1440 19 73
146 1440 35 8
147 1440 1 42
148 1440 51 33
149 1440 15 49
150 1440 37 2
151 1440 3 96
152 1440 47 40
153 1440 35 1
154 1440 57 62
155 1440 21 43
156 1440 32 86
157 1440 33 51
158 1440 8 83
159 1440 31 36
160 1440 32 71
161 1440 60 88
162 1440 51 48
163 1440 32 3
164 1440 56 73
165 1440 25 77
166 1440 8 29
167 1440 58 21
168 1440 9 47
169 1440 40 69
170 1440 27 21
171 1440 55 54
172 1440 33 59
173 1440 48 39
174 1440 6 92
175 1440 45 29
176 1440 22 73
177 1440 58 84
178 1440 48 23
179 1440 23 31
180 1440 26 39
181 1440 14 50
182 1440 5 63
183 1440 36 48
184 1440 43 5
185 1440 51 57
186 1440 56 9
187 1440 8 7
188 1440 40 27
189 1440 1 6
190 1440 45 28
191 1440 60 84
192 1440 31 14
193 1440 40 91
194 1440 37 98
195 1440 34 27
196 1440 31 19
197 1440 35 61
198 1440 34 17
199 1440 49 60