158
1 122 45 27
2 899 59 50
3 499 8 48
4 1110 32 80
5 1381 8 44
6 1166 41 66
7 488 32 34
8 767 54 60
9 288 43 46
10 1273 29 18
11 861 3 54
12 60 59 1
13 59 60 1
14 296 49 18
15 409 48 66
16 1265 9 80
17 609 11 88
18 1295 44 24
19 538 30 87
20 871 8 34
21 1211 20 48
22 1338 14 62
23 1296 33 91
24 1069 20 37
25 583 15 49
26 321 33 27
27 1423 6 24
28 44 33 40
29 228 6 25
30 435 40 56
31 1264 37 77
32 319 26 96
33 921 11 62
34 761 13 20
35 532 28 93
36 1003 49 19
37 456 40 52
38 523 21 3
39 621 22 12
40 1181 2 99
41 665 55 12
42 747 43 86
43 1324 26 7
44 1270 29 14
45 92 38 92
46 502 45 52
47 487 10 29
48 117 39 8
49 1304 23 82
50 520 41 93
51 1206 30 33
52 896 44 22
53 777 13 28
54 572 1 40
55 739 23 61
56 1373 15 64
57 771 10 38
58 1135 52 7
59 1002 31 1
60 961 12 48
61 513 34 98
62 497 24 29
63 1256 49 29
64 622 46 85
65 281 51 8
66 1397 30 8
67 135 15 69
68 822 44 42
69 1046 22 24
70 997 15 75
71 6 22 65
72 241 7 21
73 360 2 97
74 1380 57 67
75 22 46 43
76 964 50 44
77 245 32 14
78 228 24 59
79 72 60 64
80 1065 3 6
81 297 35 74
82 685 32 59
83 427 46 28
84 663 39 58
85 846 29 17
86 1050 39 3
87 1404 20 12
88 421 23 15
89 621 25 55
90 1436 11 33
91 449 8 80
92 391 6 17
93 648 55 61
94 144 48 8
95 1293 41 81
96 370 60 60
97 290 32 85
98 81 47 44
99 151 5 66
100 395 32 58
101 1341 14 63
102 1293 52 47
103 416 55 79
104 666 35 12
105 991 44 73
106 568 56 37
107 1114 52 13
108 666 27 66
109 812 9 52
110 414 11 96
111 486 20 20
112 1 53 9
113 264 28 7
114 649 19 78
115 1326 53 74
116 916 51 59
117 80 34 51
118 799 5 96
119 1305 32 21
120 848 56 62
121 1184 55 37
122 1353 6 4
123 297 16 19
124 1164 49 51
125 819 12 33
126 391 48 41
127 407 50 29
128 916 34 4
129 130 46 87
130 887 14 70
131 849 40 10
132 1195 23 78
133 94 47 32
134 850 1 69
135 350 24 16
136 325 9 27
137 1233 33 37
138 981 17 78
139 446 29 54
140 99 36 51
141 486 46 22
142 1173 57 93
143 679 13 67
144 655 31 42
145 603 14 25
146 1041 18 97
147 72 19 48
148 1101 52 8
149 1383 46 49
150 1437 19 14
151 1144 10 95
152 772 26 72
153 813 19 87
154 953 46 73
155 345 32 35
156 944 56 8
157 384 4 11
158 201 50 21