175
1 357 52 11.747
2 948 9 96.601
3 829 37 18.415
4 754 7 89.048
5 141 54 35.659
6 1276 57 47.373
7 1317 43 42.051
8 1400 19 29.688
9 1026 16 57.967
10 342 42 70.095
11 387 20 88.782
12 792 58 6.449
13 849 34 90.431
14 1192 57 20.856
15 1314 4 68.54
16 1247 53 20.081
17 1112 60 65.962
18 831 56 41.593
19 1097 22 66.024
20 1330 7 53.978
21 1154 58 32.838
22 855 51 63.892
23 731 18 29.027
24 1365 24 26.826
25 566 26 70.691
26 1230 36 97.902
27 72 54 52.363
28 382 22 44.267
29 803 53 87.479
30 234 7 59.128
31 893 4 86.524
32 960 51 67.516
33 776 41 96.613
34 231 6 64.702
35 598 48 98.024
36 882 49 73.61
37 890 2 93.704
38 294 19 42.683
39 429 28 25.759
40 856 35 88.541
41 803 2 19.916
42 648 54 27.866
43 394 8 60.898
44 154 59 42.414
45 1092 10 77.222
46 620 34 70.614
47 897 29 39.297
48 826 26 68.962
49 874 1 15.359
50 899 26 20.868
51 181 55 89.437
52 112 4 84.865
53 1300 34 71.44
54 74 43 77.501
55 117 26 21.55
56 605 39 25.299
57 31 7 24.8
58 149 53 36.71
59 1277 58 62.671
60 1275 19 83.343
61 1162 24 51.748
62 937 16 90.791
63 495 10 90.367
64 389 13 33.078
65 428 37 67.856
66 125 40 83.425
67 1300 5 50.112
68 898 4 81.541
69 627 13 44.42
70 898 55 31.48
71 217 54 66.123
72 1391 8 15.178
73 54 47 44.493
74 184 54 93.487
75 1017 56 22.582
76 122 3 31.269
77 518 26 9.303
78 909 57 60.827
79 1280 4 91.163
80 775 53 8.299
81 306 18 90.303
82 1178 17 85.739
83 364 31 86.196
84 1056 57 21.29
85 1388 37 41.853
86 851 49 2.109
87 1140 52 76.141
88 1198 50 98.123
89 79 28 17.166
90 1385 30 45.498
91 917 59 59.88
92 103 33 72.208
93 535 2 71.671
94 1272 10 59.911
95 1124 2 83.688
96 771 56 4.118
97 1429 30 26.092
98 1438 34 29.623
99 168 35 2.417
100 1099 29 47.685
101 1073 12 53.363
102 1176 22 4.409
103 336 11 84.735
104 69 14 29.626
105 170 40 12.194
106 1437 7 4.655
107 4 57 62.526
108 184 8 34.237
109 648 56 88.971
110 20 50 73.386
111 611 29 30.825
112 180 18 87.445
113 1011 1 73.336
114 945 22 70.872
115 1356 43 0.43
116 937 26 54.701
117 718 23 39.982
118 545 54 49.999
119 691 60 39.836
120 273 45 45.795
121 98 27 20.23
122 777 29 39.773
123 1165 11 50.342
124 1340 29 71.896
125 299 12 40.194
126 861 29 86.59
127 1211 5 43.98
128 1404 12 58.93
129 215 56 29.219
130 1256 37 36.659
131 809 4 74.534
132 1421 52 84.088
133 80 2 2.813
134 948 14 60.989
135 951 11 56.507
136 1177 55 26.12
137 111 22 71.203
138 426 9 50.657
139 1069 2 71.3
140 964 44 49.752
141 608 35 31.81
142 1128 34 91.003
143 443 15 79.827
144 1006 17 85.991
145 943 1 40.928
146 760 43 51.682
147 18 31 63.802
148 337 41 98.075
149 206 24 59.507
150 43 16 7.663
151 537 16 50.55
152 801 5 77.975
153 654 60 55.085
154 698 17 33.088
155 1352 34 96.033
156 373 32 9.046
157 1429 10 68.038
158 116 58 57.53
159 1201 5 11.259
160 851 54 61.934
161 763 46 92.786
162 795 9 18.975
163 1069 16 39.802
164 444 15 71.61
165 1012 58 86.445
166 334 10 65.005
167 1293 26 95.084
168 160 44 45.0
169 1411 7 78.571
170 303 40 33.784
171 263 29 31.779
172 1096 59 86.609
173 534 8 19.06
174 279 12 94.256
175 1343 18 45.461