195
1 352 10 20
2 461 2 31
3 304 4 67
4 564 18 60
5 311 13 5
6 536 3 52
7 648 55 98
8 824 54 72
9 267 26 9
10 233 28 22
11 295 38 81
12 265 33 24
13 494 13 45
14 521 10 42
15 323 37 94
16 590 14 26
17 814 32 78
18 1430 31 81
19 202 28 3
20 82 24 54
21 1099 18 25
22 1174 38 46
23 99 4 52
24 1355 42 74
25 536 28 11
26 368 11 14
27 106 13 32
28 893 48 93
29 862 19 97
30 518 25 47
31 474 9 37
32 50 2 49
33 924 26 1
34 960 16 37
35 1086 32 62
36 1391 38 35
37 425 53 12
38 635 28 42
39 1006 41 61
40 1076 28 70
41 1293 37 54
42 1064 12 2
43 288 35 60
44 1090 24 40
45 4 31 77
46 549 12 68
47 18 12 15
48 218 40 45
49 622 41 88
50 1153 18 4
51 952 7 52
52 1257 32 63
53 798 21 7
54 1311 10 24
55 359 40 98
56 950 9 13
57 96 4 94
58 1329 30 33
59 1039 47 89
60 730 23 50
61 738 23 79
62 893 49 58
63 164 20 12
64 672 22 20
65 305 15 38
66 284 19 54
67 881 38 93
68 1237 41 65
69 189 54 68
70 1 12 85
71 1100 36 62
72 447 22 89
73 917 16 65
74 1158 22 76
75 636 17 70
76 623 10 25
77 452 21 61
78 814 5 13
79 459 40 81
80 958 9 51
81 125 14 95
82 290 6 46
83 823 53 11
84 1281 39 30
85 1361 29 84
86 955 15 95
87 374 38 64
88 299 43 75
89 1084 15 38
90 1121 38 96
91 472 27 12
92 911 27 72
93 1437 18 34
94 339 13 81
95 463 21 34
96 70 60 23
97 1376 40 14
98 1298 2 43
99 254 5 82
100 1144 37 28
101 145 58 34
102 895 36 42
103 1215 10 20
104 204 49 54
105 1070 18 65
106 687 33 50
107 1374 40 66
108 909 22 79
109 766 44 91
110 757 46 12
111 403 54 28
112 53 58 88
113 582 44 57
114 181 50 29
115 133 58 59
116 74 31 39
117 129 14 71
118 1232 2 45
119 1246 45 96
120 217 3 71
121 816 35 80
122 1190 59 11
123 1262 32 82
124 190 26 17
125 1207 6 69
126 1168 15 49
127 759 36 88
128 79 31 49
129 767 19 63
130 292 17 17
131 1218 27 15
132 1030 51 61
133 92 24 67
134 496 36 71
135 10 39 75
136 566 54 6
137 124 31 1
138 77 45 33
139 124 12 58
140 1027 36 43
141 1020 21 53
142 1044 25 14
143 470 25 23
144 324 18 29
145 932 27 40
146 1183 33 58
147 1214 50 93
148 503 41 21
149 1024 28 44
150 1177 15 2
151 7 38 76
152 1308 49 22
153 110 39 59
154 199 11 12
155 46 34 23
156 1021 57 95
157 1117 57 94
158 114 36 76
159 574 58 20
160 512 60 34
161 765 40 46
162 761 50 39
163 691 2 91
164 796 40 43
165 631 13 1
166 283 27 87
167 79 50 54
168 19 30 37
169 1429 11 53
170 606 46 84
171 112 4 33
172 667 30 75
173 868 44 84
174 551 45 87
175 697 11 38
176 135 32 59
177 540 39 93
178 855 22 83
179 719 45 94
180 1432 12 6
181 1106 17 50
182 1236 44 61
183 1096 30 60
184 878 52 56
185 690 25 43
186 1321 11 78
187 1025 9 59
188 588 22 63
189 1292 37 87
190 1021 22 10
191 794 26 97
192 482 23 22
193 690 23 63
194 423 5 32
195 1305 21 47
