174
1 1194 27 78
2 1153 13 9
3 650 56 34
4 980 25 98
5 683 49 50
6 1051 4 8
7 1206 32 19
8 220 20 46
9 810 25 88
10 988 13 24
11 190 24 14
12 698 47 6
13 771 16 56
14 88 18 75
15 246 19 36
16 784 41 86
17 492 36 39
18 70 9 25
19 301 12 3
20 870 9 68
21 73 50 29
22 1324 55 42
23 911 22 1
24 1224 19 17
25 1007 46 49
26 1069 38 46
27 172 1 48
28 211 10 11
29 1299 1 88
30 1187 19 64
31 1326 19 61
32 1440 27 25
33 942 35 46
34 475 17 62
35 1141 9 39
36 674 43 35
37 821 41 62
38 242 16 80
39 1271 30 14
40 786 56 28
41 1393 30 5
42 15 19 89
43 373 33 41
44 593 36 85
45 1102 38 91
46 589 6 12
47 25 53 22
48 1332 31 53
49 822 50 61
50 769 56 73
51 322 1 27
52 1000 6 84
53 532 43 63
54 227 49 94
55 354 45 41
56 1411 32 38
57 1384 18 64
58 1417 8 75
59 426 60 27
60 1291 50 71
61 1015 49 83
62 504 53 63
63 1057 35 71
64 718 47 85
65 707 51 42
66 421 23 83
67 360 52 23
68 209 6 90
69 494 36 81
70 156 50 20
71 1396 60 16
72 521 11 93
73 62 52 17
74 391 55 51
75 948 14 58
76 1078 56 65
77 595 49 68
78 135 5 55
79 283 56 80
80 946 3 72
81 1403 35 56
82 992 24 66
83 1004 55 2
84 583 59 42
85 56 17 77
86 73 7 35
87 223 3 85
88 816 20 13
89 1204 51 42
90 1090 41 15
91 1427 29 68
92 985 28 43
93 1403 59 79
94 38 49 65
95 523 44 56
96 388 3 70
97 711 19 85
98 1364 24 40
99 1233 2 95
100 1110 29 50
101 647 59 42
102 594 35 84
103 704 45 35
104 967 54 74
105 1409 41 36
106 729 56 66
107 1118 39 56
108 1168 52 50
109 1226 1 51
110 405 9 89
111 208 39 43
112 134 16 86
113 636 60 44
114 1078 48 35
115 533 31 57
116 603 19 89
117 121 45 26
118 204 29 76
119 915 29 51
120 125 5 61
121 836 13 65
122 690 46 51
123 755 4 91
124 1352 27 32
125 546 20 62
126 38 10 73
127 784 21 15
128 147 18 34
129 441 36 58
130 837 54 36
131 417 4 51
132 25 26 95
133 958 37 46
134 1090 7 65
135 686 8 85
136 907 25 67
137 492 42 41
138 982 60 30
139 1328 47 75
140 732 32 97
141 113 22 42
142 331 36 80
143 1142 3 25
144 1344 38 91
145 1052 25 17
146 1313 26 77
147 1017 10 70
148 197 25 36
149 248 45 35
150 196 36 55
151 421 57 83
152 392 22 55
153 540 57 97
154 1047 12 83
155 987 5 1
156 839 11 38
157 1063 42 94
158 396 26 58
159 146 53 27
160 591 48 77
161 340 26 19
162 293 3 4
163 100 54 2
164 214 15 84
165 80 7 97
166 424 10 18
167 700 58 5
168 1292 15 68
169 600 11 49
170 390 50 32
171 1235 46 47
172 1349 53 47
173 172 59 37
174 435 54 36
