200
1 1 1 10.0
2 2 1 10.0
3 3 1 10.0
4 4 1 10.0
5 5 1 10.0
6 6 1 10.0
7 7 1 10.0
8 8 1 10.0
9 9 1 10.0
10 1440 60 99.999
11 1440 60 99.999
12 1440 60 99.999
13 1440 60 99.999
14 1440 60 99.999
15 1400 60 31.8
16 545 7 66.299
17 866 19 53.0
18 1260 19 33.578
19 343 24 72.4
20 417 34 17.818
21 309 38 10.0
22 192 4 50.54
23 311 5 93.712
24 405 29 70.3
25 284 32 90.35
26 1190 22 24.0
27 779 43 9.71
28 1142 5 63.6
29 1323 17 93.528
30 586 33 38.0
31 894 49 55.33
32 16 35 74.0
33 193 13 45.01
34 942 14 84.701
35 934 56 50.4
36 1152 57 85.7
37 1433 14 59.5
38 179 21 64.0
39 367 27 82.0
40 1416 54 11.89
41 731 2 36.0
42 107 15 85.3
43 835 43 3.93
44 740 36 66.722
45 453 17 53.61
46 480 14 71.525
47 1105 3 75.0
48 1211 52 15.362
49 5 2 2.7
50 1279 57 50.75
51 14 14 73.0
52 1209 25 35.77
53 1244 29 30.95
54 1314 6 32.4
55 218 14 34.25
56 689 47 52.047
57 524 30 26.056
58 439 12 53.45
59 603 60 89.9
60 615 42 88.9
61 1219 43 36.666
62 1325 50 22.9
63 962 14 84.0
64 227 25 50.7
65 577 53 25.624
66 725 27 7.19
67 913 47 57.32
68 827 18 90.0
69 919 34 65.3
70 483 35 52.0
71 1113 53 89.736
72 1333 26 89.6
73 1042 35 20.61
74 861 23 26.56
75 308 34 13.0
76 934 29 82.3
77 1101 44 70.0
78 1107 50 25.2
79 399 14 62.0
80 925 16 42.4
81 1109 34 52.414
82 1040 16 30.258
83 907 57 32.0
84 500 38 16.157
85 1209 59 74.8
86 1117 3 5.2
87 223 58 96.53
88 298 33 86.596
89 874 49 8.809
90 1266 56 3.619
91 1276 18 83.0
92 1049 45 67.68
93 152 22 42.453
94 30 6 23.0
95 1186 30 11.4
96 1145 39 41.31
97 639 10 21.0
98 967 1 0.59
99 1064 42 66.0
100 1243 46 98.909
101 1061 10 56.822
102 1135 34 14.5
103 689 33 56.0
104 1025 19 77.0
105 571 16 5.43
106 585 24 17.4
107 1043 6 68.42
108 469 27 86.89
109 729 41 61.28
110 903 48 76.638
111 1115 55 39.2
112 826 56 94.99
113 198 25 31.1
114 1001 38 51.27
115 715 46 57.59
116 253 6 49.778
117 1131 56 12.0
118 469 24 23.841
119 692 5 88.0
120 580 6 84.0
121 85 15 47.39
122 154 12 5.0
123 427 32 7.96
124 237 6 40.44
125 888 52 35.477
126 1267 3 71.46
127 560 50 87.07
128 275 37 18.0
129 1029 12 36.7
130 996 35 52.0
131 787 18 66.3
132 710 60 9.9
133 1102 35 23.67
134 442 60 61.0
135 387 26 8.449
136 1158 3 7.7
137 510 27 97.565
138 1306 31 10.924
139 541 24 49.912
140 955 13 26.202
141 1388 59 92.1
142 498 31 1.1
143 854 36 4.08
144 832 45 65.0
145 190 33 70.0
146 1236 34 26.0
147 362 15 19.37
148 882 34 63.0
149 1102 34 74.0
150 483 54 60.0
151 677 43 14.68
152 1263 44 91.32
153 1108 26 16.84
154 783 23 25.63
155 256 41 14.742
156 763 29 33.319
157 199 41 78.246
158 454 31 24.3
159 926 17 5.622
160 172 21 14.0
161 219 57 0.236
162 113 34 58.8
163 1186 50 16.809
164 575 15 10.0
165 152 48 79.0
166 169 42 85.1
167 593 27 80.9
168 1012 60 3.828
169 263 52 48.0
170 1282 15 28.627
171 652 58 42.547
172 1156 53 36.5
173 1271 11 36.0
174 1242 10 14.0
175 241 13 12.13
176 254 58 93.2
177 15 39 39.714
178 1067 25 29.5
179 279 47 99.0
180 10 1 10.0
181 11 1 10.0
182 12 1 10.0
183 13 1 10.0
184 14 1 10.0
185 15 1 10.0
186 16 1 10.0
187 17 1 10.0
188 18 1 10.0
189 19 1 10.0
190 20 1 10.0
191 21 1 10.0
192 22 1 10.0
193 23 1 10.0
194 24 1 10.0
195 25 1 10.0
196 26 1 10.0
197 27 1 10.0
198 28 1 10.0
199 29 1 10.0
200 30 1 10.0
