197
1 1401 45 92.841
2 661 49 53.433
3 220 41 48.866
4 837 6 45.937
5 1405 1 73.643
6 163 47 43.164
7 937 49 10.698
8 282 55 44.405
9 558 19 49.784
10 780 23 80.24
11 755 29 37.336
12 1434 7 6.992
13 826 47 25.802
14 487 42 31.883
15 443 55 4.517
16 878 57 82.68
17 209 40 38.249
18 567 8 39.903
19 961 29 84.219
20 957 28 18.545
21 1266 27 47.95
22 1139 1 3.673
23 387 23 12.851
24 543 30 45.635
25 123 8 51.951
26 95 56 15.35
27 911 55 30.171
28 618 20 67.003
29 696 39 37.373
30 1286 38 3.427
31 632 59 11.631
32 455 10 72.161
33 1037 1 68.131
34 491 5 91.227
35 4 43 32.282
36 697 10 15.915
37 61 6 70.969
38 1138 40 51.163
39 396 8 8.37
40 900 45 99.166
41 1312 45 2.331
42 1042 34 86.179
43 1364 53 98.925
44 1105 31 94.4
45 1416 34 66.845
46 296 37 52.345
47 472 6 49.385
48 492 59 98.676
49 729 14 0.215
50 914 25 22.407
51 402 58 88.944
52 937 23 67.603
53 1416 31 50.236
54 1162 48 12.525
55 55 31 67.652
56 936 57 94.192
57 981 44 35.302
58 1024 29 19.698
59 437 34 51.9
60 1076 43 39.921
61 683 27 21.757
62 843 43 12.916
63 125 49 81.373
64 377 47 7.532
65 1238 12 95.328
66 1155 38 88.535
67 25 56 87.916
68 1426 17 18.826
69 452 4 8.193
70 617 21 37.833
71 754 34 95.963
72 547 56 41.255
73 30 36 3.477
74 1344 9 41.508
75 522 32 89.007
76 301 10 94.846
77 339 46 85.004
78 675 14 64.194
79 708 3 89.944
80 748 59 56.807
81 728 32 54.337
82 677 15 9.224
83 681 32 81.492
84 729 40 34.388
85 240 29 77.116
86 1135 11 59.412
87 899 59 95.526
88 1314 37 57.699
89 530 10 28.879
90 1253 15 45.633
91 578 23 59.08
92 147 9 93.527
93 3 17 9.921
94 533 56 29.076
95 1420 31 96.833
96 110 54 98.561
97 1049 3 18.772
98 824 22 44.103
99 70 23 75.308
100 264 3 17.193
101 177 27 72.135
102 1051 59 67.824
103 358 4 74.562
104 804 27 28.959
105 169 45 63.037
106 920 16 33.899
107 179 2 63.38
108 1253 34 10.823
109 549 26 53.288
110 314 35 35.539
111 528 21 68.63
112 400 49 76.066
113 1275 51 88.147
114 1226 4 67.739
115 955 49 99.015
116 296 30 38.363
117 1366 41 7.8
118 640 3 85.675
119 1369 9 15.392
120 1044 3 80.299
121 447 4 63.917
122 1157 11 30.858
123 266 58 32.791
124 637 52 29.416
125 371 22 57.674
126 861 21 52.946
127 787 21 64.314
128 204 39 22.119
129 253 2 99.674
130 1269 39 82.227
131 583 42 18.731
132 72 58 62.235
133 1325 35 10.936
134 840 48 18.275
135 828 45 13.385
136 1399 35 27.192
137 936 47 83.902
138 797 31 86.422
139 598 5 50.659
140 607 15 57.823
141 151 58 37.044
142 1002 9 65.383
143 975 28 58.362
144 130 30 1.22
145 875 54 61.633
146 139 20 75.565
147 1406 58 64.479
148 216 32 3.814
149 434 23 3.385
150 1353 46 55.389
151 409 39 51.15
152 231 57 52.039
153 470 39 22.721
154 1378 20 28.353
155 558 29 40.104
156 1233 56 64.718
157 213 30 51.629
158 250 43 73.484
159 446 33 67.375
160 1423 26 79.521
161 1186 21 72.329
162 126 47 92.322
163 352 11 43.931
164 708 50 84.065
165 1275 54 55.405
166 444 39 75.663
167 395 45 13.116
168 1410 26 60.59
169 72 16 40.341
170 455 19 88.111
171 1407 12 48.492
172 836 60 34.041
173 755 59 37.542
174 1425 35 9.656
175 74 42 68.209
176 860 7 48.146
177 574 26 4.816
178 742 59 69.367
179 754 2 31.642
180 720 11 37.885
181 285 34 73.184
182 874 13 36.092
183 654 16 52.075
184 120 46 50.59
185 432 24 8.827
186 895 31 15.01
187 712 9 56.7
188 1105 32 78.875
189 1006 19 69.257
190 656 17 40.347
191 1382 1 37.417
192 206 36 5.951
193 1331 53 20.599
194 616 8 17.356
195 870 53 83.423
196 443 47 98.945
197 1411 36 5.043
