200
1 294 8 23.847
2 833 59 49.858
3 39 53 13.671
4 173 20 88.927
5 39 60 56.081
6 1050 42 67.982
7 929 42 67.202
8 111 37 81.396
9 960 23 95.862
10 1047 22 57.269
11 718 3 0.525
12 1210 13 2.213
13 879 47 60.31
14 1042 46 97.057
15 131 34 48.074
16 657 21 56.422
17 160 31 63.677
18 730 32 83.098
19 76 12 87.37
20 188 29 52.385
21 1259 12 30.836
22 1397 36 36.381
23 423 15 62.445
24 1241 47 8.881
25 1083 8 39.278
26 859 51 49.007
27 248 37 54.072
28 1395 27 68.726
29 1435 3 35.045
30 1021 52 29.2
31 1090 7 49.042
32 162 43 57.884
33 402 43 86.724
34 574 4 45.647
35 1061 5 36.525
36 61 9 9.575
37 67 37 11.713
38 1402 40 15.292
39 682 44 94.452
40 1252 30 60.833
41 136 41 51.877
42 1399 38 57.785
43 611 8 40.677
44 736 33 84.391
45 251 35 75.67
46 684 58 22.703
47 1319 28 83.079
48 893 25 73.405
49 772 46 41.846
50 432 39 59.526
51 414 24 28.026
52 385 7 42.837
53 876 26 63.721
54 200 22 25.69
55 1247 52 96.118
56 415 13 40.717
57 76 8 34.514
58 547 22 89.779
59 128 50 2.177
60 526 35 17.879
61 1069 20 79.149
62 1376 19 90.737
63 550 29 83.628
64 399 25 76.087
65 695 5 16.53
66 299 53 28.596
67 286 55 27.177
68 175 28 44.95
69 835 41 81.707
70 1383 53 7.536
71 1031 33 11.186
72 43 24 76.438
73 310 58 91.836
74 20 13 95.64
75 269 45 63.682
76 855 57 53.815
77 1314 56 5.891
78 1440 12 7.359
79 1257 11 38.234
80 514 15 63.319
81 1015 60 3.843
82 542 33 92.732
83 943 60 99.187
84 373 6 94.747
85 1081 29 98.794
86 1055 17 29.676
87 603 28 24.928
88 467 53 74.187
89 175 33 62.649
90 1180 23 99.463
91 1214 8 6.884
92 1333 11 13.308
93 774 26 45.738
94 480 13 3.963
95 665 58 92.674
96 592 23 56.181
97 548 30 23.629
98 810 41 60.781
99 1002 30 78.414
100 82 54 57.758
101 983 27 71.484
102 1139 60 49.496
103 650 43 30.676
104 552 2 32.381
105 1060 40 72.011
106 507 43 56.767
107 1065 4 97.644
108 757 44 81.933
109 1312 40 56.529
110 430 46 24.276
111 184 56 58.227
112 314 27 45.811
113 561 35 83.159
114 1350 10 7.737
115 1230 47 81.613
116 826 57 95.9
117 1192 32 16.692
118 744 20 3.551
119 1021 46 38.313
120 1013 11 39.307
121 1390 37 36.365
122 99 5 32.42
123 524 5 76.256
124 35 60 85.775
125 774 29 17.614
126 589 31 18.658
127 756 10 22.596
128 1221 21 41.587
129 875 55 34.922
130 1401 20 64.018
131 174 59 76.664
132 555 28 75.099
133 113 59 25.704
134 350 40 27.342
135 821 3 70.341
136 970 55 92.116
137 715 16 53.534
138 231 53 0.74
139 58 24 9.452
140 1366 27 5.956
141 1015 21 59.565
142 517 25 79.748
143 577 55 15.203
144 647 44 40.756
145 639 59 20.639
146 325 37 96.384
147 1305 6 37.343
148 277 50 61.915
149 1081 36 52.383
150 618 28 8.17
151 323 11 6.239
152 718 56 0.857
153 1090 54 66.1
154 654 54 54.028
155 597 24 17.137
156 591 24 47.946
157 1261 8 37.752
158 688 58 96.596
159 327 29 19.142
160 1279 54 69.306
161 665 36 63.103
162 1241 11 99.979
163 440 21 60.825
164 1111 41 19.42
165 336 28 60.261
166 1121 5 3.974
167 304 36 97.105
168 1195 45 38.797
169 216 15 16.252
170 245 23 20.879
171 732 55 9.081
172 1056 54 6.758
173 164 10 90.511
174 1175 34 29.15
175 337 52 79.141
176 1166 1 87.196
177 1182 48 87.784
178 302 9 25.654
179 24 27 31.11
180 846 3 19.535
181 202 40 5.715
182 273 40 76.585
183 577 3 3.554
184 568 36 80.973
185 1435 8 31.73
186 1029 6 77.895
187 459 8 20.758
188 1254 44 9.357
189 1381 38 48.176
190 306 53 46.004
191 303 44 20.354
192 1408 57 62.827
193 614 9 13.878
194 818 37 68.235
195 961 53 46.881
196 753 29 24.225
197 1121 30 59.725
198 1233 56 34.103
199 518 8 45.569
200 98 4 22.805
