155
1 749 25 95.287
2 257 8 4.549
3 1027 58 65.565
4 246 50 91.429
5 398 48 67.417
6 1230 20 3.916
7 293 41 98.472
8 311 37 6.842
9 1327 6 2.034
10 645 36 15.978
11 24 14 51.162
12 696 49 96.387
13 274 35 19.724
14 393 18 29.803
15 151 55 76.234
16 786 9 63.894
17 919 24 22.211
18 425 5 11.853
19 702 48 76.470
20 498 27 48.944
21 1208 19 78.337
22 781 37 54.321
23 226 1 33.414
24 25 42 12.284
25 798 8 87.364
26 740 31 11.652
27 558 9 21.698
28 1074 17 13.193
29 1362 14 23.430
30 1251 30 50.155
31 853 14 46.858
32 905 59 27.488
33 1168 36 59.370
34 175 18 96.516
35 287 24 56.743
36 547 8 82.127
37 927 47 72.278
38 713 23 94.558
39 199 22 88.198
40 880 33 43.027
41 901 44 72.706
42 771 60 90.992
43 195 48 81.903
44 804 1 22.329
45 20 58 72.479
46 844 49 43.593
47 112 48 94.877
48 375 53 35.171
49 898 17 41.425
50 376 55 65.108
51 1407 8 16.413
52 1019 58 85.300
53 499 52 27.379
54 950 19 50.054
55 944 33 19.655
56 1364 6 5.386
57 1428 50 98.820
58 556 59 0.410
59 825 7 96.822
60 322 2 44.490
61 351 9 44.036
62 156 28 86.841
63 376 49 5.633
64 978 50 19.492
65 71 30 94.156
66 983 46 81.301
67 938 16 48.227
68 1089 2 60.259
69 822 40 71.301
70 202 45 78.482
71 422 55 53.381
72 854 48 2.948
73 215 52 94.813
74 1270 11 98.848
75 699 6 97.256
76 1356 57 62.133
77 966 49 53.450
78 23 41 41.197
79 1390 49 60.561
80 1093 59 23.416
81 1395 42 22.785
82 845 55 9.786
83 436 54 2.950
84 820 48 66.706
85 3 51 61.382
86 1165 50 29.276
87 1126 39 31.353
88 1036 43 9.954
89 1044 25 47.615
90 863 13 10.062
91 608 58 91.574
92 89 9 18.712
93 943 5 81.336
94 1124 34 33.025
95 1073 44 98.865
96 27 55 78.832
97 1074 42 41.061
98 705 2 4.155
99 769 14 25.118
100 195 12 74.694
101 1228 27 13.235
102 354 31 7.296
103 669 41 91.258
104 830 42 12.513
105 109 26 53.231
106 1123 33 64.750
107 85 47 90.342
108 1100 49 92.719
109 409 6 49.683
110 1246 54 65.752
111 428 51 79.313
112 1304 12 6.720
113 703 16 17.427
114 175 11 83.699
115 504 19 29.474
116 555 52 41.862
117 626 39 97.169
118 153 38 50.969
119 1169 58 47.696
120 252 17 92.524
121 819 10 34.245
122 168 39 93.515
123 257 31 37.764
124 1367 12 50.277
125 1258 58 24.248
126 1311 12 60.061
127 175 35 32.549
128 779 36 94.790
129 694 3 62.058
130 1290 36 33.652
131 353 12 99.789
132 913 24 46.073
133 999 36 76.634
134 84 3 35.312
135 665 50 91.966
136 108 51 62.151
137 922 60 74.749
138 543 8 44.719
139 436 57 25.764
140 982 12 25.116
141 1292 28 76.333
142 949 39 50.203
143 902 46 65.343
144 930 39 33.273
145 354 52 50.803
146 117 47 53.657
147 1017 15 37.324
148 146 32 3.861
149 1023 1 0.081
150 1320 26 16.799
151 1022 49 71.983
152 893 9 90.744
153 1095 40 56.569
154 1067 58 13.092
155 1071 12 2.807
