200
1 979 18 60.573
2 737 22 0.496
3 521 28 47.367
4 1419 51 74.654
5 1172 21 57.87
6 1062 9 67.198
7 1276 4 64.81
8 353 39 77.36
9 784 28 51.407
10 1225 18 25.322
11 988 15 27.55
12 784 4 58.5
13 1085 23 21.123
14 770 18 89.897
15 614 43 70.609
16 885 30 71.406
17 822 44 94.687
18 592 11 79.325
19 328 26 69.431
20 610 19 6.433
21 649 5 24.098
22 289 44 94.719
23 982 30 78.655
24 988 27 17.125
25 1299 32 68.986
26 505 58 5.434
27 1325 56 43.938
28 1198 17 84.636
29 1215 34 82.472
30 832 21 19.895
31 769 19 88.031
32 623 58 37.174
33 1170 17 92.865
34 989 23 98.643
35 270 18 86.434
36 281 7 33.571
37 884 14 79.463
38 717 1 44.798
39 875 52 4.025
40 1213 9 66.719
41 67 32 25.414
42 601 30 77.029
43 163 29 29.465
44 982 28 4.17
45 1194 3 11.05
46 1115 49 12.65
47 1264 39 25.667
48 152 2 19.946
49 108 7 9.057
50 314 34 76.67
51 280 57 66.819
52 801 43 65.287
53 89 27 35.618
54 1078 33 54.315
55 970 50 10.487
56 143 52 81.675
57 355 51 70.568
58 92 7 17.907
59 1131 7 31.572
60 1006 38 93.143
61 1384 49 20.404
62 823 3 34.534
63 173 5 59.663
64 643 10 53.113
65 779 39 89.18
66 1218 48 3.861
67 934 29 87.058
68 261 5 75.93
69 144 33 95.23
70 475 54 91.278
71 441 41 41.745
72 207 20 70.101
73 962 17 91.326
74 237 7 71.597
75 635 45 25.703
76 850 50 70.032
77 677 46 79.959
78 222 20 88.007
79 1097 11 97.199
80 78 24 40.634
81 1440 43 15.82
82 1271 43 74.86
83 963 1 0.978
84 1384 51 18.356
85 468 7 51.528
86 891 19 80.422
87 1301 5 31.795
88 155 37 93.267
89 1368 37 79.202
90 948 22 4.42
91 513 52 76.29
92 753 37 14.149
93 470 41 35.433
94 544 44 88.487
95 135 60 91.807
96 963 48 21.013
97 1229 6 80.49
98 800 15 23.157
99 148 26 10.611
100 1165 46 99.826
101 316 1 61.275
102 655 49 55.639
103 911 45 67.814
104 149 26 14.098
105 1389 56 15.449
106 934 22 37.133
107 1282 12 92.969
108 552 58 10.614
109 585 29 7.172
110 1168 55 85.784
111 1435 3 83.867
112 343 53 86.832
113 572 55 36.247
114 53 49 76.494
115 974 28 77.419
116 514 23 33.618
117 593 17 87.285
118 1206 27 62.152
119 470 24 22.639
120 587 40 41.897
121 1010 13 3.695
122 709 22 33.199
123 441 26 22.566
124 577 25 46.203
125 511 47 59.49
126 1021 44 42.476
127 174 16 7.757
128 905 55 67.522
129 1337 54 27.175
130 182 11 41.381
131 550 14 87.338
132 1373 32 90.809
133 766 40 78.757
134 1124 53 84.153
135 177 29 72.824
136 367 25 33.798
137 209 6 42.837
138 820 10 27.202
139 26 32 53.977
140 469 43 9.477
141 495 25 61.564
142 1351 60 68.583
143 1020 40 84.613
144 244 2 23.327
145 1065 18 6.496
146 465 50 8.037
147 1125 39 36.988
148 303 10 79.098
149 581 29 57.313
150 474 41 15.616
151 921 13 39.313
152 585 60 86.309
153 1424 19 40.483
154 110 18 96.947
155 513 27 72.989
156 906 32 89.491
157 236 17 55.42
158 567 31 14.817
159 572 49 69.538
160 352 59 13.609
161 1048 33 18.415
162 1431 18 26.412
163 599 11 0.364
164 794 24 9.7
165 1197 50 87.539
166 353 57 92.237
167 343 39 69.493
168 878 7 81.908
169 703 1 5.552
170 509 58 85.787
171 319 43 49.423
172 708 38 20.981
173 426 13 56.772
174 1288 59 51.969
175 246 23 96.64
176 20 8 92.502
177 1255 12 32.894
178 92 56 78.69
179 664 38 70.68
180 837 51 85.919
181 1127 55 9.86
182 1057 53 7.35
183 1104 42 53.315
184 805 38 32.047
185 1228 54 72.033
186 586 52 90.633
187 39 19 91.004
188 727 58 49.853
189 1339 32 23.595
190 1002 8 7.875
191 1409 32 60.623
192 725 22 47.847
193 696 33 40.725
194 1035 9 12.49
195 763 47 11.411
196 382 36 73.536
197 68 56 7.496
198 290 44 69.88
199 635 57 53.838
200 91 1 54.467
