200
1 1249 11 66.314
2 1162 3 56.088
3 833 50 56.939
4 990 44 72.546
5 1304 53 70.894
6 894 4 11.157
7 273 12 44.026
8 522 15 51.274
9 1071 8 18.864
10 1037 16 25.758
11 824 16 1.868
12 679 6 43.254
13 1402 42 77.915
14 722 8 50.102
15 642 14 71.69
16 632 35 97.218
17 1028 51 6.748
18 139 46 70.117
19 1303 1 60.98
20 1276 47 81.971
21 343 20 99.131
22 388 27 1.323
23 116 20 71.589
24 1212 40 28.743
25 1157 43 65.821
26 805 43 50.106
27 479 20 30.236
28 272 45 72.708
29 346 28 18.227
30 188 54 8.772
31 73 42 45.946
32 1189 24 69.177
33 1215 1 47.624
34 592 47 85.835
35 248 12 8.954
36 473 10 94.98
37 807 25 75.234
38 171 29 97.248
39 381 24 96.441
40 1184 43 86.307
41 1291 29 42.461
42 218 59 59.301
43 217 27 75.121
44 995 21 97.754
45 542 53 18.964
46 681 29 95.882
47 553 32 85.555
48 228 54 55.928
49 961 45 80.063
50 1338 30 72.492
51 1103 27 61.407
52 1309 8 86.097
53 531 51 64.914
54 198 41 64.313
55 593 49 48.761
56 794 49 87.049
57 1261 41 49.883
58 1283 27 50.953
59 104 33 17.643
60 769 59 66.166
61 1397 41 61.926
62 652 19 38.133
63 519 48 48.056
64 465 26 7.174
65 105 11 53.2
66 305 31 38.937
67 341 34 11.902
68 1082 33 60.151
69 828 15 76.583
70 412 44 86.035
71 900 26 8.568
72 356 29 7.893
73 1275 42 62.43
74 554 51 59.01
75 1090 57 87.005
76 624 35 11.274
77 1189 22 87.163
78 1154 24 35.759
79 715 58 5.221
80 1098 49 55.411
81 968 33 18.465
82 882 25 60.539
83 22 52 37.774
84 400 18 79.758
85 1285 49 59.094
86 1194 45 94.25
87 768 30 37.712
88 642 58 44.401
89 471 48 92.687
90 404 6 14.664
91 21 11 54.357
92 1354 34 72.668
93 113 22 19.292
94 625 45 32.712
95 803 19 49.951
96 781 34 70.519
97 570 50 96.953
98 1198 24 67.336
99 269 54 15.016
100 412 49 20.314
101 379 51 2.333
102 1396 1 84.55
103 909 9 77.493
104 1039 9 35.488
105 210 50 91.328
106 1369 50 39.079
107 728 4 77.058
108 455 50 11.781
109 853 58 4.835
110 1247 37 90.473
111 1417 16 3.536
112 1165 35 17.627
113 911 12 55.318
114 39 10 2.035
115 1351 28 2.261
116 873 38 6.131
117 145 7 95.058
118 11 15 34.376
119 1134 8 54.589
120 731 28 17.521
121 731 11 94.203
122 916 48 54.829
123 900 57 45.809
124 867 23 71.488
125 151 33 97.318
126 298 53 11.187
127 425 38 71.224
128 1101 52 86.835
129 747 42 76.084
130 392 46 27.478
131 884 57 14.956
132 325 5 95.083
133 491 40 59.507
134 1216 1 25.7
135 496 7 72.277
136 1028 58 14.22
137 303 35 53.236
138 628 44 45.539
139 1003 43 20.971
140 351 31 96.727
141 162 11 69.383
142 756 43 35.357
143 438 10 72.167
144 1291 56 40.271
145 786 26 17.498
146 41 55 94.535
147 1406 49 57.996
148 1112 30 92.64
149 580 47 40.985
150 738 56 18.225
151 553 6 14.375
152 182 12 70.851
153 230 59 29.179
154 337 4 27.676
155 661 48 95.766
156 1137 29 1.659
157 1242 31 45.522
158 1049 20 32.981
159 462 47 61.418
160 339 45 26.362
161 338 53 15.866
162 590 33 89.417
163 1280 15 20.506
164 1006 48 29.376
165 242 16 84.631
166 924 33 55.334
167 230 58 92.595
168 332 20 24.591
169 1 3 61.309
170 583 51 44.737
171 1021 45 12.369
172 1397 28 61.824
173 16 42 56.677
174 927 13 66.06
175 243 57 55.24
176 822 20 36.03
177 449 49 42.186
178 1060 2 79.543
179 265 24 36.232
180 1265 41 15.478
181 1091 54 35.571
182 784 15 8.369
183 514 49 28.359
184 550 4 5.257
185 1148 4 13.864
186 1366 48 72.251
187 410 13 45.475
188 898 16 66.489
189 58 55 25.437
190 1214 50 35.241
191 629 42 83.088
192 1077 6 81.19
193 158 45 57.085
194 625 47 8.04
195 334 28 17.076
196 1138 24 27.078
197 651 5 5.365
198 1154 17 99.731
199 170 46 52.301
200 837 55 85.763
