182
1 1243 11 60.93
2 465 59 77.006
3 1062 10 57.064
4 635 27 37.498
5 1282 58 97.599
6 507 14 93.18
7 670 47 82.489
8 843 28 76.957
9 1234 6 62.388
10 278 3 87.828
11 401 30 92.097
12 775 6 55.16
13 1412 21 54.412
14 194 42 21.994
15 368 37 38.416
16 1062 30 58.256
17 650 31 73.444
18 383 21 72.875
19 1238 42 33.376
20 748 53 90.976
21 5 12 59.601
22 1223 59 2.24
23 833 33 10.756
24 1359 15 36.515
25 667 27 74.813
26 1217 48 55.166
27 604 37 61.806
28 1336 45 55.872
29 907 50 17.516
30 1414 8 84.362
31 1022 25 17.759
32 833 4 40.441
33 1125 8 70.938
34 787 25 12.291
35 295 29 53.977
36 168 22 15.536
37 246 43 80.607
38 554 1 14.86
39 288 32 39.955
40 1402 19 8.563
41 1062 56 55.18
42 976 8 95.48
43 434 49 55.987
44 141 57 36.344
45 1265 36 17.038
46 794 60 43.793
47 1063 49 72.807
48 808 32 68.259
49 279 13 21.384
50 100 42 59.639
51 559 15 28.125
52 1046 55 95.317
53 1286 44 92.261
54 1198 15 52.813
55 1411 42 3.476
56 133 2 8.986
57 326 35 57.679
58 1018 36 49.602
59 1398 36 26.688
60 1230 31 12.425
61 829 53 67.701
62 991 53 49.865
63 163 51 9.173
64 774 49 86.929
65 1044 4 34.494
66 183 49 69.777
67 1142 46 50.038
68 37 14 4.286
69 95 7 26.434
70 602 14 35.115
71 122 35 2.725
72 102 36 26.278
73 815 35 38.221
74 1425 49 57.287
75 317 22 30.852
76 1403 42 47.341
77 1090 30 83.685
78 1090 6 90.95
79 370 50 97.585
80 58 38 59.448
81 728 47 23.323
82 1288 60 22.606
83 89 47 37.313
84 954 48 19.77
85 390 58 65.292
86 4 44 49.633
87 1063 12 36.214
88 1087 45 29.952
89 938 47 57.146
90 721 50 67.009
91 1384 40 8.904
92 922 7 81.504
93 1351 24 27.866
94 215 9 36.649
95 522 35 48.371
96 230 34 35.698
97 854 46 58.668
98 404 54 65.029
99 390 35 86.43
100 1391 60 13.535
101 146 27 25.347
102 458 12 67.869
103 241 9 72.373
104 477 33 34.21
105 1048 12 66.212
106 334 3 59.284
107 362 13 91.097
108 64 54 55.814
109 1176 9 84.157
110 316 39 58.498
111 1096 19 36.334
112 282 49 21.129
113 658 48 24.848
114 322 3 7.482
115 814 46 77.756
116 1114 46 9.131
117 1034 53 65.732
118 1431 15 77.97
119 1126 41 41.236
120 137 32 18.284
121 133 26 26.888
122 337 20 27.284
123 1277 8 34.267
124 319 31 35.651
125 1321 41 49.501
126 898 19 92.687
127 1165 55 69.288
128 350 43 54.325
129 418 17 61.326
130 1372 60 15.707
131 341 19 31.961
132 508 58 1.045
133 507 32 53.683
134 921 20 88.839
135 22 15 26.049
136 1211 15 3.434
137 487 29 65.501
138 1203 19 87.244
139 375 34 60.865
140 368 20 45.205
141 1290 49 52.754
142 263 4 82.406
143 772 10 45.502
144 1395 21 63.465
145 1036 37 90.536
146 302 58 66.214
147 1025 11 45.628
148 342 15 18.71
149 1384 53 6.69
150 881 14 8.856
151 233 15 30.965
152 1341 54 51.307
153 1273 13 45.637
154 454 58 3.236
155 44 31 3.452
156 825 45 34.587
157 1122 7 45.457
158 785 57 84.219
159 307 43 62.611
160 613 35 64.585
161 711 17 43.195
162 1139 59 55.725
163 1423 45 0.757
164 389 27 68.697
165 1151 7 93.477
166 309 39 13.861
167 1027 14 38.584
168 915 19 32.624
169 343 35 75.816
170 368 14 89.929
171 619 57 38.484
172 138 14 48.765
173 866 9 65.523
174 1068 54 69.664
175 156 54 96.134
176 1364 30 81.573
177 1160 25 59.884
178 628 8 48.508
179 1088 4 78.438
180 532 16 67.265
181 224 23 87.405
182 666 6 90.521