188
1 1032 56 30.548
2 180 34 54.991
3 503 10 57.444
4 759 56 61.234
5 863 39 24.277
6 1092 44 0.899
7 81 6 72.142
8 351 32 88.316
9 250 17 49.941
10 1383 52 65.463
11 1412 2 12.684
12 1123 53 85.674
13 1185 18 14.097
14 310 36 81.672
15 1197 41 6.637
16 1062 7 39.527
17 1266 8 88.43
18 694 17 73.46
19 521 15 53.591
20 1202 10 36.058
21 245 22 6.599
22 574 57 40.28
23 71 12 14.6
24 207 47 76.108
25 167 46 56.725
26 961 24 32.64
27 707 25 29.73
28 435 8 3.362
29 1146 35 34.335
30 871 7 4.754
31 429 6 20.26
32 150 38 71.562
33 936 47 56.652
34 374 54 40.271
35 780 12 34.745
36 1145 31 69.656
37 248 44 74.973
38 1332 31 50.059
39 788 15 52.863
40 1373 54 86.615
41 1168 13 79.458
42 516 50 43.983
43 478 21 47.974
44 865 2 19.481
45 145 21 78.388
46 13 51 70.833
47 410 2 95.281
48 562 59 68.694
49 653 21 97.363
50 206 48 45.161
51 372 30 37.133
52 596 39 38.039
53 1247 36 34.15
54 1129 41 76.914
55 812 59 81.351
56 1436 51 51.304
57 89 7 46.713
58 1223 26 43.048
59 730 36 21.083
60 943 39 5.59
61 1402 58 97.848
62 357 14 41.754
63 87 36 72.271
64 850 33 47.043
65 352 39 58.624
66 1409 39 59.907
67 1225 11 40.036
68 489 52 77.453
69 430 54 71.949
70 241 23 29.311
71 350 45 16.918
72 323 24 3.456
73 327 6 76.22
74 1099 33 43.768
75 1335 10 38.762
76 1 6 75.536
77 1232 1 86.062
78 1120 33 81.159
79 639 13 21.122
80 948 19 72.366
81 886 36 3.887
82 244 13 7.309
83 1428 44 28.196
84 838 45 38.364
85 215 44 10.261
86 967 57 93.606
87 493 45 62.437
88 1211 27 1.873
89 315 49 15.706
90 1400 16 36.836
91 930 58 95.59
92 333 17 71.611
93 792 41 85.884
94 245 54 78.008
95 441 51 13.563
96 1296 29 31.746
97 670 58 15.767
98 247 60 9.09
99 489 52 33.824
100 929 57 87.684
101 829 37 54.443
102 490 13 18.688
103 743 30 76.095
104 657 29 95.608
105 1355 52 61.15
106 836 27 46.623
107 1181 51 74.304
108 410 20 48.513
109 145 23 75.566
110 480 15 13.798
111 566 32 95.995
112 1223 59 6.344
113 1429 1 70.735
114 701 43 50.413
115 911 13 29.974
116 726 58 59.272
117 1213 24 5.164
118 967 46 42.176
119 1021 42 84.034
120 927 24 98.457
121 124 4 62.739
122 1278 44 93.698
123 440 52 48.155
124 1214 33 7.903
125 965 42 31.162
126 28 7 13.936
127 874 56 28.983
128 509 4 41.355
129 187 16 30.049
130 613 57 87.823
131 927 33 79.437
132 149 40 91.314
133 463 9 12.492
134 564 37 17.175
135 118 5 26.815
136 1123 14 6.747
137 1025 58 88.215
138 664 1 21.751
139 417 26 23.488
140 1213 46 36.601
141 1424 2 94.122
142 470 30 35.025
143 1098 20 11.092
144 44 45 94.077
145 786 11 11.112
146 1384 40 50.267
147 1081 59 46.632
148 118 50 23.461
149 729 3 68.242
150 254 10 36.065
151 506 49 32.307
152 1012 9 63.473
153 1368 33 93.621
154 439 20 19.928
155 1378 36 19.139
156 1361 44 35.556
157 331 13 48.172
158 802 52 58.85
159 131 52 59.938
160 1366 15 55.668
161 269 58 8.204
162 873 35 4.122
163 912 30 31.233
164 262 60 97.569
165 1118 16 73.957
166 1318 47 82.507
167 204 2 37.004
168 1414 34 42.874
169 1281 21 29.808
170 1433 10 3.573
171 1034 22 10.311
172 1424 50 73.161
173 1081 18 89.753
174 1354 36 97.752
175 671 5 7.346
176 1323 59 17.9
177 260 3 1.636
178 192 52 27.601
179 276 16 14.296
180 238 44 85.956
181 1229 32 77.292
182 806 33 15.822
183 472 20 96.027
184 1138 10 57.753
185 1053 30 33.762
186 1237 56 56.387
187 1241 58 18.357
188 527 47 42.025
