172
1 76 22 19
2 1225 40 7
3 1004 12 91
4 1186 39 3
5 467 31 11.42
6 561 39 19.49
7 286 60 36
8 1020 10 72
9 907 28 96.392
10 125 28 6.1
11 1343 56 66.28
12 1414 47 97.613
13 1425 41 27
14 124 4 37
15 325 34 19
16 774 58 55.981
17 395 2 85.7
18 844 33 25.137
19 1288 23 4.68
20 520 11 47.6
21 451 5 3.093
22 124 55 82
23 659 22 23.734
24 1384 21 38
25 1107 55 12.82
26 1226 40 99.11
27 1246 38 84.2
28 724 9 47
29 613 44 82.6
30 808 7 65.3
31 986 25 68.617
32 266 42 98
33 714 8 6.2
34 710 2 37
35 919 35 64.71
36 149 41 31.375
37 176 39 19
38 650 2 71
39 1132 48 22.1
40 133 13 39.38
41 812 51 86.27
42 451 19 26.151
43 1198 47 68
44 686 53 22.9
45 739 50 20
46 326 29 58
47 322 5 25
48 591 50 69
49 225 51 71
50 71 8 2
51 895 10 28.3
52 439 57 17
53 1241 39 82.2
54 815 7 18
55 719 21 83.639
56 977 39 91.76
57 385 35 15
58 263 40 55.49
59 171 37 87.238
60 865 48 2
61 562 54 78.8
62 694 49 68.075
63 786 35 61
64 946 42 12
65 482 13 36.9
66 637 16 60
67 530 58 81.94
68 353 51 25.154
69 58 51 40.213
70 488 48 60.83
71 393 1 17.4
72 1201 56 23
73 559 9 99.13
74 199 19 33.5
75 883 32 13.014
76 598 53 71.323
77 324 49 40.4
78 187 14 36.86
79 1122 51 91.9
80 777 21 20.2
81 966 28 13
82 516 1 6.3
83 381 10 34
84 1120 50 57.36
85 184 27 71.14
86 483 13 48
87 575 7 80.7
88 820 41 62.401
89 403 12 71.7
90 361 35 32.61
91 628 3 41.712
92 1041 6 75
93 73 60 27
94 165 14 20.93
95 202 9 20.291
96 254 34 33.78
97 116 45 15.78
98 996 46 38
99 702 13 36
100 705 28 60.15
101 814 58 77.749
102 131 40 8.96
103 1182 9 1.398
104 264 19 25.7
105 1296 33 31.194
106 182 37 62
107 19 43 39.87
108 68 32 77.881
109 648 47 75.3
110 112 17 53.5
111 695 4 44.8
112 1340 16 89.4
113 928 57 12.72
114 758 3 75.367
115 1259 14 18.22
116 762 53 56.45
117 1100 42 84.634
118 187 21 51.2
119 210 35 95.207
120 49 20 31
121 137 29 88.736
122 193 13 33.813
123 230 31 29
124 909 42 87
125 84 38 96
126 1358 6 76.7
127 47 29 24
128 1271 18 43.602
129 693 22 16
130 1349 17 47
131 521 17 94.13
132 599 13 53.7
133 299 2 55.215
134 961 4 88.329
135 1250 12 36
136 345 39 98.51
137 532 56 93
138 672 5 84.374
139 1091 29 14.4
140 1237 57 74
141 492 19 42.711
142 217 12 52
143 1368 53 37.41
144 157 3 26.712
145 1263 4 81.384
146 1279 54 61.624
147 1069 60 11.7
148 314 24 94.319
149 328 2 61.521
150 932 6 35
151 706 56 32.322
152 1149 60 4.7
153 1386 49 80.148
154 797 51 28.9
155 303 11 6.4
156 1314 17 29.17
157 938 53 4.87
158 630 15 98
159 769 53 79
160 230 46 79.6
161 967 21 69
162 561 29 41
163 819 54 1
164 248 7 83
165 873 21 38
166 837 34 63.73
167 1426 21 48.11
168 408 55 93.898
169 1168 8 75.1
170 475 6 71
171 890 18 35.07
172 212 22 62.7
