160
1 1030 58 21
2 1295 5 23
3 472 12 55
4 1358 54 72
5 1233 27 47
6 655 15 48
7 1287 19 99
8 1146 29 6
9 1156 26 57
10 562 38 62
11 1135 11 60
12 847 22 65
13 1342 30 58
14 706 21 26
15 796 28 3
16 19 36 80
17 193 7 88
18 1176 45 24
19 1229 56 80
20 296 5 5
21 86 8 92
22 1000 58 79
23 176 29 65
24 1064 55 99
25 1218 29 82
26 73 45 18
27 436 58 41
28 1402 51 36
29 925 58 66
30 1263 32 33
31 1302 4 77
32 1195 54 24
33 104 40 66
34 437 32 7
35 161 55 81
36 870 38 8
37 874 57 78
38 937 4 62
39 531 52 11
40 1125 54 90
41 1059 38 38
42 544 11 44
43 1430 31 8
44 143 41 99
45 977 13 35
46 934 42 45
47 601 49 65
48 939 58 80
49 1045 53 23
50 1165 20 33
51 400 43 40
52 1199 28 78
53 1165 51 67
54 1300 24 48
55 147 53 43
56 966 32 78
57 1184 5 64
58 254 33 90
59 670 29 34
60 759 15 19
61 1010 45 31
62 654 51 3
63 642 31 79
64 622 6 6
65 407 32 17
66 1138 30 83
67 434 40 58
68 73 25 32
69 1291 31 39
70 250 14 91
71 1432 29 42
72 792 34 61
73 498 31 33
74 467 10 2
75 860 9 71
76 532 49 13
77 1372 21 42
78 351 39 39
79 1112 44 75
80 735 10 22
81 825 28 65
82 1309 16 21
83 1295 57 91
84 438 24 7
85 71 14 41
86 15 38 14
87 394 47 42
88 877 43 99
89 1256 32 62
90 1065 20 8
91 793 14 39
92 1312 13 85
93 529 33 6
94 116 21 81
95 309 12 49
96 112 6 92
97 282 54 4
98 67 43 49
99 573 38 51
100 1177 28 35
101 1164 13 20
102 1174 49 90
103 766 53 57
104 771 42 36
105 763 54 58
106 1139 29 26
107 1157 49 47
108 221 43 61
109 568 6 83
110 1421 10 52
111 309 44 82
112 1152 41 68
113 957 26 16
114 475 53 73
115 1112 18 68
116 327 27 78
117 1076 22 94
118 151 59 70
119 501 43 34
120 634 10 45
121 561 6 10
122 384 20 17
123 175 16 78
124 1157 26 67
125 315 39 79
126 44 43 41
127 207 56 37
128 797 30 4
129 733 19 69
130 257 34 75
131 1079 34 43
132 62 52 14
133 1351 1 96
134 1422 51 49
135 1024 52 15
136 369 38 38
137 1212 43 72
138 386 23 70
139 624 45 7
140 1040 21 42
141 780 23 67
142 443 16 47
143 497 18 51
144 1316 45 96
145 1057 1 16
146 994 27 75
147 573 53 26
148 196 32 36
149 947 2 77
150 693 8 5
151 1237 31 47
152 788 43 81
153 333 8 35
154 675 48 20
155 1255 27 68
156 387 57 36
157 180 13 81
158 981 5 72
159 1420 10 5
160 498 56 42
