200
1 3 2 56.507
2 2 7 52.581
3 4 5 84.997
4 1 1 73.973
5 2 7 28.925
6 1 4 63.257
7 3 1 52.631
8 5 2 43.171
9 2 4 76.607
10 1 6 20.983
11 4 1 12.143
12 3 7 70.193
13 3 3 35.439
14 5 6 99.452
15 3 5 6.792
16 2 4 48.242
17 5 7 80.191
18 4 6 43.147
19 4 3 39.533
20 4 5 98.591
21 5 4 84.841
22 4 2 43.186
23 5 6 95.391
24 2 1 58.511
25 2 5 1.118
26 2 7 83.095
27 4 1 57.362
28 1 5 82.727
29 5 7 48.899
30 4 3 12.049
31 4 2 51.449
32 3 5 20.982
33 4 7 67.966
34 3 5 63.159
35 4 3 46.799
36 2 7 66.122
37 2 4 73.737
38 2 5 47.83
39 2 4 61.255
40 1 7 7.527
41 4 3 57.379
42 4 4 36.288
43 2 5 48.472
44 5 4 73.394
45 2 3 54.646
46 4 2 26.189
47 2 4 43.94
48 5 3 25.764
49 1 2 67.765
50 4 6 77.471
51 4 1 51.338
52 1 1 24.357
53 3 1 10.126
54 3 2 30.983
55 1 1 45.927
56 4 1 17.007
57 1 4 11.715
58 2 7 87.831
59 5 3 39.175
60 1 6 23.936
61 4 4 57.875
62 3 7 16.779
63 5 1 69.028
64 3 2 25.492
65 1 1 30.633
66 4 4 25.424
67 3 3 33.975
68 4 7 91.73
69 1 3 40.606
70 2 6 2.319
71 4 6 56.526
72 1 3 71.153
73 3 3 38.072
74 2 2 8.876
75 5 7 58.322
76 1 1 25.391
77 2 2 54.083
78 3 5 95.432
79 4 4 88.695
80 5 3 45.225
81 2 1 5.038
82 5 6 81.733
83 2 4 56.065
84 4 3 51.259
85 2 6 58.284
86 2 3 78.895
87 2 2 77.394
88 4 3 82.76
89 2 2 45.845
90 3 3 0.604
91 4 1 65.864
92 5 3 21.436
93 2 5 83.28
94 5 5 31.86
95 2 1 53.046
96 5 5 92.789
97 1 4 61.042
98 5 5 49.67
99 5 6 43.191
100 4 7 31.12
101 3 7 15.255
102 5 5 3.391
103 5 2 75.645
104 3 6 48.795
105 1 5 46.629
106 5 2 78.916
107 2 3 95.474
108 5 4 16.476
109 4 4 7.32
110 1 7 60.218
111 2 2 52.545
112 4 7 38.407
113 5 1 22.903
114 5 1 95.348
115 3 4 6.118
116 2 7 37.07
117 3 1 94.463
118 3 1 77.471
119 5 1 94.532
120 2 3 87.122
121 3 5 97.006
122 3 4 30.226
123 5 3 63.788
124 2 6 60.587
125 1 4 73.019
126 1 1 54.703
127 4 6 24.083
128 2 3 38.819
129 4 6 55.727
130 1 3 4.028
131 1 2 28.924
132 4 4 67.618
133 4 5 31.293
134 2 6 32.493
135 2 1 59.862
136 3 4 38.198
137 2 6 81.066
138 4 2 12.459
139 4 7 84.664
140 4 4 54.704
141 5 1 27.351
142 3 2 22.369
143 4 1 97.048
144 5 5 86.69
145 4 2 15.856
146 1 1 54.198
147 5 6 40.147
148 5 3 86.766
149 1 5 5.326
150 1 1 98.804
151 1 7 6.155
152 5 2 62.918
153 1 7 26.326
154 4 4 45.261
155 2 7 32.739
156 1 3 60.278
157 1 5 96.759
158 1 3 27.827
159 2 4 83.765
160 4 4 85.042
161 1 4 83.246
162 2 4 9.038
163 1 2 42.501
164 1 6 51.814
165 5 1 28.638
166 4 1 5.954
167 4 6 14.987
168 5 7 65.873
169 2 4 67.773
170 3 2 66.204
171 1 2 30.885
172 5 7 23.359
173 3 2 43.627
174 2 2 34.15
175 4 6 65.337
176 1 6 91.737
177 5 4 53.681
178 3 6 67.702
179 1 4 76.671
180 2 2 41.637
181 2 2 25.969
182 3 1 25.91
183 5 2 87.584
184 2 1 37.148
185 5 7 49.976
186 3 5 71.002
187 2 1 4.16
188 2 6 32.193
189 1 3 30.691
190 2 2 83.258
191 4 5 61.321
192 1 7 66.596
193 1 3 75.825
194 2 5 60.124
195 2 7 72.091
196 5 5 81.188
197 5 6 32.804
198 4 6 89.175
199 3 4 55.299
200 5 6 80.15