200
1 421 1 61
2 771 15 88
3 828 36 28
4 181 16 42
5 509 49 77
6 1044 11 33
7 1385 55 1
8 265 22 32
9 1086 7 99
10 624 33 59
11 915 25 18
12 1291 13 66
13 539 14 3
14 1313 35 99
15 188 27 98
16 1408 1 60
17 664 52 23
18 878 39 75
19 660 34 35
20 930 51 60
21 915 46 44
22 960 2 81
23 336 52 41
24 1331 22 97
25 626 52 65
26 766 21 67
27 372 28 68
28 591 11 98
29 1239 15 62
30 377 44 38
31 657 27 8
32 624 54 68
33 1007 40 89
34 161 5 6
35 1092 51 9
36 343 32 77
37 212 53 78
38 570 44 16
39 535 21 96
40 397 52 75
41 559 60 49
42 100 56 62
43 682 26 73
44 1034 6 71
45 94 25 21
46 182 12 14
47 142 37 51
48 16 51 14
49 748 3 17
50 49 25 97
51 822 23 73
52 128 23 12
53 175 46 97
54 1162 21 87
55 70 38 44
56 519 1 63
57 1217 34 61
58 778 53 42
59 57 26 44
60 1056 58 65
61 1066 21 83
62 751 29 22
63 10 47 26
64 791 42 40
65 268 27 85
66 852 39 74
67 716 35 77
68 173 59 29
69 599 1 59
70 1009 42 25
71 81 11 24
72 1140 44 35
73 379 39 21
74 631 1 34
75 822 46 98
76 967 14 59
77 119 47 37
78 879 6 89
79 812 59 57
80 225 10 64
81 392 30 1
82 690 48 10
83 373 28 6
84 214 9 86
85 783 52 21
86 1427 36 47
87 432 1 98
88 690 46 97
89 244 2 97
90 265 45 7
91 1023 31 68
92 540 38 82
93 1085 7 47
94 1260 16 83
95 456 32 96
96 989 40 30
97 1311 48 69
98 1151 35 44
99 898 57 79
100 233 54 93
101 1229 37 34
102 183 4 23
103 636 52 52
104 1136 34 99
105 1139 2 61
106 750 5 17
107 1243 6 36
108 12 17 8
109 1068 36 71
110 425 38 39
111 1412 30 57
112 118 28 87
113 861 10 83
114 515 48 78
115 1218 13 47
116 852 40 3
117 761 21 73
118 365 32 43
119 952 46 39
120 1223 1 70
121 1120 24 10
122 282 37 22
123 129 37 70
124 1165 12 6
125 976 29 43
126 849 44 89
127 263 59 24
128 569 30 31
129 817 57 86
130 1354 3 10
131 281 27 4
132 1203 9 62
133 137 51 48
134 489 46 51
135 1424 34 71
136 887 7 99
137 473 30 94
138 1250 45 76
139 222 32 87
140 1303 18 29
141 1253 26 77
142 234 25 70
143 384 32 19
144 981 59 49
145 1221 25 32
146 1151 37 70
147 1113 42 6
148 1220 25 95
149 672 54 56
150 967 40 86
151 581 12 38
152 1026 27 29
153 53 43 43
154 66 46 24
155 1135 34 14
156 325 26 9
157 330 30 81
158 654 49 60
159 120 12 51
160 544 16 23
161 1081 40 44
162 1294 38 63
163 81 48 49
164 820 19 88
165 1400 32 23
166 15 48 6
167 1290 18 87
168 815 41 33
169 543 33 86
170 1198 19 89
171 672 5 81
172 682 16 95
173 758 16 41
174 370 44 18
175 596 32 41
176 252 55 44
177 1375 11 95
178 611 50 16
179 931 41 56
180 1218 44 78
181 1293 6 45
182 835 53 40
183 1213 34 74
184 90 46 82
185 526 46 55
186 1041 16 32
187 239 18 93
188 301 52 84
189 1075 23 77
190 1170 27 10
191 89 32 30
192 644 28 87
193 1002 13 28
194 1067 8 25
195 833 33 16
196 928 39 95
197 72 3 49
198 314 17 99
199 544 51 53
200 877 4 66