200
1 119 35 68.722
2 1371 28 52.163
3 584 29 10.536
4 1393 30 95.539
5 135 43 68.009
6 1151 31 10.001
7 260 45 53.481
8 873 19 49.992
9 1090 10 50.95
10 1046 3 29.903
11 1083 56 39.978
12 1253 35 56.292
13 1239 40 90.179
14 908 21 71.902
15 90 27 52.844
16 50 59 50.194
17 1052 23 93.946
18 842 46 8.458
19 1304 25 24.355
20 335 51 94.038
21 1147 33 70.644
22 33 18 19.96
23 1151 10 2.737
24 139 52 71.993
25 560 51 39.359
26 85 13 79.615
27 20 20 81.727
28 1171 45 86.617
29 297 45 24.129
30 1423 39 11.682
31 1085 16 70.96
32 101 51 65.748
33 527 28 36.293
34 173 35 22.384
35 1421 14 22.654
36 616 35 10.33
37 138 54 51.264
38 768 34 3.948
39 43 21 89.549
40 458 4 98.566
41 1101 36 37.24
42 626 17 2.021
43 65 9 16.334
44 826 31 79.243
45 698 18 51.016
46 518 43 23.054
47 450 31 50.325
48 363 2 45.605
49 718 15 49.006
50 120 33 13.857
51 317 29 97.974
52 1205 48 29.876
53 1100 30 61.693
54 457 48 80.086
55 1045 49 95.523
56 754 34 35.283
57 638 17 42.328
58 1084 12 43.14
59 42 8 89.31
60 570 53 42.899
61 759 44 86.526
62 398 29 58.022
63 98 53 58.818
64 1009 9 36.582
65 232 60 79.492
66 58 14 21.803
67 386 53 3.57
68 445 27 89.765
69 1192 29 47.111
70 1130 32 84.276
71 747 19 39.209
72 761 58 94.666
73 189 29 71.111
74 177 11 72.137
75 433 16 6.652
76 885 19 47.241
77 729 21 38.433
78 97 56 75.034
79 183 3 69.08
80 1207 58 29.792
81 1171 19 75.488
82 1361 57 27.893
83 474 16 2.652
84 343 35 69.243
85 251 21 4.943
86 1007 17 55.366
87 169 12 44.091
88 163 54 6.817
89 991 17 91.066
90 874 3 25.811
91 812 4 71.231
92 1352 39 87.839
93 85 59 51.459
94 1342 35 95.474
95 1351 52 56.075
96 245 2 19.469
97 568 20 43.657
98 1226 15 48.752
99 1411 28 54.474
100 1369 12 10.763
101 1101 28 42.835
102 128 21 80.734
103 1032 15 45.189
104 606 58 1.495
105 815 4 13.309
106 605 28 88.869
107 936 32 99.542
108 1363 56 59.554
109 608 32 63.963
110 86 32 11.79
111 655 39 47.705
112 150 3 36.191
113 161 28 74.512
114 517 31 79.856
115 981 2 55.0
116 149 5 37.927
117 268 5 20.217
118 1328 21 61.405
119 1018 8 22.496
120 499 33 18.965
121 900 19 1.549
122 1040 46 22.833
123 93 38 33.882
124 496 38 47.926
125 59 56 46.363
126 553 2 37.506
127 294 57 24.708
128 907 50 20.89
129 1057 56 64.977
130 843 48 41.615
131 619 14 87.112
132 941 6 60.699
133 1344 9 49.287
134 533 27 11.656
135 960 28 21.781
136 1063 29 35.36
137 46 52 73.612
138 1385 40 85.93
139 177 1 64.049
140 379 12 90.807
141 1200 5 31.348
142 1309 7 17.856
143 842 38 39.196
144 1300 56 71.288
145 1142 32 19.998
146 548 56 1.174
147 765 48 56.735
148 113 51 96.855
149 430 56 3.789
150 833 42 80.202
151 836 16 27.838
152 320 50 76.533
153 602 51 84.852
154 28 4 72.885
155 389 47 34.123
156 1102 39 68.045
157 1234 13 94.876
158 850 33 16.131
159 288 5 20.147
160 1327 17 91.724
161 343 35 80.63
162 1279 32 22.124
163 1347 41 31.944
164 1064 11 98.918
165 1389 29 80.141
166 369 41 23.432
167 817 18 76.449
168 218 25 97.503
169 1174 58 48.398
170 1084 38 68.37
171 762 33 94.685
172 521 32 56.002
173 349 23 43.376
174 622 41 92.542
175 1265 1 30.0
176 672 52 7.339
177 170 42 82.274
178 640 24 53.415
179 989 53 47.649
180 705 38 70.566
181 67 5 87.31
182 1338 41 10.262
183 1136 8 80.745
184 942 9 57.25
185 471 21 47.966
186 1245 29 45.268
187 843 17 3.119
188 245 2 81.854
189 65 53 79.818
190 665 21 30.66
191 167 16 9.465
192 1332 33 80.032
193 805 30 23.51
194 149 3 93.181
195 432 35 8.603
196 152 13 39.664
197 194 3 33.685
198 1439 5 99
199 1439 5 99
200 1439 5 99
