200
1 1025 8 82.0
2 514 60 34.788
3 724 7 6.155
4 23 13 21.044
5 71 21 51.555
6 1006 60 4.762
7 1119 1 45.22
8 320 40 20.846
9 989 13 86.2
10 242 59 21.513
11 717 55 48.503
12 538 55 78.041
13 388 5 90.302
14 264 58 27.549
15 129 12 98.02
16 791 21 73.204
17 742 17 42.067
18 1031 16 82.306
19 1403 27 4.669
20 1427 37 15.793
21 1324 52 25.519
22 1407 37 59.821
23 462 10 61.485
24 319 47 11.79
25 1305 27 86.221
26 1204 9 9.797
27 584 34 37.055
28 596 21 25.544
29 197 15 68.01
30 834 42 56.683
31 1341 20 36.194
32 30 23 17.509
33 1422 49 98.999
34 880 23 23.455
35 531 1 28.17
36 1437 19 11.364
37 980 53 9.43
38 333 14 9.328
39 84 26 99.713
40 32 25 71.486
41 727 12 32.954
42 22 31 75.953
43 217 51 71.004
44 77 25 78.986
45 772 19 38.11
46 1235 15 88.756
47 1201 1 12.214
48 978 31 90.702
49 1069 47 23.975
50 429 6 13.294
51 1084 28 17.662
52 849 37 94.309
53 1336 19 51.663
54 1022 28 37.337
55 93 14 89.577
56 652 32 41.222
57 937 13 38.423
58 1212 34 9.673
59 1305 18 14.684
60 1224 30 27.383
61 1194 5 8.853
62 198 19 51.12
63 516 38 74.578
64 314 5 79.413
65 245 43 7.682
66 1213 14 80.323
67 1049 3 77.069
68 952 50 68.713
69 352 4 32.506
70 384 13 89.411
71 1263 28 27.606
72 674 2 52.574
73 485 8 83.859
74 1327 11 33.362
75 476 58 98.95
76 769 21 45.86
77 636 55 6.815
78 427 2 35.397
79 759 20 68.9
80 1136 42 37.61
81 283 38 38.379
82 301 16 85.516
83 1431 42 46.089
84 929 44 22.266
85 1009 45 95.423
86 209 49 32.228
87 1149 5 11.533
88 440 23 64.759
89 1433 9 98.125
90 1329 31 46.446
91 500 52 71.407
92 1188 13 57.16
93 574 5 35.791
94 702 43 64.931
95 779 39 88.766
96 1059 44 52.923
97 137 19 7.351
98 500 40 2.277
99 1057 56 25.021
100 1431 10 10.267
101 926 2 31.247
102 528 59 5.153
103 882 21 6.767
104 975 47 81.81
105 166 31 55.82
106 263 58 57.696
107 978 6 52.453
108 502 54 11.79
109 904 54 35.851
110 1244 58 99.852
111 1117 10 31.243
112 1046 35 55.015
113 1437 18 79.606
114 936 1 96.035
115 276 36 83.826
116 963 46 95.909
117 1015 55 64.821
118 379 46 59.853
119 554 15 6.668
120 318 47 19.575
121 321 41 76.72
122 953 3 45.488
123 907 29 74.607
124 790 52 99.65
125 1063 46 46.128
126 654 20 12.094
127 564 33 51.012
128 884 26 20.354
129 905 6 74.72
130 1331 47 9.302
131 125 14 24.548
132 707 40 27.137
133 521 55 65.57
134 419 42 1.4
135 736 13 19.906
136 1014 59 67.601
137 1109 36 75.499
138 912 2 55.806
139 315 57 87.027
140 80 25 50.143
141 285 6 55.025
142 32 2 7.25
143 354 16 19.675
144 897 49 4.065
145 511 37 93.46
146 890 46 22.943
147 578 28 31.984
148 516 43 44.933
149 599 3 6.298
150 285 9 86.652
151 602 40 80.089
152 469 2 62.989
153 793 15 76.247
154 1423 17 85.008
155 566 38 17.852
156 369 20 26.23
157 140 29 61.584
158 1229 12 41.129
159 293 33 15.56
160 416 23 90.553
161 43 46 42.801
162 680 41 75.039
163 1035 46 7.942
164 414 2 60.575
165 608 13 86.182
166 1329 41 82.457
167 678 21 68.278
168 853 2 15.707
169 674 57 25.583
170 1008 58 18.089
171 1241 50 45.307
172 1319 33 6.542
173 715 29 90.136
174 791 28 12.485
175 291 2 13.237
176 86 52 20.256
177 1260 25 70.108
178 942 33 18.317
179 45 25 91.13
180 1013 25 20.657
181 1388 41 41.356
182 84 2 84.376
183 1114 15 44.649
184 939 9 99.908
185 1223 27 93.982
186 356 55 61.683
187 173 20 64.246
188 729 55 31.443
189 1109 29 89.472
190 1232 23 44.491
191 1043 58 50.632
192 529 18 98.845
193 767 19 10.545
194 994 56 70.825
195 168 56 28.684
196 517 53 71.628
197 605 25 82.274
198 743 4 17.836
199 837 6 9.362
200 1372 56 9.634
