160
1 529 5 36
2 1320 29 20
3 1426 22 32
4 1135 15 14
5 1225 4 96
6 587 43 5
7 815 53 68
8 298 37 24
9 450 59 34
10 930 46 7
11 743 44 60
12 208 43 4
13 622 47 45
14 1223 1 50
15 1107 14 56
16 760 37 99
17 450 44 45
18 107 43 74
19 1022 2 58
20 900 16 11
21 831 6 25
22 1160 24 6
23 163 14 29
24 186 60 99
25 194 27 88
26 221 28 88
27 897 42 69
28 564 60 12
29 596 19 99
30 1125 52 91
31 570 28 6
32 143 40 58
33 459 51 10
34 1164 26 19
35 51 31 67
36 1380 37 37
37 32 42 73
38 789 42 76
39 639 29 98
40 890 44 53
41 193 22 80
42 1391 44 18
43 1120 17 33
44 434 1 47
45 1416 55 64
46 1005 16 33
47 28 35 1
48 720 28 24
49 363 32 60
50 1 10 31
51 1021 60 57
52 823 27 62
53 1161 34 80
54 694 37 34
55 913 9 80
56 1164 38 39
57 378 55 80
58 612 22 64
59 677 14 68
60 792 43 88
61 1349 6 51
62 966 36 63
63 870 38 75
64 258 31 1
65 1138 2 95
66 110 37 23
67 1160 22 53
68 731 44 99
69 1291 6 38
70 1070 9 32
71 680 40 45
72 1122 27 97
73 863 16 10
74 1388 10 11
75 1216 56 53
76 1209 1 59
77 1128 10 55
78 554 29 10
79 954 44 78
80 884 7 51
81 858 57 68
82 978 50 97
83 590 38 15
84 482 28 58
85 1 52 37
86 738 2 50
87 934 12 29
88 777 21 51
89 542 8 53
90 966 41 83
91 952 17 36
92 800 54 54
93 638 31 20
94 1050 27 99
95 1278 54 31
96 963 50 81
97 477 48 52
98 566 4 11
99 607 29 35
100 1345 24 57
101 1308 6 61
102 894 51 19
103 1427 12 53
104 1153 19 37
105 646 6 94
106 433 55 83
107 711 7 73
108 783 33 48
109 759 13 37
110 120 7 5
111 1367 16 70
112 125 35 87
113 267 25 42
114 34 31 44
115 25 40 92
116 1064 41 98
117 983 25 5
118 100 27 33
119 706 48 50
120 714 7 22
121 1307 43 87
122 1401 4 94
123 949 57 52
124 400 7 25
125 791 24 94
126 1307 29 53
127 431 60 88
128 1066 22 28
129 115 7 93
130 863 43 69
131 139 34 98
132 33 30 74
133 1406 32 74
134 819 7 7
135 901 1 13
136 572 36 15
137 194 1 58
138 405 44 79
139 611 59 84
140 1232 5 61
141 953 48 85
142 212 60 99
143 774 38 31
144 109 1 75
145 107 22 89
146 405 54 44
147 623 6 59
148 890 45 72
149 280 6 64
150 233 35 75
151 24 14 83
152 183 50 64
153 215 21 77
154 123 48 73
155 645 24 54
156 652 37 14
157 1241 33 64
158 1271 30 42
159 986 50 20
160 54 39 5
