200
1 996 7 15.18
2 833 25 16.27
3 977 21 82.1
4 517 60 62.883
5 1360 10 24.238
6 819 24 63.012
7 352 7 88.67
8 1411 3 24.457
9 579 30 2.84
10 684 21 13.15
11 454 54 83.0
12 306 48 77.0
13 667 58 77.0
14 1380 28 8.7
15 770 28 47.0
16 263 30 48.4
17 1103 16 68.4
18 914 48 20.03
19 259 59 62.0
20 576 44 67.911
21 847 20 38.7
22 59 51 18.7
23 556 45 56.55
24 1148 12 98.439
25 595 45 4.8
26 523 52 71.0
27 1127 18 3.0
28 700 36 51.1
29 372 27 16.7
30 326 41 96.58
31 39 50 82.35
32 601 6 10.5
33 1276 12 68.203
34 1426 7 26.0
35 883 26 7.6
36 1041 36 23.0
37 408 20 26.3
38 617 40 69.13
39 562 47 28.0
40 1169 32 56.878
41 25 57 18.8
42 1403 9 90.0
43 243 14 73.83
44 456 49 58.812
45 1388 34 48.7
46 108 19 49.73
47 554 37 26.0
48 146 42 44.0
49 1301 25 87.701
50 921 2 20.375
51 232 3 78.148
52 781 23 85.5
53 1266 42 58.4
54 776 22 89.0
55 6 38 77.85
56 54 57 57.902
57 1396 4 84.52
58 1397 22 10.791
59 1383 24 20.8
60 180 53 79.68
61 655 28 5.0
62 1379 49 34.0
63 851 39 12.87
64 342 45 58.47
65 89 16 50.91
66 1032 15 74.247
67 78 49 0.192
68 522 4 67.05
69 195 32 80.0
70 339 9 24.2
71 448 22 40.69
72 622 16 58.6
73 508 42 89.51
74 823 52 75.287
75 184 56 90.9
76 1097 8 6.88
77 330 60 70.656
78 716 11 27.5
79 812 59 68.0
80 319 42 52.99
81 189 59 54.516
82 799 44 76.843
83 753 44 13.0
84 534 38 85.38
85 160 54 9.2
86 581 16 12.4
87 1244 60 29.423
88 1251 45 18.617
89 1335 57 77.219
90 165 39 3.7
91 1221 2 39.4
92 1056 60 24.1
93 900 18 54.83
94 1236 58 52.1
95 290 43 92.769
96 476 24 83.0
97 482 26 43.0
98 1020 28 64.4
99 251 32 65.4
100 206 32 30.98
101 376 4 40.0
102 605 6 15.43
103 958 9 23.0
104 440 12 3.0
105 1331 28 22.4
106 1403 37 4.0
107 411 50 45.0
108 747 6 71.54
109 631 47 59.78
110 357 38 98.62
111 429 47 89.24
112 1108 33 21.0
113 1287 40 58.418
114 848 46 79.0
115 1103 4 74.69
116 465 46 11.61
117 1200 10 87.0
118 591 1 72.0
119 411 35 41.1
120 1378 13 44.61
121 1219 53 21.0
122 81 29 59.5
123 568 19 6.9
124 71 25 41.6
125 900 55 50.0
126 588 30 74.77
127 276 28 26.369
128 77 45 55.0
129 797 24 41.898
130 627 52 61.409
131 885 48 41.36
132 155 37 70.0
133 113 46 21.034
134 677 18 82.978
135 439 41 79.905
136 753 3 61.321
137 1419 52 24.624
138 88 51 5.82
139 552 8 12.373
140 1081 8 50.2
141 703 15 80.536
142 1439 54 17.0
143 708 44 84.84
144 106 10 57.0
145 272 44 72.0
146 246 53 92.0
147 1410 39 95.075
148 345 11 40.0
149 970 44 98.505
150 364 33 19.23
151 16 55 75.854
152 741 16 31.0
153 338 33 17.0
154 1131 43 22.826
155 1278 33 61.89
156 835 50 66.001
157 300 58 71.97
158 22 8 9.5
159 888 50 18.72
160 256 45 28.09
161 393 46 46.0
162 1021 54 74.9
163 309 49 62.8
164 15 12 59.0
165 388 24 89.7
166 1304 38 7.0
167 849 16 44.9
168 1315 24 15.717
169 1148 11 54.96
170 247 43 97.0
171 936 19 23.0
172 770 14 70.18
173 1013 45 52.7
174 1282 21 93.0
175 1146 25 17.401
176 297 50 57.344
177 404 10 48.71
178 1404 49 48.0
179 72 46 66.69
180 686 48 20.0
181 893 2 76.6
182 1197 6 58.575
183 120 36 77.34
184 1439 31 89.715
185 763 36 7.6
186 659 58 73.495
187 751 21 64.0
188 556 10 55.53
189 765 32 31.0
190 227 14 68.7
191 1387 23 67.0
192 1239 60 47.53
193 16 13 27.41
194 135 12 67.481
195 961 13 69.261
196 366 24 88.0
197 453 38 53.0
198 694 10 64.0
199 269 33 97.2
200 1339 10 42.1