200
1 788 42 20.04
2 698 26 3.62
3 590 11 7.79
4 437 33 70.48
5 1391 46 70.32
6 914 14 63.42
7 329 6 53.39
8 779 38 80.77
9 1031 42 39.19
10 1247 10 26.27
11 500 34 56.82
12 635 25 8.28
13 95 45 59.89
14 1274 7 1.93
15 959 25 91.0
16 716 35 40.95
17 311 48 8.94
18 932 15 85.11
19 1427 32 54.81
20 1238 16 77.86
21 635 46 94.7
22 356 17 79.46
23 1157 33 30.71
24 248 27 40.85
25 1004 38 6.42
26 671 21 8.25
27 752 23 12.96
28 1013 15 37.35
29 302 6 46.35
30 779 11 55.85
31 194 42 16.06
32 878 11 50.02
33 1301 38 10.44
34 140 11 90.4
35 896 9 12.19
36 302 26 32.84
37 311 6 77.68
38 509 27 48.5
39 986 10 19.95
40 1391 29 21.75
41 1184 32 64.42
42 104 38 2.52
43 671 21 23.64
44 527 22 7.1
45 149 25 17.91
46 995 9 61.86
47 239 11 83.78
48 455 32 53.6
49 356 33 70.96
50 131 32 52.89
51 563 41 84.82
52 833 38 20.55
53 743 32 20.01
54 1157 15 48.92
55 95 28 11.58
56 212 17 35.07
57 662 40 98.47
58 482 16 33.94
59 662 26 92.05
60 1400 45 51.53
61 941 47 96.23
62 1337 21 74.97
63 1139 40 29.63
64 1076 43 37.27
65 437 29 87.76
66 437 21 23.88
67 752 44 20.86
68 1292 18 94.37
69 140 25 46.68
70 194 25 32.2
71 1184 47 29.22
72 1049 32 53.07
73 1436 18 57.64
74 491 26 87.48
75 887 14 89.02
76 1004 47 93.71
77 725 24 76.96
78 779 21 33.61
79 320 20 11.85
80 788 43 71.73
81 878 8 12.54
82 1166 6 62.23
83 1436 25 28.91
84 824 10 74.76
85 806 38 23.84
86 851 41 69.56
87 761 16 16.73
88 1265 18 54.84
89 1130 7 32.22
90 1283 40 9.66
91 1409 28 68.59
92 329 26 49.7
93 1373 47 34.37
94 1337 24 70.68
95 302 27 88.76
96 599 9 66.39
97 617 34 53.78
98 113 16 50.12
99 1283 27 56.62
100 302 18 11.47
101 653 7 54.03
102 1292 8 45.49
103 230 27 57.37
104 941 22 92.14
105 311 32 69.19
106 626 12 8.12
107 1031 29 6.58
108 284 27 48.93
109 1112 11 20.72
110 590 25 96.83
111 1202 7 77.46
112 311 14 14.22
113 536 21 74.05
114 725 12 3.86
115 140 39 96.24
116 185 16 45.41
117 1427 30 30.85
118 923 10 13.64
119 1076 37 62.43
120 662 43 57.88
121 86 28 51.04
122 113 42 27.92
123 194 46 18.46
124 608 7 11.41
125 635 45 9.01
126 311 30 26.24
127 248 32 64.76
128 131 32 98.5
129 1283 9 58.2
130 86 42 87.55
131 248 17 96.8
132 1274 33 25.53
133 1238 40 6.58
134 1274 26 99.37
135 1166 31 87.6
136 113 6 99.35
137 1274 22 58.32
138 554 19 56.7
139 221 38 94.52
140 599 33 96.77
141 329 42 36.91
142 95 26 97.78
143 1031 23 81.18
144 698 33 47.78
145 1202 12 47.27
146 671 31 84.42
147 806 34 91.82
148 491 27 62.45
149 698 18 39.61
150 860 37 7.45
151 617 32 79.79
152 374 9 67.49
153 1193 34 62.54
154 797 22 94.69
155 230 16 99.9
156 1040 37 50.08
157 77 20 10.35
158 1319 22 47.91
159 617 39 43.08
160 959 6 15.87
161 1130 30 66.52
162 1436 47 60.57
163 1247 45 1.2
164 1427 17 6.41
165 1085 8 11.18
166 1103 16 72.1
167 140 33 32.89
168 662 15 86.57
169 653 47 71.13
170 707 9 1.51
171 716 21 1.58
172 1409 10 84.5
173 1076 36 81.39
174 914 31 48.09
175 1076 32 23.55
176 797 39 73.87
177 1427 6 64.16
178 869 18 78.11
179 1382 29 85.72
180 1265 22 14.35
181 302 45 29.44
182 563 39 10.9
183 1400 40 73.63
184 518 47 55.44
185 1418 19 86.14
186 248 9 32.3
187 788 28 97.0
188 626 42 15.83
189 1382 21 61.91
190 122 28 28.18
191 563 8 99.02
192 1400 27 92.56
193 77 16 55.5
194 1256 41 34.01
195 671 7 47.26
196 1220 24 9.47
197 284 34 31.52
198 419 15 51.87
199 1211 42 49.08
200 950 31 18.58