171
1 850 46 5.535
2 715 26 65.349
3 1068 53 32.78
4 466 30 48.377
5 32 12 79.4
6 587 53 55.67
7 1356 19 90.7
8 707 18 20.2
9 912 41 13.9
10 777 57 28.28
11 1294 38 95.748
12 1005 56 11.86
13 126 20 52.8
14 725 35 37.78
15 1216 53 4.2
16 1408 11 35.126
17 323 29 25.597
18 571 33 51.0
19 55 9 22.031
20 718 38 83.713
21 355 47 47.56
22 1066 34 93.01
23 1059 45 87.695
24 267 4 25.6
25 61 11 69.8
26 1376 46 65.707
27 1373 1 83.85
28 1233 15 91.388
29 1153 49 70.76
30 1114 4 39.774
31 237 55 78.2
32 183 55 23.277
33 209 53 12.3
34 1001 8 97.6
35 380 30 37.2
36 166 42 24.216
37 1327 16 53.975
38 971 46 70.53
39 1357 31 28.53
40 1149 2 74.813
41 69 46 82.6
42 257 59 26.9
43 487 55 90.672
44 1162 15 75.087
45 664 14 90.9
46 600 30 91.274
47 1316 8 92.85
48 1010 25 30.973
49 1201 53 43.25
50 727 40 89.4
51 1391 55 2.21
52 122 50 40.5
53 494 22 47.708
54 966 21 44.9
55 209 32 33.7
56 1287 33 95.67
57 312 50 25.29
58 544 30 8.353
59 629 2 90.9
60 954 52 23.0
61 941 28 26.4
62 26 9 35.4
63 243 54 15.7
64 1117 47 70.0
65 922 23 3.85
66 175 59 97.196
67 180 28 67.149
68 236 3 12.26
69 1368 43 0.713
70 628 21 56.7
71 1397 36 27.7
72 401 15 89.401
73 748 24 37.923
74 730 23 97.7
75 444 57 53.5
76 1205 1 87.776
77 808 18 26.72
78 333 14 6.542
79 1427 50 73.36
80 920 44 82.02
81 531 42 42.22
82 756 52 17.436
83 1183 27 50.655
84 767 42 68.58
85 827 33 40.229
86 989 36 15.6
87 1414 47 20.6
88 983 34 76.272
89 21 19 82.961
90 874 13 12.8
91 1424 23 70.92
92 160 19 41.18
93 1234 20 55.096
94 1131 49 38.437
95 676 18 63.86
96 1203 33 74.8
97 1027 20 12.9
98 1218 2 66.59
99 531 42 6.0
100 469 19 32.354
101 680 51 78.4
102 1347 12 14.516
103 133 32 0.11
104 851 45 17.3
105 933 3 8.07
106 1426 51 99.25
107 726 30 75.5
108 927 44 51.43
109 1270 16 49.7
110 916 11 13.36
111 1339 9 59.4
112 330 11 89.784
113 118 2 80.7
114 392 9 89.3
115 1064 44 24.61
116 1188 50 24.346
117 1191 31 23.3
118 409 6 81.899
119 387 60 63.3
120 927 19 29.8
121 1072 33 99.076
122 1403 29 3.1
123 64 30 90.07
124 1424 16 93.5
125 1025 33 13.71
126 630 46 79.2
127 1252 8 36.1
128 336 52 96.932
129 438 21 35.02
130 837 53 43.549
131 1380 5 71.6
132 966 23 89.64
133 1263 59 55.79
134 1282 41 62.89
135 1122 20 19.48
136 462 10 87.5
137 461 35 33.901
138 1319 45 38.01
139 825 46 8.3
140 323 51 65.11
141 139 26 65.93
142 1090 49 81.955
143 261 55 7.6
144 327 29 78.525
145 602 50 50.772
146 638 39 62.0
147 104 40 36.78
148 685 17 60.292
149 512 6 85.6
150 1061 17 0.622
151 383 5 61.03
152 864 45 33.502
153 650 25 88.8
154 1036 10 71.2
155 265 54 31.424
156 758 53 68.2
157 1203 7 85.88
158 780 25 48.84
159 150 44 10.7
160 1351 28 39.647
161 464 54 63.04
162 1366 52 92.511
163 767 37 65.687
164 549 31 15.53
165 1324 24 43.86
166 1245 49 58.883
167 380 29 42.88
168 590 25 74.0
169 959 16 85.8
170 51 17 58.5
171 657 15 41.11
