159
1 37 52 81.751
2 1359 1 84.633
3 11 44 43.298
4 483 15 92.553
5 489 46 25.903
6 1252 31 24.233
7 814 4 83.345
8 368 10 4.027
9 1135 36 60.506
10 1235 24 50.984
11 242 55 20.405
12 1390 60 40.538
13 462 16 2.856
14 425 4 89.31
15 377 54 13.037
16 1148 29 52.733
17 948 38 37.421
18 1334 15 80.487
19 752 50 99.797
20 675 21 53.179
21 245 15 5.701
22 361 32 84.246
23 1107 32 16.022
24 1 6 48.808
25 965 39 84.816
26 581 3 24.682
27 412 58 10.28
28 283 50 21.285
29 739 40 85.253
30 902 42 88.121
31 926 58 58.367
32 1022 35 31.522
33 336 28 72.595
34 803 22 49.942
35 57 23 33.647
36 215 32 56.447
37 1133 37 85.925
38 114 38 8.197
39 289 18 71.122
40 1436 1 48.74
41 1109 13 2.43
42 1440 31 1.836
43 123 37 7.094
44 640 59 39.509
45 1343 20 51.816
46 1032 12 91.483
47 302 37 87.81
48 1423 14 77.455
49 716 3 69.436
50 1284 11 45.462
51 331 19 53.579
52 1090 48 93.137
53 1108 32 35.899
54 843 49 4.965
55 447 36 92.605
56 1099 13 90.774
57 1334 24 94.538
58 627 33 25.668
59 1317 39 38.451
60 1205 39 29.343
61 541 60 25.77
62 737 4 14.871
63 66 54 10.545
64 1040 44 24.131
65 537 35 96.462
66 69 57 79.686
67 1414 35 27.978
68 597 60 40.012
69 1047 38 80.055
70 741 26 47.485
71 1199 33 59.668
72 1194 46 60.416
73 1157 1 40.035
74 666 39 44.526
75 1236 38 36.753
76 505 40 19.476
77 940 33 18.127
78 369 41 72.546
79 37 29 95.841
80 579 17 2.729
81 363 6 21.2
82 130 60 10.506
83 1371 27 95.006
84 343 21 77.848
85 926 32 11.008
86 996 57 62.63
87 152 43 58.376
88 447 27 2.938
89 744 46 73.643
90 208 6 1.117
91 1318 6 28.861
92 1084 36 79.526
93 1289 4 1.273
94 193 48 90.911
95 1299 1 14.023
96 417 24 91.915
97 974 2 77.309
98 1032 5 99.589
99 1291 38 70.188
100 220 54 84.3
101 859 24 16.55
102 464 22 32.191
103 646 58 56.23
104 453 6 94.51
105 1312 40 38.484
106 824 13 45.232
107 493 41 86.834
108 1395 57 47.739
109 1379 26 63.893
110 131 19 66.055
111 388 26 96.487
112 975 41 23.952
113 1108 26 60.935
114 653 58 93.203
115 1229 53 56.587
116 745 10 46.318
117 202 16 92.347
118 520 23 78.462
119 420 5 98.8
120 286 21 65.634
121 603 37 94.102
122 258 26 95.726
123 1425 41 17.854
124 661 57 5.739
125 39 2 52.004
126 1005 31 66.218
127 1120 8 67.295
128 505 10 98.633
129 1426 7 95.45
130 259 29 87.096
131 717 7 98.576
132 224 13 40.272
133 171 17 19.719
134 1030 44 40.6
135 942 9 3.195
136 882 26 54.253
137 846 34 80.467
138 1395 34 0.173
139 863 55 74.189
140 667 38 87.957
141 1237 50 21.303
142 1327 22 85.107
143 270 29 14.293
144 484 58 12.353
145 1129 15 55.306
146 1071 23 75.234
147 348 36 25.578
148 839 39 68.166
149 12 44 13.062
150 1375 48 57.416
151 1033 33 61.536
152 612 55 74.763
153 508 14 52.755
154 846 57 58.276
155 1410 15 94.048
156 855 38 86.141
157 585 34 31.39
158 507 6 75.435
159 1408 14 25.123
