200
1 594 34 91.741
2 1307 58 76.803
3 43 21 43.854
4 1124 19 18.178
5 1181 8 54.764
6 718 60 92.842
7 622 41 72.545
8 349 2 52.074
9 270 27 1.014
10 1121 46 18.332
11 39 30 83.5
12 811 39 34.802
13 584 5 64.806
14 715 43 16.517
15 742 44 76.924
16 740 39 89.823
17 16 6 11.927
18 600 9 47.84
19 879 6 70.398
20 811 18 62.703
21 867 5 55.774
22 733 5 13.212
23 567 48 24.882
24 1032 39 72.958
25 1367 18 74.339
26 895 2 65.6
27 496 3 66.522
28 249 50 60.288
29 279 58 65.509
30 760 53 42.183
31 358 25 67.364
32 97 41 2.47
33 1225 13 39.136
34 943 30 41.676
35 995 19 44.437
36 481 41 4.993
37 205 47 17.936
38 890 59 2.143
39 642 21 29.567
40 515 2 40.418
41 343 10 13.921
42 566 14 95.47
43 543 13 77.183
44 49 2 27.722
45 68 30 22.588
46 156 41 76.568
47 707 31 98.917
48 1349 6 90.589
49 1110 18 72.24
50 513 38 48.832
51 143 41 10.887
52 1191 8 9.258
53 1089 42 43.506
54 246 22 50.706
55 1090 36 99.821
56 671 32 77.968
57 338 56 58.998
58 375 6 9.763
59 632 24 87.042
60 376 38 62.826
61 781 27 82.5
62 1345 58 66.564
63 1319 55 15.381
64 642 13 10.001
65 793 31 62.178
66 110 21 80.363
67 1327 11 72.701
68 1407 11 59.841
69 581 21 95.015
70 81 5 31.2
71 413 57 72.725
72 1265 15 21.944
73 844 34 56.93
74 1198 35 0.882
75 204 55 88.827
76 1082 58 69.1
77 897 41 8.63
78 755 39 33.552
79 167 55 38.609
80 470 41 70.046
81 749 21 19.714
82 854 7 70.307
83 1187 12 17.458
84 426 44 82.959
85 498 19 59.787
86 1436 60 87.812
87 911 42 62.987
88 1380 44 39.709
89 1354 31 2.949
90 84 7 84.537
91 999 5 93.842
92 729 1 34.783
93 447 49 68.726
94 379 52 30.97
95 664 40 91.52
96 1323 18 51.607
97 1316 41 98.714
98 330 52 33.451
99 36 1 57.859
100 1350 3 81.953
101 180 58 11.758
102 894 33 75.18
103 536 28 22.882
104 703 35 3.36
105 1307 19 13.321
106 173 19 5.281
107 238 41 77.694
108 1190 24 93.581
109 918 43 73.162
110 975 7 30.527
111 1236 5 52.007
112 365 32 26.396
113 825 37 74.373
114 1216 38 93.774
115 1279 34 94.61
116 964 15 40.075
117 326 49 83.224
118 1264 29 12.05
119 1404 2 13.981
120 1303 31 42.893
121 192 38 80.441
122 790 40 71.342
123 987 12 89.272
124 1108 47 15.404
125 401 51 61.315
126 1196 14 91.456
127 111 8 83.321
128 344 6 48.474
129 526 15 52.666
130 1243 27 72.481
131 1289 22 81.273
132 966 31 31.571
133 509 27 71.641
134 1213 23 82.049
135 381 33 38.562
136 479 60 63.766
137 957 8 31.028
138 1093 59 89.032
139 975 31 40.166
140 22 13 87.798
141 377 16 81.469
142 70 28 94.8
143 16 14 5.37
144 1288 36 58.969
145 710 6 94.66
146 210 25 47.823
147 967 9 48.382
148 63 24 53.787
149 1081 13 9.803
150 84 59 33.642
151 1230 36 95.196
152 758 34 56.079
153 1431 40 9.01
154 316 23 31.223
155 177 2 68.064
156 1150 40 11.479
157 303 49 96.196
158 1160 38 61.177
159 218 33 86.1
160 1358 34 22.16
161 321 50 66.708
162 799 32 60.405
163 848 55 46.942
164 1034 25 56.977
165 1146 42 5.118
166 989 17 85.42
167 426 3 88.97
168 1218 46 93.159
169 1178 41 73.828
170 833 34 22.91
171 1075 43 15.119
172 1323 53 82.413
173 1156 27 43.227
174 1047 10 91.679
175 1076 43 97.294
176 689 29 65.615
177 1076 44 71.729
178 524 44 73.955
179 1320 43 38.11
180 477 51 13.506
181 189 7 65.859
182 385 57 52.241
183 868 52 50.92
184 548 3 79.621
185 262 54 70.886
186 202 50 78.888
187 1140 31 61.829
188 526 20 96.625
189 1073 31 39.308
190 362 45 40.239
191 102 27 34.751
192 1280 33 92.862
193 47 37 4.536
194 731 15 47.223
195 848 16 21.95
196 655 60 12.4
197 364 38 20.322
198 461 36 44.833
199 775 50 9.58
200 60 53 96.112
