170
1 809 39 70.516
2 825 29 24.041
3 211 48 55.516
4 724 24 62.908
5 1251 32 22.032
6 326 25 32.663
7 576 48 95.292
8 970 22 16.031
9 391 40 13.752
10 602 56 39.173
11 1040 23 40.65
12 121 31 5.775
13 851 52 65.263
14 1194 32 8.602
15 470 46 68.37
16 574 33 19.139
17 1253 32 40.65
18 351 38 42.233
19 952 43 24.68
20 815 58 21.158
21 458 60 24.544
22 753 55 85.912
23 485 24 63.821
24 116 43 97.032
25 866 21 47.173
26 877 50 4.565
27 209 57 44.065
28 881 25 28.206
29 1027 30 94.708
30 454 27 11.718
31 631 22 32.678
32 880 59 31.207
33 161 23 46.231
34 694 45 69.178
35 832 49 75.431
36 423 48 38.701
37 798 49 58.344
38 1082 23 65.632
39 312 50 20.489
40 955 43 51.244
41 614 59 87.632
42 311 57 68.457
43 505 56 25.624
44 502 31 25.068
45 458 57 85.135
46 519 42 58.551
47 1231 58 94.514
48 302 57 89.416
49 549 27 4.956
50 1112 60 11.863
51 369 30 93.313
52 851 40 25.049
53 1386 21 71.033
54 278 54 54.251
55 754 57 91.883
56 592 36 8.123
57 295 36 61.464
58 520 45 83.312
59 650 43 78.284
60 39 34 0.705
61 673 48 41.577
62 685 33 40.474
63 235 36 15.345
64 901 56 92.297
65 1292 34 61.753
66 404 42 93.814
67 925 38 67.633
68 694 42 72.334
69 467 46 32.356
70 692 39 73.084
71 1204 55 80.976
72 399 42 32.887
73 627 31 60.05
74 1038 40 39.397
75 203 50 24.979
76 777 26 56.63
77 1292 26 75.44
78 59 35 7.906
79 662 45 21.263
80 678 24 37.633
81 123 48 76.243
82 942 42 52.485
83 1166 54 56.009
84 38 32 26.937
85 892 21 6.279
86 531 33 47.079
87 211 34 51.893
88 586 44 76.784
89 1173 45 40.061
90 51 39 54.207
91 785 59 28.536
92 1429 30 75.432
93 245 22 44.5
94 480 39 36.244
95 544 53 62.396
96 168 37 42.483
97 562 42 93.644
98 746 43 24.449
99 77 23 70.517
100 827 34 25.214
101 1203 23 3.165
102 292 26 77.396
103 776 53 35.842
104 1338 56 27.126
105 162 35 21.799
106 822 54 25.776
107 1365 37 51.788
108 170 55 92.028
109 785 31 66.948
110 797 23 12.785
111 293 28 73.434
112 517 29 72.053
113 538 45 84.172
114 339 45 27.699
115 577 40 39.692
116 959 36 21.148
117 437 24 33.483
118 791 24 31.478
119 824 60 8.963
120 463 31 14.941
121 681 26 43.855
122 869 33 56.451
123 237 51 29.617
124 854 26 79.005
125 850 58 70.849
126 122 45 51.111
127 814 34 72.367
128 1329 36 30.063
129 160 32 71.491
130 794 24 17.68
131 1373 52 67.946
132 456 29 43.871
133 524 41 87.111
134 1260 57 58.828
135 374 34 7.317
136 604 31 6.909
137 574 32 8.099
138 406 32 2.427
139 625 59 65.968
140 605 25 52.04
141 360 25 5.03
142 487 25 28.738
143 599 60 3.632
144 117 42 54.069
145 794 39 48.572
146 972 36 18.508
147 156 57 83.121
148 725 59 77.618
149 809 36 65.966
150 372 52 68.85
151 504 29 5.1
152 1089 60 22.79
153 121 56 29.506
154 714 48 50.081
155 644 39 75.594
156 113 48 84.718
157 529 50 0.594
158 1306 48 75.373
159 242 28 32.817
160 955 47 64.717
161 751 36 76.733
162 219 48 89.316
163 872 52 48.28
164 1351 38 71.265
165 322 47 55.395
166 624 41 47.072
167 1298 28 40.501
168 233 38 57.141
169 959 36 2.248
170 1298 23 70.87
