200
1 395 37 94.488
2 159 32 48.817
3 1369 6 39.43
4 858 18 28.401
5 1273 8 13.878
6 563 23 47.522
7 1299 21 14.853
8 800 52 34.687
9 1038 25 10.298
10 1130 47 86.193
11 1023 27 78.424
12 650 44 58.493
13 586 10 2.528
14 433 52 56.433
15 536 23 19.299
16 821 6 48.128
17 187 33 35.246
18 198 24 95.102
19 313 48 67.282
20 726 1 62.302
21 1027 31 70.01
22 1091 30 24.996
23 1395 45 0.928
24 1158 3 14.087
25 1419 6 5.304
26 1354 10 52.523
27 629 39 94.442
28 1012 39 94.217
29 427 31 33.086
30 723 29 98.172
31 1054 28 66.153
32 44 40 74.099
33 1007 27 41.83
34 929 35 74.6
35 448 1 36.401
36 113 38 14.523
37 804 54 30.336
38 398 43 58.524
39 1364 13 52.265
40 346 8 84.407
41 530 42 74.828
42 1246 7 42.013
43 334 47 65.398
44 876 3 45.469
45 590 49 60.106
46 10 35 80.485
47 1242 51 58.693
48 794 13 20.135
49 1391 45 71.021
50 138 6 75.601
51 467 37 21.685
52 897 5 69.754
53 1275 37 14.478
54 1249 52 93.968
55 757 11 1.289
56 1343 39 79.266
57 539 32 98.833
58 290 32 1.639
59 833 42 18.517
60 274 11 76.914
61 358 35 10.753
62 569 37 28.628
63 474 40 7.703
64 591 33 26.661
65 1300 38 85.214
66 831 56 94.715
67 33 27 88.239
68 712 13 30.004
69 917 14 7.011
70 1126 8 76.22
71 114 60 91.818
72 908 6 53.256
73 1226 47 22.858
74 251 55 39.923
75 785 5 34.586
76 1414 1 83.024
77 1185 31 48.045
78 1338 60 67.289
79 57 47 19.339
80 273 12 90.097
81 845 37 61.947
82 1210 32 25.854
83 524 36 91.814
84 1171 45 27.459
85 1349 28 0.029
86 618 13 50.848
87 247 5 37.507
88 910 23 83.595
89 1161 32 46.637
90 700 27 90.53
91 694 47 97.811
92 1024 36 73.193
93 1362 3 26.49
94 106 9 32.053
95 313 17 15.633
96 957 9 41.661
97 728 17 5.898
98 790 50 53.047
99 334 28 96.82
100 640 46 81.667
101 927 17 85.647
102 1126 37 7.972
103 786 4 5.386
104 801 9 73.012
105 272 56 76.053
106 130 43 61.518
107 774 17 84.801
108 1169 53 11.894
109 903 23 92.332
110 123 14 39.628
111 617 30 51.241
112 1224 5 7.335
113 1219 14 86.523
114 527 42 10.682
115 826 12 52.814
116 420 27 74.621
117 982 46 69.414
118 139 54 55.479
119 145 44 20.357
120 369 21 26.869
121 1384 51 28.215
122 142 5 29.738
123 1205 3 25.808
124 922 5 33.099
125 614 1 92.31
126 1429 46 13.354
127 965 9 81.171
128 518 12 57.706
129 478 37 20.084
130 1364 12 80.614
131 739 5 96.923
132 647 33 40.2
133 676 18 9.473
134 600 8 56.138
135 268 6 9.595
136 718 14 72.86
137 1239 48 43.908
138 993 17 19.79
139 1344 35 63.726
140 585 1 16.072
141 1389 45 63.711
142 307 17 55.438
143 1345 17 86.173
144 462 1 48.134
145 1034 10 95.282
146 202 35 78.998
147 488 1 74.826
148 104 15 52.625
149 698 1 37.996
150 1137 6 25.593
151 1151 11 71.268
152 1046 4 44.369
153 442 43 71.973
154 1267 55 23.129
155 687 12 91.633
156 1128 10 55.855
157 347 19 69.626
158 958 50 92.392
159 282 49 99.327
160 131 47 79.062
161 438 24 55.511
162 456 34 99.789
163 335 14 2.963
164 1148 18 14.462
165 1136 50 87.991
166 1043 9 5.3
167 875 29 3.842
168 1169 2 17.248
169 1029 9 56.823
170 457 54 79.207
171 310 19 28.393
172 1188 34 17.956
173 1413 37 91.004
174 612 16 60.704
175 1180 12 52.165
176 1325 3 59.555
177 1031 47 28.136
178 435 59 32.922
179 549 44 88.232
180 1426 56 95.716
181 309 48 71.257
182 417 25 32.937
183 924 59 4.423
184 954 17 64.083
185 5 57 66.285
186 1221 24 84.59
187 892 52 87.534
188 125 30 71.663
189 878 1 7.34
190 768 29 87.597
191 582 15 63.036
192 815 39 75.079
193 39 12 12.273
194 360 27 71.638
195 472 42 96.792
196 626 54 52.512
197 1212 45 15.258
198 62 52 47.272
199 642 16 58.401
200 611 23 63.994