185
1 838 39 4.871
2 1385 54 20.196
3 851 52 70.138
4 1044 9 15.391
5 303 2 46.971
6 1027 55 36.989
7 34 58 30.749
8 1203 56 39.817
9 627 7 19.48
10 833 46 20.626
11 336 22 22.927
12 306 16 35.964
13 564 23 40.577
14 231 16 95.285
15 1000 26 93.657
16 1278 2 15.406
17 1175 31 81.781
18 1278 45 46.411
19 1107 35 59.925
20 837 10 45.251
21 424 46 14.525
22 169 40 87.327
23 1433 7 63.357
24 1211 14 5.758
25 1266 3 6.455
26 1420 15 86.973
27 32 1 53.669
28 1038 56 47.206
29 484 30 15.948
30 1015 21 44.905
31 137 34 34.932
32 1390 31 12.381
33 417 60 44.981
34 1181 40 86.773
35 234 15 13.042
36 573 10 92.273
37 153 44 87.608
38 416 28 25.603
39 972 59 89.928
40 140 11 63.548
41 1161 56 21.632
42 374 27 22.987
43 845 49 40.405
44 68 45 51.079
45 644 5 8.561
46 953 59 47.083
47 590 24 94.627
48 467 40 43.296
49 131 39 94.036
50 365 24 51.011
51 400 1 40.911
52 584 33 61.198
53 61 39 83.271
54 1270 14 43.635
55 254 18 87.314
56 257 35 20.541
57 91 3 72.245
58 1419 41 82.983
59 449 15 36.605
60 240 19 97.371
61 596 4 12.691
62 633 37 48.243
63 606 2 46.377
64 351 39 18.231
65 1073 39 89.843
66 509 30 47.929
67 89 51 38.292
68 416 55 51.679
69 1180 23 69.041
70 601 32 78.744
71 872 23 96.884
72 531 56 59.333
73 1224 58 93.427
74 715 27 46.809
75 516 6 12.279
76 471 43 71.882
77 1090 29 93.489
78 93 18 86.133
79 433 56 53.198
80 716 5 11.6
81 505 23 23.519
82 1066 19 91.327
83 6 43 42.299
84 10 8 24.773
85 486 55 88.731
86 683 18 90.753
87 283 26 22.27
88 17 38 36.129
89 1128 22 85.324
90 456 23 14.642
91 790 36 54.004
92 663 38 59.757
93 426 37 47.23
94 780 19 90.519
95 1068 1 29.896
96 1033 38 40.298
97 1157 3 18.978
98 192 23 57.415
99 568 49 82.331
100 917 52 70.899
101 1269 7 64.847
102 819 22 98.464
103 1234 1 1.423
104 956 54 33.13
105 898 36 85.588
106 312 45 24.391
107 831 30 2.498
108 1244 3 94.105
109 80 13 57.796
110 377 25 48.83
111 763 17 38.827
112 283 53 3.665
113 135 59 86.245
114 322 11 28.183
115 268 19 91.59
116 1010 46 43.549
117 1043 30 38.258
118 959 32 90.949
119 64 52 81.916
120 48 56 64.84
121 244 26 55.687
122 397 9 37.478
123 809 10 58.196
124 1143 50 74.482
125 1437 51 25.632
126 891 8 49.323
127 126 52 57.685
128 1336 26 94.877
129 1415 30 88.013
130 1306 26 97.32
131 424 29 76.388
132 442 10 93.324
133 237 11 67.499
134 906 32 77.73
135 1238 24 12.019
136 583 20 97.404
137 643 42 9.47
138 520 49 14.804
139 702 14 64.97
140 1010 34 45.971
141 1351 56 98.178
142 618 20 16.763
143 1185 6 27.347
144 1288 18 20.09
145 57 12 80.982
146 113 54 52.163
147 1227 5 61.564
148 1332 16 83.906
149 215 11 48.84
150 737 5 92.51
151 1214 19 8.124
152 285 23 72.836
153 1271 9 32.787
154 202 12 30.672
155 387 22 3.559
156 280 38 28.553
157 1211 12 23.827
158 602 9 51.01
159 777 3 37.465
160 415 2 12.123
161 943 11 31.667
162 836 2 88.791
163 1051 48 69.961
164 1015 30 45.855
165 676 52 42.062
166 45 29 72.3
167 623 13 33.117
168 750 42 10.566
169 846 16 2.503
170 251 37 98.128
171 194 31 80.695
172 1120 4 89.971
173 1071 59 1.256
174 1080 20 2.974
175 27 6 95.854
176 532 2 62.579
177 693 1 1.627
178 1349 26 39.424
179 815 11 18.404
180 425 20 37.031
181 1215 47 69.341
182 514 51 70.677
183 643 37 80.426
184 513 51 25.642
185 690 47 41.531
