200
1 23 50 30.461
2 488 48 67.749
3 145 10 48.688
4 129 21 69.089
5 374 9 59.193
6 203 55 95.826
7 163 15 7.906
8 292 33 68.916
9 386 19 9.013
10 606 5 26.226
11 1105 2 27.315
12 224 14 9.84
13 127 41 34.593
14 620 31 72.728
15 210 18 19.287
16 365 53 62.341
17 984 14 58.892
18 986 15 12.237
19 299 5 31.933
20 587 32 22.631
21 34 28 17.769
22 15 52 57.284
23 513 55 35.658
24 158 31 72.054
25 800 57 69.702
26 1430 9 37.882
27 1299 40 42.7
28 26 12 35.726
29 73 12 33.939
30 176 13 58.762
31 96 20 29.661
32 118 19 51.758
33 471 36 24.865
34 174 23 19.561
35 82 46 61.57
36 312 12 32.771
37 48 27 36.935
38 1 5 16.432
39 31 38 45.587
40 389 3 26.389
41 194 20 35.517
42 725 5 25.036
43 895 29 55.322
44 19 49 63.91
45 79 34 84.527
46 525 49 30.786
47 68 21 43.374
48 321 25 61.22
49 134 45 34.606
50 472 35 26.522
51 75 20 39.957
52 593 34 43.306
53 595 60 74.306
54 603 18 38.115
55 450 7 16.989
56 22 19 61.389
57 529 2 3.598
58 861 1 30.398
59 109 45 57.36
60 194 52 27.004
61 355 23 40.094
62 112 59 40.117
63 486 9 29.239
64 165 51 41.896
65 263 29 55.762
66 11 59 34.233
67 13 9 53.805
68 491 37 86.392
69 358 38 44.802
70 107 60 45.299
71 223 60 99.357
72 1197 29 26.841
73 236 40 85.108
74 16 33 81.95
75 695 44 72.036
76 383 18 13.595
77 133 55 49.251
78 221 31 67.417
79 871 25 13.554
80 638 16 72.616
81 527 56 71.836
82 755 25 25.828
83 67 16 65.309
84 385 46 61.249
85 1411 21 75.983
86 925 24 81.764
87 1 17 19.999
88 568 42 42.729
89 360 4 41.271
90 129 5 44.628
91 3 31 41.957
92 983 21 34.051
93 251 47 73.425
94 449 10 10.885
95 261 29 15.882
96 18 8 40.434
97 133 53 57.68
98 7 13 21.621
99 754 38 72.757
100 262 53 78.002
101 481 10 74.133
102 389 57 32.907
103 289 56 89.181
104 96 9 50.257
105 90 34 52.651
106 19 27 41.628
107 33 49 67.593
108 8 45 82.38
109 182 22 22.051
110 580 2 53.614
111 1237 6 69.729
112 41 56 35.626
113 735 24 78.498
114 59 21 29.629
115 1325 36 46.454
116 278 52 32.171
117 1440 18 48.427
118 200 40 73.024
119 534 2 54.191
120 196 39 42.897
121 257 2 21.78
122 228 48 40.828
123 23 23 61.645
124 90 47 85.866
125 143 42 25.956
126 148 53 91.745
127 55 24 79.26
128 114 32 21.152
129 192 28 55.306
130 1440 31 44.37
131 106 56 54.327
132 180 7 63.762
133 62 58 78.61
134 391 27 46.703
135 161 11 23.326
136 142 11 8.398
137 50 60 39.721
138 668 6 36.091
139 1 30 46.364
140 1228 34 48.517
141 982 47 71.088
142 352 21 26.164
143 233 31 78.296
144 386 33 30.046
145 1037 47 60.941
146 1055 29 59.575
147 740 43 86.013
148 1218 48 90.323
149 281 31 56.133
150 24 48 86.545
151 301 37 69.362
152 734 50 49.514
153 569 20 18.996
154 1152 12 30.047
155 927 34 74.041
156 588 53 52.58
157 19 40 67.354
158 502 5 7.568
159 739 51 94.255
160 401 47 37.927
161 103 4 23.041
162 842 60 56.724
163 1301 45 71.297
164 519 57 55.571
165 27 28 41.537
166 110 41 33.922
167 775 59 94.137
168 135 59 77.969
169 536 16 66.258
170 915 22 38.233
171 304 53 53.105
172 570 38 71.639
173 84 60 62.192
174 93 44 85.129
175 126 27 79.483
176 742 22 33.093
177 89 32 38.415
178 1440 41 77.678
179 142 34 47.962
180 405 36 21.222
181 44 55 94.051
182 911 56 38.868
183 472 14 27.846
184 1440 17 25.83
185 158 42 35.81
186 8 48 27.981
187 17 41 49.066
188 39 19 35.083
189 789 3 48.469
190 259 59 31.753
191 89 50 91.37
192 492 43 56.213
193 914 12 11.378
194 115 23 57.201
195 571 53 49.817
196 788 44 28.044
197 1440 38 26.282
198 126 26 24.238
199 27 7 22.647
200 847 6 62.401