200
1 355 31 52.43
2 181 35 80.76
3 696 59 29.81
4 1368 46 70.56
5 1232 9 71.22
6 198 36 0.76
7 960 32 58.34
8 1361 14 25.82
9 1363 27 0.22
10 39 40 58.25
11 1281 32 61.83
12 55 38 82.59
13 782 40 90.29
14 977 37 21.39
15 928 44 32.59
16 917 7 39.66
17 803 50 89.35
18 221 24 9.72
19 1426 16 42.68
20 25 38 50.69
21 1395 47 86.34
22 643 19 0.9
23 245 36 78.18
24 1224 30 13.37
25 361 47 13.92
26 270 38 49.31
27 5 43 75.12
28 865 36 91.98
29 652 20 56.08
30 126 46 56.79
31 332 50 67.53
32 1253 24 26.35
33 449 19 0.55
34 80 12 37.47
35 555 34 17.19
36 1091 12 83.99
37 285 3 29.67
38 488 20 64.08
39 216 50 95.18
40 193 4 45.65
41 1345 41 3.17
42 971 29 29.72
43 1005 28 34.59
44 206 29 67.92
45 850 5 58.46
46 1429 48 82.77
47 1136 7 69.61
48 763 29 33.98
49 788 35 1.14
50 139 25 8.27
51 1254 13 40.97
52 250 19 48.99
53 236 43 74.72
54 691 20 79.03
55 203 15 70.38
56 1018 50 22.72
57 640 40 34.19
58 771 41 58.88
59 123 26 58.05
60 634 1 40.1
61 737 38 3.46
62 135 13 20.33
63 225 44 51.73
64 965 36 30.91
65 1342 12 12.3
66 1256 51 96.57
67 718 26 87.57
68 972 41 29.78
69 717 12 76.48
70 739 41 51.19
71 1036 41 9.63
72 816 57 64.31
73 1016 17 97.11
74 264 16 96.59
75 1229 28 17.41
76 908 19 98.12
77 549 5 2.06
78 564 56 11.54
79 1285 13 72.0
80 889 42 34.93
81 695 20 59.64
82 370 14 27.48
83 1245 40 46.41
84 328 45 11.83
85 426 48 98.53
86 1409 51 31.41
87 1220 22 39.92
88 446 54 18.06
89 1369 11 47.78
90 630 54 67.81
91 1185 49 83.38
92 676 14 63.26
93 1069 40 68.1
94 351 54 85.73
95 170 18 79.67
96 969 57 20.04
97 1378 42 22.15
98 723 34 67.93
99 833 22 92.52
100 1295 14 35.56
101 616 20 93.12
102 1 25 44.51
103 429 54 27.9
104 9 5 44.15
105 997 52 52.02
106 1371 36 42.66
107 909 41 24.56
108 89 59 75.03
109 713 23 45.01
110 573 59 36.72
111 827 1 31.05
112 642 11 43.1
113 767 1 22.53
114 896 25 6.56
115 130 39 51.0
116 740 40 7.03
117 1261 40 87.31
118 611 28 1.1
119 623 6 23.0
120 203 9 10.0
121 30 32 84.07
122 1041 21 12.8
123 213 3 30.25
124 718 28 5.24
125 370 25 57.01
126 722 48 68.77
127 1231 56 93.7
128 605 3 6.68
129 827 9 90.48
130 150 32 55.95
131 1036 46 92.96
132 637 2 49.89
133 807 13 66.61
134 991 46 1.92
135 1019 14 44.2
136 705 28 49.79
137 758 26 41.89
138 817 24 86.04
139 307 36 27.79
140 299 29 6.36
141 106 56 84.66
142 479 2 41.43
143 172 55 6.37
144 88 41 91.48
145 1041 59 70.87
146 597 30 47.7
147 851 34 35.08
148 671 44 76.21
149 712 8 0.38
150 931 16 47.57
151 1092 28 48.52
152 1200 43 22.4
153 966 54 69.61
154 1065 28 26.8
155 985 57 19.85
156 148 43 16.88
157 278 11 25.25
158 442 26 33.33
159 770 4 97.04
160 263 3 29.78
161 521 24 87.57
162 471 50 51.36
163 165 17 59.33
164 433 37 3.32
165 864 24 7.97
166 1227 57 0.39
167 591 6 64.28
168 1346 31 46.11
169 631 45 52.15
170 193 5 70.33
171 883 46 81.52
172 80 41 82.53
173 154 5 53.37
174 1180 48 41.49
175 121 14 36.32
176 188 29 35.09
177 729 29 23.66
178 119 8 0.21
179 579 1 25.33
180 782 11 30.6
181 419 37 53.74
182 807 41 90.31
183 1091 4 28.58
184 148 8 52.31
185 16 13 59.27
186 823 10 99.76
187 708 18 37.38
188 613 44 79.25
189 1171 37 87.62
190 1159 54 77.67
191 1210 45 94.11
192 665 4 27.13
193 762 35 22.66
194 222 48 31.8
195 619 40 36.06
196 1277 59 30.58
197 929 23 54.49
198 284 18 36.32
199 143 10 91.28
200 1164 28 26.08