200
1 72 54 92.156
2 973 46 51.713
3 1094 3 18.495
4 724 51 92.795
5 282 4 30.289
6 976 15 81.840
7 1040 10 83.887
8 1210 31 34.257
9 1350 47 28.368
10 1330 14 82.537
11 1041 20 87.664
12 74 2 97.353
13 586 41 38.524
14 1337 46 62.874
15 528 56 52.269
16 1262 34 70.240
17 56 38 40.268
18 683 5 19.647
19 1291 54 42.169
20 1202 47 51.811
21 636 7 11.437
22 977 1 77.974
23 804 29 69.616
24 635 9 59.400
25 386 58 74.470
26 752 23 98.295
27 1236 26 5.158
28 66 60 62.422
29 1296 26 95.432
30 1257 18 35.529
31 610 35 93.702
32 132 10 93.442
33 1422 12 70.760
34 921 34 41.167
35 1231 14 79.182
36 1098 51 68.527
37 374 30 98.495
38 84 28 24.297
39 695 9 83.319
40 605 48 67.965
41 1165 57 22.142
42 973 22 52.322
43 1166 23 55.858
44 1345 41 46.639
45 517 34 84.467
46 842 54 33.307
47 1047 42 59.424
48 755 41 46.786
49 3 3 55.937
50 495 22 71.336
51 771 4 82.866
52 977 58 76.241
53 1100 53 84.157
54 30 21 85.839
55 1065 12 52.982
56 35 20 87.930
57 73 14 77.659
58 1386 31 74.343
59 116 22 92.186
60 1369 7 62.921
61 848 10 29.706
62 871 47 87.925
63 1373 59 21.455
64 1005 18 65.427
65 1286 34 79.128
66 500 54 94.992
67 1073 41 18.356
68 275 31 73.552
69 1334 39 7.281
70 2 42 37.709
71 866 52 24.482
72 952 46 69.311
73 64 51 10.186
74 1101 34 38.075
75 97 15 90.353
76 101 34 10.782
77 981 35 15.730
78 1068 34 73.366
79 1109 4 17.967
80 1014 40 84.646
81 1326 6 27.951
82 1120 38 87.013
83 845 21 68.326
84 1228 25 84.448
85 271 10 40.053
86 473 22 77.196
87 565 19 98.600
88 708 3 71.228
89 1045 1 26.724
90 1168 39 37.935
91 1255 24 38.887
92 206 59 90.699
93 732 23 16.641
94 1426 42 97.032
95 1415 35 13.859
96 425 59 57.142
97 972 31 36.179
98 765 57 37.999
99 326 4 66.341
100 613 40 68.429
101 985 48 39.686
102 100 18 89.898
103 357 20 92.617
104 26 51 51.821
105 378 49 67.194
106 1365 33 34.370
107 1104 5 14.245
108 1313 52 96.807
109 631 54 11.753
110 991 37 57.950
111 1244 24 69.744
112 1164 15 16.592
113 216 58 93.511
114 137 55 73.113
115 794 26 69.249
116 1076 4 8.278
117 728 45 35.596
118 436 34 95.458
119 652 47 89.388
120 778 51 16.400
121 1123 45 27.272
122 503 25 72.092
123 802 45 94.339
124 860 12 79.574
125 416 21 38.564
126 1040 7 35.761
127 1235 11 77.692
128 625 7 82.447
129 343 55 23.206
130 621 51 76.690
131 1056 17 81.721
132 1309 17 73.843
133 1139 6 45.911
134 304 48 72.423
135 1077 54 61.331
136 1432 6 62.304
137 237 19 81.099
138 971 59 90.547
139 427 23 76.942
140 1103 51 7.837
141 227 40 11.069
142 148 25 92.307
143 597 47 76.269
144 1082 40 9.898
145 580 38 49.377
146 318 20 16.456
147 273 29 30.588
148 982 4 76.954
149 863 34 51.173
150 1222 12 8.053
151 1326 55 31.718
152 99 60 66.292
153 1043 59 94.958
154 441 29 77.996
155 271 42 40.979
156 456 35 89.682
157 673 41 78.995
158 239 57 33.039
159 952 59 56.804
160 1436 24 58.848
161 1026 60 21.832
162 905 60 59.883
163 232 2 33.527
164 4 12 87.425
165 1158 48 18.551
166 629 11 36.453
167 258 15 68.996
168 531 57 42.156
169 1322 14 23.338
170 1160 51 63.856
171 465 8 25.822
172 1316 16 36.990
173 1034 23 18.161
174 810 14 48.835
175 545 39 42.177
176 63 48 49.210
177 693 26 10.189
178 949 12 71.271
179 869 25 57.898
180 601 42 37.729
181 1331 50 98.252
182 407 42 89.564
183 821 29 91.506
184 510 16 82.858
185 982 25 78.433
186 328 29 80.312
187 1347 12 24.620
188 578 44 60.270
189 1403 3 81.398
190 47 41 89.059
191 1271 53 35.696
192 595 4 98.596
193 76 46 33.577
194 88 22 21.096
195 96 5 87.358
196 1173 34 77.083
197 653 48 51.290
198 1414 19 83.709
199 575 48 67.677
200 921 32 90.355
