200
1 939 23 54.500
2 433 31 75.13
3 674 17 85.448
4 313 40 4.754
5 1125 6 17.90
6 927 16 28.38
7 847 56 5.756
8 1384 13 77.648
9 932 42 70.346
10 709 17 5.253
11 1432 29 49.63
12 1387 32 81.186
13 711 55 37.867
14 309 30 35.537
15 976 20 76.499
16 415 45 24.976
17 85 3 95.512
18 1333 38 83.920
19 1344 1 15.584
20 814 39 28.557
21 1254 35 96.740
22 821 45 76.16
23 952 24 88.630
24 280 37 24.668
25 857 48 49.158
26 470 14 1.471
27 689 21 99.682
28 679 19 23.412
29 439 14 44.356
30 1264 1 23.596
31 1345 31 84.393
32 430 7 18.286
33 791 17 54.48
34 575 26 76.717
35 1431 9 10.335
36 152 60 79.859
37 243 52 10.918
38 1056 48 84.388
39 1255 28 54.75
40 1186 31 54.462
41 761 32 98.778
42 1195 43 72.847
43 11 21 97.455
44 1024 6 94.541
45 175 52 75.952
46 488 55 79.626
47 446 48 94.576
48 216 33 85.795
49 389 25 32.869
50 558 58 25.465
51 991 13 62.709
52 951 6 52.485
53 699 38 78.542
54 198 33 53.375
55 1435 20 67.564
56 336 14 2.213
57 1257 60 84.383
58 1242 31 58.237
59 519 16 23.707
60 1110 42 99.838
61 262 34 79.929
62 1420 32 38.534
63 100 14 81.725
64 833 58 93.372
65 294 12 43.364
66 215 44 85.527
67 509 56 98.709
68 60 54 3.816
69 55 52 81.21
70 1297 55 63.887
71 482 48 26.959
72 276 44 29.917
73 800 25 96.833
74 1423 6 4.103
75 416 20 21.95
76 243 36 30.469
77 729 32 54.821
78 1052 51 89.767
79 953 25 54.548
80 1422 11 41.346
81 294 36 40.622
82 682 7 99.358
83 241 5 39.469
84 183 22 66.870
85 992 31 66.367
86 1025 50 73.177
87 1074 60 30.184
88 792 52 91.414
89 1354 32 55.338
90 98 60 49.643
91 138 16 75.341
92 1381 43 35.131
93 1122 27 99.507
94 447 37 67.452
95 687 12 48.668
96 747 44 66.175
97 1165 59 55.657
98 703 30 78.367
99 455 6 95.685
100 338 37 64.612
101 779 43 5.329
102 1067 53 66.807
103 226 29 7.304
104 188 56 67.152
105 902 9 68.40
106 1355 29 26.940
107 975 20 23.705
108 643 14 94.315
109 932 32 66.894
110 25 51 48.394
111 879 56 85.871
112 588 8 42.411
113 353 54 87.139
114 352 32 27.925
115 346 56 28.752
116 377 54 93.715
117 462 36 32.736
118 1113 27 50.600
119 1427 58 62.692
120 895 53 70.49
121 1000 29 73.826
122 82 11 63.327
123 1366 6 17.190
124 886 40 15.174
125 268 35 27.111
126 1123 44 52.659
127 1075 46 65.634
128 1250 35 18.54
129 287 14 5.995
130 138 4 34.2
131 884 52 94.160
132 166 41 29.199
133 323 15 71.692
134 1237 5 43.480
135 646 14 76.196
136 413 48 50.680
137 561 56 61.362
138 688 15 85.573
139 1118 29 77.399
140 9 49 54.677
141 728 12 59.946
142 531 60 88.781
143 1231 21 97.510
144 708 29 33.282
145 1357 26 37.805
146 98 47 55.966
147 929 1 95.83
148 644 59 71.818
149 1213 30 53.979
150 588 43 35.390
151 1000 1 53.983
152 277 33 73.627
153 552 57 42.764
154 451 60 92.497
155 1125 39 88.790
156 905 3 51.949
157 812 33 11.760
158 104 38 61.676
159 516 9 18.965
160 53 53 71.523
161 1199 35 18.317
162 708 30 14.188
163 1034 45 1.778
164 237 59 29.174
165 919 55 89.400
166 1329 6 95.562
167 174 27 64.25
168 362 29 38.422
169 498 37 82.139
170 1244 2 13.205
171 546 39 42.562
172 746 51 4.535
173 703 2 5.92
174 743 36 72.555
175 614 60 13.237
176 117 18 34.405
177 365 30 52.936
178 98 36 16.39
179 541 51 26.842
180 1348 6 73.740
181 1292 35 39.857
182 1438 27 64.408
183 490 4 63.194
184 1018 4 80.576
185 1352 30 25.49
186 744 49 75.581
187 780 53 82.136
188 183 4 16.312
189 79 57 25.199
190 1236 18 82.700
191 287 25 97.87
192 535 43 96.967
193 170 2 75.562
194 901 51 71.318
195 338 19 15.269
196 228 15 47.663
197 224 58 79.66
198 1366 36 10.549
199 240 36 3.408
200 646 13 66.229
