200
1 911 12 38
2 21 29 92
3 493 10 32
4 836 19 61
5 1242 29 93
6 1177 8 27
7 581 3 10
8 884 13 41
9 805 1 3
10 734 15 48
11 1404 9 30
12 1114 30 94
13 849 16 51
14 639 1 1
15 948 30 96
16 711 13 43
17 920 20 63
18 714 27 85
19 1349 2 9
20 439 26 82
21 253 3 11
22 866 2 9
23 118 9 30
24 241 14 46
25 349 9 30
26 1185 20 64
27 1129 4 15
28 1192 30 96
29 1374 13 41
30 313 26 82
31 1070 12 40
32 1254 2 8
33 514 1 5
34 553 7 23
35 828 16 52
36 324 27 86
37 604 22 70
38 1147 15 47
39 650 18 57
40 1209 13 43
41 715 16 53
42 398 20 63
43 1416 16 53
44 1334 30 94
45 235 22 69
46 725 31 98
47 971 30 95
48 376 28 89
49 139 25 79
50 48 19 61
51 969 18 58
52 25 12 38
53 1175 29 91
54 557 1 2
55 477 21 68
56 980 29 91
57 884 8 25
58 96 7 22
59 238 8 25
60 1173 29 93
61 188 31 99
62 1231 7 24
63 53 31 98
64 491 6 20
65 1035 12 39
66 33 17 54
67 162 26 83
68 756 24 78
69 1137 17 55
70 409 1 4
71 1047 31 99
72 568 4 14
73 890 1 5
74 1222 30 96
75 437 18 57
76 985 28 88
77 1178 9 31
78 1132 24 77
79 171 11 35
80 86 1 6
81 1004 22 71
82 531 8 28
83 787 18 58
84 250 21 68
85 240 31 97
86 260 3 11
87 549 22 70
88 1229 22 70
89 448 13 42
90 110 10 32
91 346 24 78
92 1424 14 45
93 522 21 66
94 877 29 93
95 637 2 7
96 311 1 4
97 232 9 31
98 961 11 36
99 146 30 94
100 534 8 25
101 1001 2 7
102 1165 8 28
103 1130 28 88
104 1062 4 15
105 968 6 21
106 1039 17 54
107 561 2 7
108 1251 2 7
109 1385 24 77
110 601 9 31
111 141 3 12
112 263 26 84
113 89 21 67
114 555 19 60
115 551 11 35
116 413 29 93
117 25 8 27
118 305 26 82
119 1050 21 67
120 94 1 1
121 823 16 50
122 677 10 34
123 616 23 73
124 133 27 86
125 509 23 73
126 1195 5 18
127 373 29 93
128 1203 1 6
129 694 8 27
130 282 4 13
131 1397 29 91
132 1306 4 14
133 850 17 56
134 1415 16 51
135 483 17 56
136 261 25 80
137 591 6 21
138 1261 30 96
139 714 2 9
140 537 4 15
141 318 7 23
142 1261 3 12
143 1393 28 88
144 947 4 15
145 377 14 45
146 1321 12 38
147 694 11 35
148 458 26 84
149 947 9 29
150 479 8 25
151 20 10 33
152 615 30 96
153 851 29 93
154 1416 24 77
155 1117 5 18
156 611 24 75
157 362 19 62
158 509 18 57
159 1052 4 14
160 1017 15 48
161 1272 5 16
162 356 31 99
163 578 21 67
164 333 4 15
165 744 25 80
166 746 16 52
167 1030 29 93
168 1325 22 70
169 312 26 82
170 390 14 44
171 436 30 96
172 805 31 97
173 995 11 36
174 317 20 65
175 1098 25 80
176 599 24 77
177 960 26 84
178 731 20 65
179 823 12 39
180 1162 8 28
181 500 6 19
182 459 2 7
183 121 13 43
184 804 18 59
185 1110 28 89
186 572 20 64
187 919 4 15
188 612 29 93
189 1157 20 63
190 934 5 17
191 1406 1 6
192 807 10 34
193 1123 17 56
194 880 22 69
195 885 16 52
196 694 30 96
197 777 27 86
198 1071 21 68
199 1149 27 87
200 57 9 30
