200
1 789 49 54
2 83 17 66
3 996 26 39
4 977 23 75
5 448 33 18
6 578 9 97
7 195 40 33
8 1091 46 78
9 301 20 13
10 152 58 88
11 677 31 72
12 207 23 56
13 648 40 82
14 419 36 62
15 907 56 67
16 534 4 71
17 29 6 93
18 817 46 86
19 1281 1 79
20 1011 53 43
21 500 47 42
22 129 13 73
23 455 16 19
24 1113 29 12
25 165 21 66
26 1003 7 39
27 1129 19 91
28 256 36 43
29 1107 14 78
30 1121 38 37
31 912 6 77
32 789 21 74
33 496 19 24
34 388 53 24
35 68 40 85
36 533 31 9
37 184 44 97
38 267 57 20
39 80 54 11
40 1433 60 70
41 1400 26 91
42 1075 18 67
43 483 55 28
44 1392 38 54
45 1188 18 58
46 1009 43 83
47 1435 59 46
48 169 21 79
49 237 32 76
50 1291 22 25
51 498 2 94
52 556 8 91
53 452 24 22
54 682 28 8
55 207 51 19
56 1429 15 6
57 1176 41 69
58 1234 44 10
59 55 8 82
60 387 39 74
61 246 26 12
62 759 54 15
63 75 39 3
64 399 12 92
65 254 31 27
66 126 60 87
67 47 35 55
68 1271 7 34
69 144 15 10
70 1325 20 45
71 894 12 8
72 1032 30 6
73 1222 7 90
74 802 13 34
75 735 58 94
76 964 54 73
77 347 45 87
78 417 50 8
79 1385 11 21
80 702 34 33
81 241 39 57
82 1364 12 2
83 966 44 53
84 1166 56 66
85 638 42 46
86 796 54 85
87 514 10 72
88 1415 1 59
89 162 22 95
90 94 35 36
91 277 16 98
92 987 23 79
93 590 44 46
94 1209 58 82
95 1272 9 92
96 636 25 96
97 849 54 84
98 166 1 77
99 394 45 43
100 328 16 29
101 1306 29 49
102 1380 37 54
103 65 26 90
104 1163 27 99
105 1357 46 6
106 340 29 9
107 531 45 21
108 915 34 63
109 1150 39 97
110 1 57 5
111 1013 21 40
112 957 4 54
113 386 36 82
114 171 54 93
115 268 1 52
116 1390 27 41
117 7 14 2
118 5 53 87
119 1083 40 13
120 391 8 78
121 1330 13 39
122 574 45 24
123 206 31 51
124 1286 6 3
125 563 59 58
126 238 56 33
127 274 42 67
128 1333 42 45
129 236 56 20
130 571 55 3
131 87 3 27
132 1395 17 72
133 645 24 73
134 87 55 96
135 1437 39 84
136 1013 46 83
137 940 41 56
138 763 56 69
139 366 14 49
140 1203 19 2
141 284 10 35
142 683 22 48
143 192 22 80
144 74 3 35
145 336 10 75
146 593 24 51
147 1124 9 38
148 236 31 94
149 491 60 7
150 631 12 67
151 146 20 52
152 673 20 54
153 223 7 72
154 986 31 44
155 704 8 62
156 238 45 64
157 874 3 39
158 687 48 88
159 319 59 22
160 1284 37 49
161 1309 6 9
162 174 13 96
163 453 4 50
164 17 7 51
165 1140 34 38
166 919 59 63
167 1198 46 87
168 445 28 11
169 755 15 34
170 1199 50 22
171 884 13 46
172 236 5 90
173 57 58 68
174 925 49 87
175 414 8 64
176 816 17 27
177 1313 3 28
178 1277 10 14
179 406 30 49
180 741 35 20
181 215 39 63
182 304 37 52
183 1308 44 55
184 1068 32 87
185 661 54 64
186 1022 41 86
187 414 35 79
188 449 1 44
189 652 53 42
190 73 34 19
191 527 39 20
192 777 38 38
193 964 5 11
194 1058 56 6
195 136 15 17
196 84 20 2
197 919 22 21
198 305 56 84
199 944 24 65
200 783 58 68