151
1 3 1 0.99
2 5 1 0.99
3 7 1 0.99
4 9 1 0.99
5 11 1 0.99
6 13 1 0.99
7 15 1 0.99
8 17 1 0.99
9 19 1 0.99
10 21 1 0.99
11 23 1 0.99
12 25 1 0.99
13 27 1 0.99
14 29 1 0.99
15 31 1 0.99
16 33 1 0.99
17 35 1 0.99
18 37 1 0.99
19 39 1 0.99
20 41 1 0.99
21 43 1 0.99
22 45 1 0.99
23 47 1 0.99
24 49 1 0.99
25 51 1 0.99
26 53 1 0.99
27 55 1 0.99
28 57 1 0.99
29 59 1 0.99
30 61 1 0.99
31 63 1 0.99
32 65 1 0.99
33 67 1 0.99
34 69 1 0.99
35 71 1 0.99
36 73 1 0.99
37 75 1 0.99
38 77 1 0.99
39 79 1 0.99
40 81 1 0.99
41 83 1 0.99
42 85 1 0.99
43 87 1 0.99
44 89 1 0.99
45 91 1 0.99
46 93 1 0.99
47 95 1 0.99
48 97 1 0.99
49 99 1 0.99
50 101 1 0.99
51 103 1 0.99
52 105 1 0.99
53 107 1 0.99
54 109 1 0.99
55 111 1 0.99
56 113 1 0.99
57 115 1 0.99
58 117 1 0.99
59 119 1 0.99
60 121 1 0.99
61 123 1 0.99
62 125 1 0.99
63 127 1 0.99
64 129 1 0.99
65 131 1 0.99
66 133 1 0.99
67 135 1 0.99
68 137 1 0.99
69 139 1 0.99
70 141 1 0.99
71 143 1 0.99
72 145 1 0.99
73 147 1 0.99
74 149 1 0.99
75 151 1 0.99
76 153 1 0.99
77 155 1 0.99
78 157 1 0.99
79 159 1 0.99
80 161 1 0.99
81 163 1 0.99
82 165 1 0.99
83 167 1 0.99
84 169 1 0.99
85 171 1 0.99
86 173 1 0.99
87 175 1 0.99
88 177 1 0.99
89 179 1 0.99
90 181 1 0.99
91 183 1 0.99
92 185 1 0.99
93 187 1 0.99
94 189 1 0.99
95 191 1 0.99
96 193 1 0.99
97 195 1 0.99
98 197 1 0.99
99 199 1 0.99
100 201 1 0.99
101 203 1 0.99
102 205 1 0.99
103 207 1 0.99
104 209 1 0.99
105 211 1 0.99
106 213 1 0.99
107 215 1 0.99
108 217 1 0.99
109 219 1 0.99
110 221 1 0.99
111 223 1 0.99
112 225 1 0.99
113 227 1 0.99
114 229 1 0.99
115 231 1 0.99
116 233 1 0.99
117 235 1 0.99
118 237 1 0.99
119 239 1 0.99
120 241 1 0.99
121 243 1 0.99
122 245 1 0.99
123 247 1 0.99
124 249 1 0.99
125 251 1 0.99
126 253 1 0.99
127 255 1 0.99
128 257 1 0.99
129 259 1 0.99
130 261 1 0.99
131 263 1 0.99
132 265 1 0.99
133 267 1 0.99
134 269 1 0.99
135 271 1 0.99
136 273 1 0.99
137 275 1 0.99
138 277 1 0.99
139 279 1 0.99
140 281 1 0.99
141 283 1 0.99
142 285 1 0.99
143 287 1 0.99
144 289 1 0.99
145 291 1 0.99
146 293 1 0.99
147 295 1 0.99
148 297 1 0.99
149 299 1 0.99
150 1310 1 0.99
151 1417 1 0.99