200
1 342 8 59
2 485 29 98
3 1014 50 41
4 558 34 67
5 164 50 26
6 1329 48 28
7 576 50 77
8 234 15 56
9 162 5 25
10 1134 36 90
11 820 16 91
12 554 56 26
13 1405 39 2
14 1301 48 74
15 457 36 50
16 511 13 38
17 849 35 14
18 185 4 4
19 324 58 98
20 793 52 68
21 726 29 26
22 342 51 31
23 1194 12 41
24 875 30 17
25 447 19 1
26 577 38 38
27 625 53 41
28 291 42 20
29 413 10 12
30 417 21 29
31 916 1 17
32 430 58 30
33 1172 37 99
34 772 46 39
35 801 18 7
36 1054 32 66
37 322 42 65
38 210 57 96
39 1005 54 75
40 110 38 82
41 899 48 67
42 925 40 33
43 1230 12 14
44 770 35 22
45 818 21 63
46 499 43 64
47 1040 25 27
48 431 27 74
49 983 18 56
50 619 23 50
51 459 3 21
52 472 45 79
53 546 58 83
54 1254 55 51
55 664 58 64
56 1064 46 70
57 382 9 10
58 240 53 98
59 719 48 93
60 479 2 53
61 107 42 77
62 1143 38 20
63 373 49 81
64 1426 20 78
65 468 41 84
66 455 40 89
67 152 1 79
68 664 49 59
69 1066 57 46
70 635 8 36
71 273 43 73
72 647 34 79
73 782 7 92
74 831 4 72
75 215 25 50
76 78 45 74
77 1056 34 2
78 301 52 39
79 627 52 16
80 135 13 4
81 447 7 69
82 754 7 95
83 1127 32 13
84 1401 46 72
85 388 35 74
86 319 7 76
87 148 5 88
88 629 43 99
89 267 22 53
90 292 51 54
91 1272 1 36
92 149 44 86
93 747 7 66
94 596 42 82
95 623 42 33
96 718 8 14
97 753 38 12
98 928 28 6
99 156 59 32
100 698 40 57
101 1116 8 22
102 1438 55 46
103 219 35 93
104 1351 53 4
105 381 43 6
106 1312 8 62
107 1224 27 32
108 503 26 83
109 743 17 72
110 1015 53 12
111 135 32 31
112 495 4 18
113 516 2 45
114 471 20 81
115 1193 11 88
116 525 48 68
117 1435 26 92
118 1072 21 73
119 455 59 23
120 1173 8 48
121 1098 24 25
122 1044 38 47
123 192 22 3
124 322 38 15
125 1341 45 28
126 784 20 43
127 432 27 2
128 908 24 54
129 1291 55 66
130 184 10 88
131 909 44 63
132 1089 25 87
133 1413 48 57
134 379 58 53
135 1379 21 49
136 392 46 93
137 241 27 5
138 664 23 4
139 1265 6 82
140 907 15 70
141 1159 22 33
142 464 36 82
143 554 3 99
144 1394 53 90
145 391 19 94
146 425 14 57
147 307 42 27
148 1198 10 2
149 239 26 22
150 120 33 20
151 1406 18 5
152 101 22 34
153 165 8 88
154 1265 1 53
155 1265 54 34
156 323 40 30
157 727 52 83
158 1130 2 4
159 435 55 7
160 473 59 22
161 443 51 23
162 200 58 72
163 544 33 39
164 1437 17 13
165 293 12 65
166 190 33 44
167 726 57 4
168 580 39 31
169 311 18 55
170 417 34 33
171 803 35 34
172 401 33 3
173 51 6 52
174 529 10 60
175 891 17 75
176 483 7 41
177 351 40 56
178 1248 24 22
179 163 29 14
180 191 15 35
181 1379 59 98
182 636 59 20
183 1053 41 55
184 1121 8 90
185 1057 52 25
186 173 51 56
187 252 28 51
188 355 43 45
189 316 46 71
190 133 49 91
191 1021 28 39
192 451 36 95
193 31 3 14
194 1431 45 16
195 405 31 76
196 1362 25 59
197 515 38 86
198 1005 12 39
199 1092 31 34
200 79 40 89
