200
1 847 44 83.447
2 403 49 17.720
3 902 19 9.313
4 756 59 66.631
5 736 13 21.980
6 150 48 5.751
7 636 53 75.583
8 1089 37 96.703
9 717 43 54.823
10 759 34 52.506
11 346 15 23.010
12 668 35 10.048
13 1244 30 63.381
14 938 51 97.043
15 1024 19 49.881
16 419 52 5.814
17 132 15 59.969
18 851 41 64.815
19 1021 5 83.075
20 1024 33 96.987
21 996 19 70.303
22 330 41 29.041
23 918 15 9.409
24 1329 39 87.879
25 936 46 17.702
26 1235 19 61.980
27 298 44 33.127
28 1070 30 47.747
29 1147 56 12.959
30 517 8 43.475
31 1440 2 37.641
32 1440 1 7.680
33 1331 23 49.475
34 1035 35 66.897
35 1181 21 75.048
36 1433 9 25.149
37 1069 18 63.233
38 474 21 64.327
39 886 49 66.142
40 248 9 63.911
41 1028 22 85.886
42 1378 5 25.747
43 69 27 25.085
44 524 55 83.783
45 1389 52 93.424
46 380 8 62.387
47 683 3 98.448
48 921 49 72.030
49 125 27 46.056
50 909 43 91.408
51 609 23 45.127
52 1284 24 13.018
53 935 4 46.796
54 1147 18 42.647
55 809 27 19.103
56 1368 51 15.199
57 522 5 17.496
58 1330 58 40.675
59 973 37 18.760
60 245 12 39.978
61 322 53 92.529
62 990 38 69.297
63 548 5 71.301
64 595 49 68.246
65 1090 26 90.418
66 1135 23 68.992
67 63 12 23.107
68 266 51 63.862
69 591 40 20.443
70 1212 3 64.771
71 292 40 59.721
72 701 8 50.501
73 1355 43 80.594
74 598 38 88.329
75 957 18 99.594
76 525 18 3.995
77 460 60 36.800
78 1198 1 76.800
79 562 33 52.167
80 1129 13 77.234
81 753 7 79.481
82 361 30 86.752
83 933 8 21.632
84 194 52 26.405
85 1302 10 81.791
86 132 60 38.697
87 608 22 53.633
88 675 28 10.731
89 385 48 96.649
90 68 19 61.052
91 1201 3 23.521
92 1332 48 93.897
93 215 43 12.184
94 1138 31 50.521
95 1297 27 28.710
96 1398 38 60.213
97 1363 3 51.669
98 106 50 81.140
99 459 39 65.970
100 505 45 9.011
101 186 58 84.628
102 737 13 93.191
103 992 59 89.175
104 911 38 4.111
105 1111 21 23.321
106 324 32 62.953
107 110 9 45.607
108 146 19 65.637
109 1139 38 92.110
110 64 3 88.493
111 1218 20 7.822
112 1222 48 53.382
113 1097 42 63.481
114 521 24 93.570
115 1324 47 51.825
116 364 4 89.804
117 410 12 45.094
118 431 20 28.165
119 970 7 16.706
120 1261 13 67.628
121 585 37 85.299
122 1398 8 56.364
123 157 39 93.641
124 99 47 18.968
125 1160 49 27.572
126 387 44 12.697
127 1341 24 53.441
128 1151 52 93.471
129 976 31 47.592
130 739 25 64.687
131 864 9 98.668
132 955 24 76.359
133 244 9 47.439
134 404 39 2.372
135 1243 29 28.971
136 874 60 17.315
137 986 4 56.924
138 699 34 43.449
139 256 60 34.502
140 610 27 55.089
141 1108 10 15.320
142 359 36 24.441
143 832 40 67.619
144 1179 14 34.684
145 1317 46 75.247
146 1045 44 93.291
147 496 3 44.009
148 1014 50 57.349
149 678 37 83.392
150 1080 50 41.742
151 424 3 5.511
152 69 24 78.174
153 742 19 87.651
154 1399 4 35.747
155 844 25 66.721
156 156 52 75.359
157 481 31 5.141
158 722 28 38.659
159 1156 24 40.058
160 1031 26 95.474
161 121 40 79.574
162 646 53 97.233
163 132 49 36.741
164 207 23 14.958
165 645 50 88.829
166 923 17 80.237
167 928 10 55.740
168 653 41 58.351
169 783 20 53.042
170 1309 3 94.243
171 1440 18 76.075
172 113 24 83.344
173 129 11 66.377
174 615 17 64.345
175 1238 18 15.609
176 886 50 5.821
177 546 33 29.205
178 89 46 25.394
179 373 24 94.837
180 174 47 63.041
181 49 16 81.967
182 1113 26 80.797
183 686 3 48.184
184 433 8 76.416
185 1321 44 86.010
186 1177 9 95.919
187 1256 56 96.701
188 1330 37 10.501
189 1285 26 44.122
190 1303 17 24.086
191 1327 21 77.884
192 65 31 42.063
193 1382 17 92.806
194 1188 3 87.593
195 259 33 38.911
196 295 47 35.442
197 386 32 81.366
198 436 3 47.026
199 1056 10 31.960
200 1026 40 51.417
