180
1 467 26 25.161
2 1271 49 82.207
3 1195 39 38.773
4 762 51 92.366
5 227 11 22.242
6 967 18 95.882
7 398 3 85.862
8 709 39 98.38
9 931 46 25.765
10 899 53 94.791
11 301 25 50.724
12 995 1 11.375
13 1100 34 53.291
14 290 45 7.123
15 16 15 8.321
16 614 48 18.207
17 921 32 22.903
18 1301 55 62.497
19 485 38 97.96
20 1180 2 20.655
21 1083 20 13.396
22 120 20 60.488
23 755 39 31.47
24 568 33 96.62
25 1274 7 42.741
26 691 42 44.601
27 478 32 42.747
28 946 53 39.968
29 409 30 41.606
30 147 43 47.429
31 321 33 7.231
32 1106 34 48.109
33 650 2 85.568
34 450 22 74.352
35 646 2 17.935
36 662 22 71.166
37 1380 37 72.74
38 952 23 79.974
39 1142 2 23.037
40 70 13 21.653
41 380 47 28.51
42 233 29 31.886
43 824 51 10.689
44 98 27 82.669
45 392 35 65.103
46 693 37 98.905
47 1310 24 9.532
48 255 44 33.456
49 103 1 48.686
50 1321 32 42.101
51 320 36 72.068
52 1167 20 95.011
53 623 44 88.772
54 1310 39 79.812
55 1128 39 11.889
56 665 46 47.038
57 1148 21 86.101
58 422 51 65.889
59 214 57 34.179
60 937 2 72.111
61 1043 4 69.415
62 1045 1 67.089
63 528 17 5.582
64 1181 21 47.259
65 1283 58 81.613
66 10 35 0.557
67 813 30 14.491
68 906 13 85.876
69 635 37 4.861
70 233 24 34.716
71 563 50 76.188
72 464 19 46.218
73 231 32 74.791
74 1220 39 64.484
75 928 27 17.851
76 314 3 98.6
77 316 28 20.374
78 1386 45 30.59
79 534 35 14.294
80 204 36 63.462
81 809 50 39.406
82 498 46 93.498
83 1285 48 69.372
84 4 5 75.392
85 253 43 66.454
86 930 13 63.651
87 996 52 48.363
88 953 58 59.678
89 1072 42 35.828
90 875 3 78.554
91 275 36 22.106
92 564 41 42.297
93 1196 18 97.997
94 319 22 50.518
95 403 6 79.319
96 1076 1 94.283
97 67 41 73.687
98 1254 3 15.644
99 442 50 63.355
100 891 52 27.798
101 565 11 31.651
102 388 54 60.804
103 420 2 8.876
104 299 12 30.303
105 527 51 51.971
106 982 5 36.989
107 223 46 99.082
108 484 11 32.532
109 114 51 52.504
110 1338 46 46.425
111 1104 39 3.226
112 669 38 84.363
113 853 13 81.602
114 1097 3 37.153
115 834 43 43.859
116 921 2 52.567
117 816 31 58.344
118 1210 2 31.469
119 391 14 97.254
120 687 5 36.807
121 1242 30 77.765
122 1025 1 79.785
123 228 20 59.181
124 218 22 43.379
125 314 47 11.85
126 406 29 47.174
127 865 24 91.958
128 70 28 86.02
129 1089 36 19.174
130 819 13 94.779
131 776 21 90.31
132 727 4 73.525
133 503 56 85.595
134 453 39 49.901
135 619 2 7.337
136 634 30 15.682
137 979 31 31.685
138 1198 4 42.609
139 86 49 2.465
140 836 44 4.54
141 95 22 95.056
142 289 22 21.215
143 1378 12 48.428
144 1029 22 30.958
145 618 3 82.015
146 413 48 27.166
147 1346 21 57.923
148 558 15 23.551
149 1405 31 63.752
150 1389 35 14.081
151 236 59 65.013
152 935 32 3.522
153 1391 57 22.443
154 517 59 40.617
155 1439 17 43.333
156 189 36 79.631
157 306 32 56.01
158 404 17 57.67
159 566 28 65.203
160 852 37 2.29
161 1166 4 53.798
162 802 53 26.766
163 178 28 29.124
164 1157 48 61.326
165 1344 28 84.487
166 119 4 34.4
167 49 35 64.557
168 1323 54 32.688
169 374 1 6.138
170 1029 58 8.227
171 57 44 98.175
172 290 3 28.141
173 1438 17 4.618
174 590 30 48.657
175 1437 54 5.487
176 68 30 32.004
177 280 32 35.394
178 1016 18 98.073
179 476 41 17.37
180 890 27 22.15
