175
1 115 55 70
2 837 15 40
3 978 26 21
4 448 37 56
5 814 57 70
6 1178 1 99
7 71 35 16
8 724 45 70
9 937 3 23
10 206 57 4
11 1213 26 46
12 601 20 37
13 485 9 21
14 910 52 92
15 333 4 77
16 1225 50 69
17 741 13 91
18 107 34 13
19 240 48 64
20 712 40 45
21 25 15 57
22 537 6 35
23 528 14 68
24 1224 27 4
25 817 13 23
26 1003 21 95
27 864 52 80
28 12 60 6
29 1069 11 81
30 91 43 36
31 120 51 72
32 126 40 9
33 563 34 76
34 1357 49 89
35 474 3 67
36 1356 17 96
37 978 49 56
38 619 46 48
39 1424 23 32
40 435 26 1
41 1339 11 22
42 1346 8 6
43 1341 57 76
44 171 31 89
45 15 15 68
46 883 19 67
47 285 31 63
48 835 46 94
49 337 16 20
50 839 15 42
51 606 17 18
52 1001 41 64
53 114 2 75
54 626 39 18
55 216 52 10
56 919 25 68
57 631 40 61
58 1266 38 3
59 1320 44 4
60 401 42 20
61 1159 13 85
62 62 11 61
63 208 55 89
64 665 7 49
65 165 52 79
66 1326 24 7
67 780 1 92
68 821 35 12
69 342 3 25
70 1259 40 51
71 1322 17 50
72 1240 41 14
73 410 49 88
74 795 38 60
75 364 18 53
76 568 1 60
77 65 48 39
78 1161 51 35
79 1252 59 91
80 783 51 9
81 1132 58 2
82 644 18 76
83 1295 18 99
84 647 46 42
85 852 41 53
86 278 19 7
87 614 4 54
88 623 10 4
89 181 42 95
90 675 32 60
91 184 31 38
92 390 38 63
93 1285 10 1
94 264 58 27
95 878 22 75
96 174 34 40
97 1365 21 35
98 491 20 71
99 871 3 48
100 283 18 56
101 1372 55 22
102 239 46 45
103 45 19 1
104 1024 42 11
105 949 50 21
106 1070 33 89
107 1130 2 8
108 993 3 26
109 845 30 86
110 249 46 73
111 831 19 47
112 98 37 22
113 1132 41 15
114 718 54 38
115 967 33 62
116 1039 13 17
117 208 6 85
118 1102 35 19
119 574 36 40
120 422 35 7
121 108 48 14
122 1071 8 40
123 126 5 9
124 826 46 20
125 427 6 30
126 9 54 45
127 1092 59 15
128 1371 49 55
129 953 26 67
130 974 50 40
131 851 21 80
132 458 2 58
133 682 18 32
134 1165 59 58
135 282 21 59
136 2 43 96
137 952 7 72
138 434 54 42
139 732 14 50
140 173 5 83
141 196 22 70
142 1258 15 60
143 79 21 62
144 1227 27 29
145 941 25 67
146 1256 30 83
147 228 18 94
148 476 57 60
149 3 55 35
150 494 6 51
151 187 55 68
152 1373 34 18
153 44 56 14
154 600 40 35
155 1307 54 39
156 1085 44 85
157 300 33 60
158 455 30 78
159 1145 26 96
160 204 53 23
161 339 58 91
162 782 52 72
163 1248 39 57
164 768 35 45
165 1105 25 65
166 314 41 21
167 835 26 11
168 632 41 23
169 855 15 56
170 654 53 2
171 950 42 81
172 435 1 68
173 1190 53 90
174 44 19 81
175 372 42 44
