170
1 690 57 70
2 758 15 87
3 465 11 87
4 506 11 86
5 1413 25 83
6 395 2 72
7 781 14 25
8 520 46 11
9 1057 50 27
10 400 3 10
11 635 29 4
12 923 33 7
13 423 26 38
14 80 32 14
15 8 5 93
16 226 49 64
17 182 58 16
18 87 43 59
19 212 47 84
20 422 6 42
21 132 46 72
22 372 21 52
23 637 39 70
24 727 57 70
25 1207 32 80
26 729 32 34
27 357 41 20
28 793 43 68
29 426 6 70
30 345 5 74
31 958 57 92
32 1216 13 22
33 877 22 31
34 714 6 27
35 1358 14 67
36 997 46 6
37 972 32 67
38 362 18 95
39 99 52 54
40 1420 5 97
41 700 17 29
42 1336 47 6
43 1203 54 27
44 893 34 24
45 104 3 18
46 722 27 48
47 172 15 41
48 445 30 82
49 367 3 35
50 915 54 29
51 7 7 95
52 1330 57 41
53 587 26 35
54 384 11 98
55 246 10 96
56 207 47 37
57 1108 8 51
58 1071 35 46
59 978 42 99
60 968 53 85
61 1173 25 42
62 507 44 91
63 303 51 74
64 163 22 12
65 303 42 75
66 248 47 95
67 937 11 89
68 1096 32 6
69 962 60 99
70 625 11 82
71 1282 11 15
72 952 18 53
73 919 3 40
74 1394 47 16
75 573 4 4
76 1388 52 49
77 619 11 42
78 297 37 45
79 776 48 23
80 178 36 93
81 46 24 57
82 1370 1 56
83 52 9 25
84 1040 22 20
85 531 40 83
86 329 41 86
87 338 12 59
88 191 52 67
89 452 24 88
90 760 52 54
91 689 12 76
92 285 52 35
93 460 51 16
94 260 24 32
95 661 35 20
96 1419 53 36
97 824 20 27
98 1384 41 61
99 52 21 91
100 470 36 11
101 743 51 33
102 576 47 92
103 209 18 22
104 1293 53 64
105 936 25 40
106 316 14 44
107 514 18 33
108 620 38 14
109 662 20 60
110 1345 8 42
111 72 44 85
112 773 30 70
113 34 3 82
114 916 21 20
115 1262 44 70
116 809 38 51
117 521 44 18
118 20 8 68
119 1032 50 46
120 526 13 96
121 733 12 11
122 325 16 7
123 340 53 29
124 1401 42 26
125 933 28 60
126 1042 59 73
127 1343 54 43
128 606 41 31
129 336 1 8
130 78 12 64
131 925 16 96
132 992 24 84
133 580 43 36
134 698 23 24
135 1033 46 40
136 331 24 71
137 879 29 67
138 1047 55 37
139 1423 53 59
140 797 35 45
141 665 34 8
142 53 37 40
143 1180 32 93
144 1418 47 79
145 704 40 37
146 728 38 79
147 861 22 76
148 81 11 91
149 1147 31 87
150 279 9 93
151 668 9 49
152 1219 37 53
153 894 2 43
154 58 47 30
155 1112 20 67
156 1176 52 62
157 1362 27 43
158 1433 6 53
159 1020 48 36
160 922 5 6
161 490 46 57
162 466 31 10
163 1049 44 13
164 1054 33 82
165 142 13 81
166 179 45 40
167 398 7 48
168 1058 20 41
169 992 37 72
170 1236 6 53
