152
1 373 10 43
2 1420 60 25
3 310 20 48
4 746 42 71
5 1381 5 34
6 726 43 18
7 1277 27 91
8 610 33 21
9 841 45 36
10 529 36 12
11 917 12 38
12 923 26 56
13 1144 39 67
14 318 17 77
15 1181 59 96
16 727 15 31
17 351 2 57
18 846 41 34
19 137 15 98
20 1383 56 22
21 37 48 76
22 152 12 11
23 1342 30 83
24 1422 33 5
25 432 31 78
26 1137 50 3
27 256 18 98
28 639 11 59
29 100 23 4
30 126 21 81
31 676 3 62
32 459 45 18
33 1346 26 62
34 816 53 95
35 864 25 33
36 786 12 43
37 302 49 35
38 22 55 81
39 153 36 27
40 608 42 70
41 40 4 77
42 986 38 52
43 9 13 24
44 763 9 59
45 1364 42 6
46 887 23 38
47 390 34 59
48 777 2 51
49 633 51 5
50 51 14 3
51 836 48 81
52 239 18 51
53 780 3 87
54 1189 34 31
55 658 37 39
56 340 55 75
57 1411 36 59
58 610 41 10
59 477 13 13
60 1226 4 44
61 1309 36 98
62 1007 45 97
63 1066 41 61
64 214 5 62
65 668 28 81
66 587 6 59
67 146 41 46
68 318 12 42
69 618 59 64
70 986 18 49
71 425 18 46
72 840 22 75
73 989 56 35
74 967 3 46
75 67 21 51
76 1030 46 33
77 928 17 20
78 806 49 86
79 885 59 52
80 656 33 69
81 33 49 85
82 700 9 48
83 381 1 36
84 276 60 52
85 561 18 61
86 846 6 33
87 941 51 27
88 613 41 44
89 998 50 24
90 229 55 63
91 258 43 60
92 433 17 68
93 1354 6 61
94 1411 48 41
95 1054 23 78
96 1063 59 14
97 1118 42 11
98 653 38 67
99 1147 17 35
100 188 25 53
101 288 15 64
102 221 57 29
103 359 38 85
104 313 60 63
105 1425 24 90
106 1248 56 77
107 323 35 17
108 1136 11 58
109 1180 57 4
110 506 55 64
111 1227 16 95
112 115 2 54
113 1277 38 14
114 450 1 20
115 1037 44 96
116 325 53 51
117 989 50 99
118 238 58 51
119 9 12 63
120 1187 43 88
121 154 49 83
122 815 47 46
123 729 45 41
124 1133 46 5
125 755 41 7
126 1367 25 17
127 125 26 12
128 944 4 40
129 85 57 19
130 922 9 55
131 893 55 14
132 491 43 97
133 355 54 55
134 450 6 36
135 461 60 84
136 855 21 21
137 22 53 76
138 1081 56 93
139 314 46 61
140 551 24 8
141 1105 43 41
142 421 48 85
143 512 23 16
144 1091 21 58
145 536 23 1
146 175 5 67
147 554 44 15
148 221 48 58
149 413 43 69
150 579 28 83
151 173 50 74
152 994 22 47
