161
1 429 45 30
2 194 6 90
3 1302 42 96
4 419 60 50
5 184 56 58
6 198 30 11
7 1166 5 2
8 342 17 33
9 1223 36 79
10 1178 37 70
11 919 40 63
12 197 27 2
13 1172 1 77
14 925 13 91
15 1041 55 61
16 776 50 43
17 966 8 4
18 1276 32 41
19 369 53 53
20 47 41 45
21 458 11 43
22 83 6 21
23 1297 19 54
24 842 12 64
25 91 48 57
26 1297 7 84
27 374 42 79
28 1011 28 21
29 886 35 12
30 891 47 32
31 594 38 87
32 821 14 4
33 473 13 16
34 278 51 70
35 412 52 17
36 1089 24 97
37 742 51 91
38 111 27 73
39 690 45 9
40 901 36 81
41 1365 36 54
42 12 1 89
43 603 54 37
44 1239 15 17
45 1354 55 85
46 700 52 43
47 790 30 46
48 840 30 98
49 22 37 65
50 151 13 19
51 1002 23 46
52 374 38 19
53 1363 24 1
54 480 8 41
55 693 45 55
56 452 23 50
57 932 38 44
58 336 44 77
59 141 23 15
60 535 18 65
61 1375 4 52
62 559 36 80
63 209 30 83
64 537 6 39
65 328 5 18
66 725 41 93
67 1388 33 71
68 1330 56 26
69 427 51 51
70 260 32 7
71 178 21 24
72 551 40 99
73 1340 9 55
74 724 9 7
75 1333 14 6
76 344 60 11
77 1316 9 28
78 1066 26 12
79 379 33 43
80 1171 39 1
81 965 13 78
82 1327 43 47
83 950 58 44
84 1293 40 93
85 877 59 80
86 876 26 37
87 1295 24 61
88 568 19 29
89 534 3 62
90 62 33 82
91 514 29 31
92 544 28 70
93 1312 21 59
94 761 57 3
95 754 49 95
96 1322 37 69
97 737 8 52
98 470 36 71
99 530 46 98
100 722 35 95
101 396 4 40
102 434 46 86
103 706 19 39
104 1132 15 33
105 187 22 64
106 475 25 35
107 328 9 75
108 1174 57 38
109 514 2 85
110 1211 36 88
111 291 13 74
112 1072 38 1
113 937 1 36
114 107 54 30
115 1379 9 12
116 198 30 54
117 282 3 54
118 207 10 44
119 932 25 43
120 159 40 11
121 1222 22 26
122 547 22 66
123 678 45 13
124 1064 4 81
125 589 27 57
126 880 5 29
127 869 49 3
128 346 34 15
129 894 33 42
130 1030 60 31
131 100 8 68
132 1218 16 98
133 886 16 70
134 139 37 49
135 229 30 80
136 210 17 77
137 938 5 16
138 392 27 97
139 883 36 73
140 261 60 50
141 781 8 49
142 299 20 50
143 1400 41 24
144 1254 43 10
145 551 42 7
146 1440 32 85
147 97 53 64
148 666 34 76
149 47 4 7
150 509 27 95
151 1283 18 17
152 1053 45 13
153 1285 10 81
154 225 48 88
155 1298 53 68
156 1038 51 38
157 476 7 7
158 360 15 8
159 60 50 60
160 607 14 39
161 845 38 3
