200
1 944 5 29.0
2 1037 8 59.0
3 1237 13 51.0
4 1193 30 64.0
5 514 35 73.0
6 1314 45 37.0
7 573 8 79.0
8 953 34 75.0
9 267 34 33.0
10 427 29 99.0
11 909 26 92.0
12 1341 58 3.0
13 1241 29 50.0
14 730 18 9.0
15 656 54 85.0
16 95 33 79.0
17 53 55 24.0
18 1243 38 23.0
19 417 1 51.0
20 531 24 81.0
21 1231 54 31.0
22 45 27 36.0
23 691 39 7.0
24 644 56 24.0
25 809 27 6.0
26 1157 26 20.0
27 104 26 27.0
28 1194 38 8.0
29 423 13 60.0
30 638 42 79.0
31 1340 28 99.0
32 225 46 22.0
33 526 23 64.0
34 469 17 78.0
35 846 7 27.0
36 1353 35 77.0
37 706 48 39.0
38 1291 53 44.0
39 70 26 52.0
40 575 59 25.0
41 892 29 80.0
42 1140 18 35.0
43 787 43 50.0
44 614 37 11.0
45 1020 2 98.0
46 1016 14 19.0
47 672 43 72.0
48 1096 51 22.0
49 1282 28 51.0
50 140 43 8.0
51 954 28 2.0
52 853 59 85.0
53 644 32 86.0
54 349 15 83.0
55 750 30 9.0
56 95 57 78.0
57 1270 39 54.0
58 536 45 58.0
59 1346 52 68.0
60 527 15 51.0
61 1334 14 18.0
62 1124 14 32.0
63 1357 30 93.0
64 868 29 69.0
65 986 32 12.0
66 182 18 15.0
67 320 21 50.0
68 427 33 53.0
69 118 2 46.0
70 781 42 77.0
71 31 33 1.0
72 1317 3 44.0
73 890 14 61.0
74 544 55 42.0
75 164 30 30.0
76 841 47 35.0
77 1209 20 24.0
78 945 6 46.0
79 1036 51 39.0
80 733 41 19.0
81 297 17 51.0
82 1270 42 28.0
83 513 58 64.0
84 1194 39 71.0
85 183 15 18.0
86 723 27 91.0
87 96 20 42.0
88 1259 29 41.0
89 1407 31 94.0
90 562 36 59.0
91 1115 41 98.0
92 1048 37 19.0
93 1187 43 91.0
94 1158 23 19.0
95 240 55 35.0
96 309 59 21.0
97 507 11 23.0
98 983 53 63.0
99 1286 11 73.0
100 692 2 28.0
101 734 20 4.0
102 110 41 87.0
103 17 30 71.0
104 1335 19 2.0
105 809 57 71.0
106 1233 26 16.0
107 1042 57 47.0
108 775 6 7.0
109 1178 41 51.0
110 312 49 75.0
111 141 57 87.0
112 6 24 24.0
113 111 18 43.0
114 594 4 70.0
115 1250 46 1.0
116 446 13 28.0
117 334 6 62.0
118 625 1 67.0
119 444 36 64.0
120 1168 40 96.0
121 237 33 1.0
122 1166 14 42.0
123 968 13 54.0
124 1078 48 5.0
125 160 46 77.0
126 730 50 92.0
127 1247 47 2.0
128 642 8 16.0
129 613 17 84.0
130 317 15 31.0
131 1343 41 16.0
132 754 21 43.0
133 906 15 91.0
134 1063 60 92.0
135 1313 5 83.0
136 108 25 5.0
137 1063 39 53.0
138 343 47 2.0
139 1243 48 67.0
140 238 49 36.0
141 536 17 56.0
142 917 9 60.0
143 598 53 66.0
144 503 4 11.0
145 472 5 67.0
146 1005 31 14.0
147 369 22 94.0
148 750 19 59.0
149 1229 34 19.0
150 387 19 59.0
151 144 60 10.0
152 131 38 38.0
153 440 55 61.0
154 388 8 48.0
155 849 49 27.0
156 680 60 21.0
157 1343 12 47.0
158 1032 9 27.0
159 948 18 8.0
160 1005 28 60.0
161 634 52 2.0
162 1289 42 53.0
163 1158 49 3.0
164 900 29 89.0
165 1159 53 47.0
166 679 4 79.0
167 386 36 55.0
168 330 43 98.0
169 1207 7 5.0
170 506 24 18.0
171 113 19 28.0
172 600 59 55.0
173 482 41 75.0
174 140 36 2.0
175 1235 59 54.0
176 918 27 11.0
177 419 37 94.0
178 276 30 6.0
179 252 13 66.0
180 168 57 8.0
181 775 56 61.0
182 1173 16 10.0
183 220 60 87.0
184 716 47 6.0
185 1263 22 86.0
186 1153 6 34.0
187 114 27 83.0
188 581 54 68.0
189 894 44 97.0
190 375 3 58.0
191 990 4 88.0
192 440 8 69.0
193 1167 28 72.0
194 1307 56 91.0
195 1233 33 39.0
196 786 44 81.0
197 553 60 49.0
198 1315 27 94.0
199 336 46 35.0
200 1380 18 24.0
