183
1 292 1 11.644
2 33 18 27.785
3 569 10 11.783
4 143 40 8.487
5 1074 23 32.605
6 733 7 67.896
7 341 4 78.113
8 1231 12 87.106
9 563 3 95.78
10 1242 60 30.776
11 444 32 50.061
12 768 54 47.128
13 471 16 35.99
14 1430 59 28.172
15 1109 52 15.967
16 1254 18 32.373
17 342 24 72.142
18 563 24 14.234
19 1157 20 11.227
20 232 13 14.412
21 1084 51 46.973
22 1435 60 80.02
23 747 19 8.162
24 870 1 37.436
25 1145 23 52.752
26 733 14 24.005
27 631 2 87.194
28 912 56 92.229
29 1250 16 0.706
30 45 35 61.524
31 1247 33 41.809
32 89 60 19.756
33 1033 25 58.216
34 967 42 61.924
35 519 8 84.055
36 893 7 32.979
37 1019 28 41.366
38 593 54 47.646
39 944 42 17.972
40 966 15 56.739
41 1432 1 20.55
42 560 38 50.305
43 1006 24 0.2
44 707 30 53.325
45 913 36 35.104
46 105 5 78.783
47 1157 28 35.167
48 489 28 15.431
49 582 25 81.814
50 1265 13 60.168
51 1153 36 46.745
52 1420 27 28.273
53 258 25 48.981
54 696 60 92.523
55 648 46 60.983
56 143 38 12.314
57 167 27 48.953
58 345 26 84.842
59 272 35 72.874
60 1351 44 99.722
61 1378 41 3.672
62 755 45 59.491
63 802 6 97.234
64 366 40 19.825
65 971 46 14.772
66 71 20 39.695
67 39 16 46.672
68 1105 49 68.464
69 904 17 74.323
70 156 47 78.183
71 945 33 31.051
72 1052 33 90.636
73 696 29 25.473
74 293 38 31.896
75 263 30 11.377
76 572 23 3.926
77 13 1 92.274
78 245 1 2.034
79 1273 43 97.202
80 292 29 66.061
81 1352 27 32.512
82 933 22 48.105
83 916 48 60.796
84 1347 23 52.948
85 1030 60 52.132
86 1193 11 86.863
87 1074 60 58.277
88 934 13 30.548
89 1351 1 96.852
90 1031 52 90.129
91 36 19 82.962
92 579 34 60.421
93 476 51 70.052
94 584 8 30.75
95 966 16 92.484
96 330 38 40.342
97 1366 20 82.407
98 1288 60 76.197
99 103 22 37.731
100 122 43 31.681
101 1292 11 84.407
102 1174 50 59.9
103 156 29 35.616
104 1342 19 42.442
105 935 54 53.517
106 246 5 64.096
107 213 14 40.532
108 1264 42 54.694
109 730 60 46.522
110 1043 29 38.743
111 666 40 99.86
112 610 15 6.016
113 157 31 63.954
114 51 48 16.307
115 385 45 21.258
116 88 17 64.324
117 106 56 44.531
118 1401 57 29.788
119 37 4 87.626
120 956 41 72.087
121 485 25 34.625
122 1128 45 58.033
123 1367 1 33.97
124 734 44 11.88
125 918 43 50.597
126 350 52 6.015
127 1270 23 48.034
128 610 16 54.882
129 962 51 82.547
130 482 38 63.668
131 903 27 44.839
132 352 28 99.304
133 1090 31 74.395
134 506 36 70.677
135 1235 35 52.023
136 1230 26 71.576
137 845 30 46.284
138 1403 37 38.329
139 49 1 56.395
140 666 52 1.664
141 329 46 20.395
142 257 51 82.63
143 637 36 88.5
144 462 20 16.459
145 72 1 6.707
146 628 8 18.012
147 603 35 56.388
148 265 23 2.061
149 946 47 95.494
150 730 43 50.208
151 1164 11 32.164
152 851 54 85.987
153 466 35 88.24
154 627 17 11.663
155 378 29 35.284
156 1143 20 14.819
157 1099 53 83.47
158 979 50 34.96
159 184 33 10.126
160 245 59 59.786
161 1416 59 54.978
162 451 1 7.66
163 549 1 51.738
164 747 58 48.013
165 131 60 92.697
166 574 1 96.431
167 1319 36 20.497
168 576 23 65.395
169 851 1 75.073
170 1418 1 26.635
171 764 23 48.431
172 128 60 49.474
173 1265 5 23.471
174 1372 1 47.5
175 1129 51 73.199
176 1300 38 80.036
177 879 45 50.862
178 694 24 7.534
179 749 25 34.813
180 951 51 16.207
181 98 12 44.909
182 1201 34 74.006
183 382 46 42.629
