190
1 752 5 76
2 613 41 75
3 1255 25 78
4 43 15 82
5 974 54 44
6 85 44 44
7 1107 25 42
8 662 18 44
9 576 29 20
10 250 39 56
11 1138 30 61
12 1130 49 27
13 292 54 46
14 795 53 46
15 339 43 74
16 906 45 39
17 1277 2 81
18 1007 5 25
19 911 44 18
20 684 21 35
21 43 28 81
22 722 9 15
23 210 47 86
24 1309 13 52
25 708 38 56
26 116 51 63
27 586 5 96
28 568 14 11
29 225 42 64
30 909 2 17
31 461 53 89
32 656 59 5
33 562 25 9
34 1138 10 62
35 1108 54 41
36 715 32 75
37 995 17 10
38 440 46 10
39 1031 17 62
40 878 26 79
41 459 13 74
42 671 26 98
43 244 33 83
44 1427 59 45
45 163 2 90
46 1333 17 44
47 66 48 16
48 179 45 93
49 394 29 70
50 663 20 46
51 144 10 71
52 621 49 63
53 1028 16 58
54 823 36 21
55 746 13 87
56 113 53 20
57 722 49 92
58 148 19 70
59 719 16 65
60 673 1 15
61 852 45 93
62 1075 54 30
63 804 51 40
64 937 22 82
65 1413 60 8
66 1360 55 11
67 1260 5 5
68 254 48 65
69 38 33 44
70 373 43 84
71 982 52 79
72 725 50 65
73 578 10 12
74 601 44 18
75 1295 16 24
76 618 25 91
77 81 3 66
78 101 58 16
79 1104 54 8
80 564 53 17
81 984 53 16
82 82 27 66
83 228 31 61
84 1147 59 92
85 541 1 1
86 1432 11 17
87 302 16 86
88 746 23 97
89 157 44 45
90 731 3 44
91 813 34 81
92 1229 57 40
93 153 54 38
94 524 19 85
95 715 36 58
96 744 43 4
97 1218 4 50
98 1309 4 38
99 991 20 58
100 449 47 82
101 248 48 26
102 705 59 77
103 1409 29 54
104 169 53 8
105 1374 29 18
106 847 59 14
107 936 12 90
108 1328 19 95
109 890 53 12
110 1356 25 64
111 166 43 59
112 609 30 28
113 992 27 24
114 383 20 1
115 598 55 33
116 616 2 88
117 723 57 51
118 1174 52 21
119 1209 7 60
120 1035 36 48
121 386 52 78
122 1123 3 92
123 1198 41 67
124 972 15 15
125 663 44 50
126 1175 46 54
127 602 5 90
128 1002 43 73
129 441 47 61
130 1422 33 29
131 1431 59 25
132 714 40 75
133 92 24 7
134 1028 27 65
135 144 49 19
136 670 59 38
137 966 23 30
138 575 4 9
139 192 46 30
140 457 5 72
141 1023 59 31
142 416 31 57
143 630 29 11
144 1193 55 78
145 359 20 62
146 531 45 78
147 24 47 91
148 596 23 48
149 1347 28 5
150 980 14 56
151 87 32 70
152 130 13 70
153 736 12 80
154 986 24 37
155 1095 46 57
156 421 20 39
157 786 42 95
158 526 1 97
159 543 9 50
160 200 25 42
161 789 8 5
162 512 18 7
163 207 54 71
164 996 23 51
165 159 55 60
166 990 42 39
167 436 52 96
168 445 36 47
169 1178 8 60
170 163 51 29
171 318 18 85
172 744 51 70
173 1030 20 4
174 262 18 78
175 1097 6 68
176 119 22 70
177 1179 49 38
178 34 43 82
179 940 12 31
180 1266 6 17
181 886 10 13
182 688 37 62
183 872 52 63
184 264 32 32
185 989 24 45
186 427 40 84
187 596 60 35
188 1136 37 86
189 86 36 30
190 910 9 74
