200
1 1 6 10
2 1 12 10
3 1 18 10
4 1 24 10
5 1 30 10
6 1 36 10
7 1 42 10
8 1 48 10
9 1 54 10
10 1 60 10
11 1 6 20
12 1 12 20
13 1 18 20
14 1 24 20
15 1 30 20
16 1 36 20
17 1 42 20
18 1 48 20
19 1 54 20
20 1 60 20
21 1 6 30
22 1 12 30
23 1 18 30
24 1 24 30
25 1 30 30
26 1 36 30
27 1 42 30
28 1 48 30
29 1 54 30
30 1 60 30
31 1 6 40
32 1 12 40
33 1 18 40
34 1 24 40
35 1 30 40
36 1 36 40
37 1 42 40
38 1 48 40
39 1 54 40
40 1 60 40
41 1 6 50
42 1 12 50
43 1 18 50
44 1 24 50
45 1 30 50
46 1 36 50
47 1 42 50
48 1 48 50
49 1 54 50
50 1 60 50
51 1 6 60
52 1 12 60
53 1 18 60
54 1 24 60
55 1 30 60
56 1 36 60
57 1 42 60
58 1 48 60
59 1 54 60
60 1 60 60
61 1 6 70
62 1 12 70
63 1 18 70
64 1 24 70
65 1 30 70
66 1 36 70
67 1 42 70
68 1 48 70
69 1 54 70
70 1 60 70
71 1 6 80
72 1 12 80
73 1 18 80
74 1 24 80
75 1 30 80
76 1 36 80
77 1 42 80
78 1 48 80
79 1 54 80
80 1 60 80
81 1 6 90
82 1 12 90
83 1 18 90
84 1 24 90
85 1 30 90
86 1 36 90
87 1 42 90
88 1 48 90
89 1 54 90
90 1 60 90
91 1 6 91
92 1 12 91
93 1 18 91
94 1 24 91
95 1 30 91
96 1 36 91
97 1 42 91
98 1 48 91
99 1 54 91
100 1 60 91
101 1 6 92
102 1 12 92
103 1 18 92
104 1 24 92
105 1 30 92
106 1 36 92
107 1 42 92
108 1 48 92
109 1 54 92
110 1 60 92
111 1 6 93
112 1 12 93
113 1 18 93
114 1 24 93
115 1 30 93
116 1 36 93
117 1 42 93
118 1 48 93
119 1 54 93
120 1 60 93
121 1 6 94
122 1 12 94
123 1 18 94
124 1 24 94
125 1 30 94
126 1 36 94
127 1 42 94
128 1 48 94
129 1 54 94
130 1 60 94
131 1 6 95
132 1 12 95
133 1 18 95
134 1 24 95
135 1 30 95
136 1 36 95
137 1 42 95
138 1 48 95
139 1 54 95
140 1 60 95
141 1 6 96
142 1 12 96
143 1 18 96
144 1 24 96
145 1 30 96
146 1 36 96
147 1 42 96
148 1 48 96
149 1 54 96
150 1 60 96
151 1 6 97
152 1 12 97
153 1 18 97
154 1 24 97
155 1 30 97
156 1 36 97
157 1 42 97
158 1 48 97
159 1 54 97
160 1 60 97
161 1 6 98
162 1 12 98
163 1 18 98
164 1 24 98
165 1 30 98
166 1 36 98
167 1 42 98
168 1 48 98
169 1 54 98
170 1 60 98
171 1 6 99
172 1 12 99
173 1 18 99
174 1 24 99
175 1 30 99
176 1 36 99
177 1 42 99
178 1 48 99
179 1 54 99
180 1 60 99
181 1 6 99.3
182 1 12 99.3
183 1 18 99.3
184 1 24 99.3
185 1 30 99.3
186 1 36 99.3
187 1 42 99.3
188 1 48 99.3
189 1 54 99.3
190 1 60 99.3
191 1 6 99.8
192 1 12 99.8
193 1 18 99.8
194 1 24 99.8
195 1 30 99.8
196 1 36 99.8
197 1 42 99.8
198 1 48 99.8
199 1 54 99.8
200 1 60 99.8