200
1 1309 51 24.041
2 1178 33 58.938
3 720 57 11.404
4 445 5 28.197
5 1245 54 52.875
6 129 25 11.564
7 307 50 75.566
8 360 31 96.568
9 432 1 53.063
10 1372 52 51.022
11 1256 22 48.92
12 1384 24 30.933
13 280 48 10.573
14 352 33 92.107
15 647 35 29.241
16 1077 48 43.101
17 1310 12 28.945
18 124 46 20.734
19 345 31 80.422
20 1158 59 42.673
21 621 28 83.762
22 1325 50 82.848
23 893 11 0.333
24 833 2 40.511
25 1105 39 1.114
26 1208 2 58.396
27 1067 48 11.533
28 1264 60 20.243
29 448 12 1.163
30 1014 11 9.769
31 518 37 85.954
32 367 31 98.744
33 275 12 96.086
34 698 27 34.624
35 609 17 10.261
36 305 9 36.722
37 529 9 64.557
38 36 54 77.393
39 1093 37 75.154
40 1132 2 64.677
41 1237 41 22.891
42 588 51 72.384
43 1399 36 72.88
44 160 53 8.219
45 418 7 72.982
46 531 7 37.042
47 982 2 30.196
48 240 26 22.259
49 889 9 49.31
50 363 54 63.235
51 1337 6 25.217
52 866 52 30.987
53 537 21 65.602
54 1364 20 92.592
55 194 52 83.085
56 385 25 0.386
57 509 55 99.109
58 15 29 91.056
59 219 53 13.513
60 175 23 25.2
61 1031 41 20.918
62 1357 57 15.466
63 390 10 5.989
64 243 22 16.752
65 1425 36 81.905
66 966 37 11.517
67 637 14 20.191
68 308 22 71.933
69 972 9 35.586
70 56 22 51.268
71 759 10 66.026
72 134 13 51.429
73 1130 22 30.926
74 478 2 74.817
75 1272 4 61.08
76 1320 49 1.171
77 1262 29 70.152
78 175 29 39.446
79 171 21 37.299
80 1306 4 87.587
81 40 5 85.893
82 535 28 38.937
83 55 22 47.977
84 1031 49 4.756
85 1118 40 91.67
86 1165 56 82.865
87 947 7 17.842
88 703 60 4.568
89 371 4 29.576
90 1408 58 87.521
91 1408 50 24.304
92 325 5 92.623
93 1348 15 17.83
94 198 56 67.272
95 370 28 12.818
96 938 15 38.747
97 334 4 30.015
98 541 38 90.161
99 229 50 80.046
100 904 6 29.026
101 780 18 36.075
102 1016 16 39.819
103 389 11 2.48
104 823 1 54.933
105 54 3 9.623
106 672 17 68.386
107 1357 15 79.792
108 259 47 60.973
109 39 17 52.18
110 1303 5 62.478
111 78 29 65.996
112 67 9 7.917
113 906 39 34.675
114 298 20 73.443
115 865 30 84.991
116 11 18 56.421
117 330 22 50.334
118 1431 12 52.211
119 995 25 11.557
120 940 13 46.814
121 1021 9 94.436
122 771 52 9.921
123 38 25 28.528
124 532 12 12.787
125 72 45 3.011
126 100 1 12.261
127 401 41 13.349
128 770 7 4.966
129 763 26 27.883
130 1290 27 24.039
131 1037 11 17.198
132 1206 17 50.28
133 207 30 85.155
134 554 10 8.674
135 312 48 60.435
136 122 53 8.636
137 440 10 81.148
138 1363 31 97.884
139 276 13 11.835
140 1406 37 18.262
141 1010 57 97.008
142 31 37 40.655
143 314 42 72.063
144 291 2 96.953
145 1368 53 46.822
146 1277 35 80.169
147 593 41 32.126
148 370 1 87.82
149 352 37 29.734
150 654 1 58.57
151 1171 6 14.085
152 1436 7 84.385
153 602 48 64.231
154 583 54 21.01
155 746 11 30.132
156 1163 46 17.684
157 1159 57 98.46
158 44 4 51.032
159 195 53 88.658
160 1022 43 47.115
161 231 30 49.131
162 855 32 34.122
163 476 32 48.076
164 157 7 21.577
165 486 27 6.11
166 483 14 92.494
167 1292 15 92.196
168 439 12 74.271
169 639 29 87.958
170 395 9 62.269
171 74 22 46.869
172 1407 38 59.008
173 655 11 26.614
174 469 27 58.257
175 248 53 96.406
176 486 7 46.003
177 909 59 92.63
178 627 3 96.829
179 1155 18 84.273
180 129 20 23.212
181 871 4 60.221
182 663 31 45.811
183 528 11 16.374
184 124 49 69.468
185 808 52 4.035
186 96 31 84.995
187 1147 10 79.586
188 670 58 13.468
189 717 39 28.935
190 233 60 98.885
191 972 44 63.263
192 1036 3 86.947
193 1087 51 58.972
194 291 9 54.167
195 1234 27 45.04
196 460 8 95.577
197 1175 31 30.825
198 968 53 69.459
199 59 40 63.775
200 806 22 22.435
