200
1 1440 11 75.22
2 1 15 37.73
3 1131 14 81.96
4 1085 1 91.34
5 826 26 24.91
6 948 1 45.93
7 866 5 71.18
8 894 5 28.37
9 136 7 99.99
10 607 1 32.62
11 1055 30 68.83
12 488 1 99.99
13 431 11 1.781
14 1203 1 58.77
15 1261 26 14.91
16 1132 17 59.06
17 1440 13 63.32
18 671 24 54.60
19 1 1 45.86
20 482 30 61.61
21 864 26 59.12
22 502 21 2.821
23 913 16 63.71
24 972 12 67.28
25 483 25 99.99
26 846 1 0.001
27 721 22 52.85
28 1 1 62.17
29 1 7 78.48
30 1262 12 99.99
31 1180 6 36.38
32 1440 32 42.41
33 352 1 80.09
34 1056 23 32.25
35 1055 4 19.98
36 438 13 36.45
37 222 38 45.53
38 663 54 85.15
39 988 24 75.48
40 390 4 0.001
41 1 13 59.30
42 473 13 47.28
43 658 13 62.24
44 546 23 30.05
45 1 5 51.93
46 479 26 10.96
47 737 7 31.60
48 881 1 0.001
49 854 50 49.59
50 763 3 72.96
51 1440 26 43.05
52 1 27 38.34
53 575 7 33.46
54 1440 32 99.09
55 1145 16 52.42
56 1 45 57.39
57 1440 21 71.60
58 962 31 42.17
59 921 4 68.51
60 1162 42 23.66
61 1440 14 46.60
62 776 23 8.112
63 1023 32 71.92
64 783 27 68.72
65 515 1 57.27
66 419 12 99.99
67 1008 34 68.79
68 825 23 24.31
69 394 2 44.89
70 496 25 64.93
71 856 37 59.05
72 747 3 60.45
73 436 11 50.88
74 676 10 65.71
75 793 43 21.29
76 190 1 99.99
77 326 16 62.78
78 592 12 26.85
79 1 26 83.44
80 1 22 65.24
81 1 22 95.72
82 370 37 47.72
83 65 17 54.12
84 613 19 92.42
85 201 30 60.51
86 108 45 62.12
87 728 1 21.52
88 646 7 29.86
89 1397 16 55.23
90 390 10 87.01
91 379 1 0.001
92 919 32 45.36
93 1012 32 38.74
94 1280 26 29.16
95 823 1 80.97
96 127 23 53.19
97 268 5 96.11
98 1440 28 23.66
99 985 14 45.39
100 688 16 48.25
101 729 24 0.001
102 1 21 42.70
103 1440 1 40.39
104 890 6 65.00
105 413 21 51.95
106 1 4 20.21
107 645 1 70.52
108 635 1 34.02
109 1261 7 65.06
110 1113 3 26.60
111 1074 1 79.29
112 402 41 80.79
113 537 14 6.147
114 260 15 0.001
115 1065 27 85.88
116 288 1 69.68
117 390 49 17.27
118 1070 6 15.57
119 362 1 43.72
120 739 1 0.001
121 464 15 58.63
122 857 12 65.12
123 1440 16 52.31
124 562 1 63.46
125 1266 16 35.44
126 1 1 48.37
127 275 1 44.67
128 367 4 28.64
129 1419 17 85.07
130 732 17 39.44
131 574 19 22.93
132 1184 5 85.73
133 644 17 98.77
134 962 16 47.47
135 1 26 20.69
136 871 2 27.02
137 339 25 65.94
138 424 29 22.33
139 250 39 24.17
140 287 19 69.03
141 990 6 34.57
142 763 13 82.58
143 423 28 9.491
144 311 32 32.10
145 882 36 20.31
146 110 13 76.42
147 963 8 54.17
148 809 45 36.54
149 756 5 65.44
150 916 1 99.99
151 1274 7 38.29
152 599 10 99.99
153 604 1 69.66
154 1144 13 94.62
155 1321 16 62.91
156 236 1 68.02
157 766 14 33.09
158 883 1 0.001
159 1 2 21.24
160 431 1 43.05
161 1 33 65.81
162 749 4 15.21
163 751 1 39.33
164 479 2 9.545
165 642 5 18.46
166 998 24 62.48
167 464 13 50.73
168 774 20 69.05
169 1436 10 99.99
170 1 38 32.72
171 333 1 25.38
172 1179 57 0.001
173 1019 37 99.99
174 652 15 47.82
175 1 25 53.46
176 834 38 65.69
177 536 30 81.45
178 64 24 52.86
179 534 11 54.22
180 307 9 43.40
181 589 7 56.11
182 839 2 22.32
183 602 1 43.40
184 1 20 56.99
185 229 29 85.82
186 725 1 20.86
187 346 8 0.001
188 169 9 62.93
189 217 6 79.85
190 642 17 90.41
191 894 1 55.62
192 640 25 7.525
193 229 1 0.001
194 1110 2 71.74
195 731 2 57.56
196 550 13 44.95
197 554 24 38.63
198 428 20 17.09
199 294 12 36.17
200 479 30 39.14