190
1 897 7 3.168
2 1031 7 72.493
3 405 23 14.415
4 594 15 63.592
5 522 21 78.984
6 1126 15 56.625
7 196 24 37.741
8 1299 26 82.158
9 418 39 30.488
10 720 48 31.937
11 1129 17 78.497
12 975 51 50.373
13 216 45 26.099
14 1004 50 73.247
15 186 11 16.294
16 1363 4 92.107
17 1277 37 22.222
18 742 43 8.360
19 979 7 7.370
20 1407 6 76.955
21 181 36 81.767
22 1084 49 74.042
23 1191 49 75.824
24 1126 6 96.119
25 275 44 46.642
26 618 55 78.699
27 21 28 42.256
28 469 5 94.372
29 194 15 0.131
30 649 44 98.126
31 825 3 57.019
32 1141 26 34.647
33 605 33 55.750
34 767 58 29.978
35 1334 13 15.907
36 1295 7 66.525
37 785 39 68.420
38 1298 7 79.240
39 75 60 34.862
40 1165 15 25.007
41 483 37 34.500
42 330 50 32.863
43 1185 50 92.748
44 502 30 75.607
45 239 46 28.823
46 41 55 60.617
47 1376 55 76.602
48 980 13 84.615
49 1240 33 90.198
50 1353 48 59.570
51 980 12 6.853
52 1322 45 21.804
53 370 29 86.940
54 1276 35 41.421
55 1325 16 66.120
56 433 6 78.348
57 106 18 24.788
58 1106 56 55.442
59 123 29 22.958
60 1050 17 0.691
61 645 46 76.663
62 938 47 2.183
63 245 2 39.310
64 766 53 25.254
65 913 48 20.421
66 21 20 66.227
67 678 41 91.474
68 1277 18 0.690
69 165 56 74.642
70 638 17 79.967
71 950 11 90.779
72 425 45 97.457
73 1369 29 11.986
74 1000 40 51.896
75 298 58 82.197
76 799 19 63.702
77 1267 5 95.391
78 804 48 94.692
79 1084 22 96.660
80 1289 36 6.734
81 1213 12 43.753
82 189 5 32.083
83 273 10 13.405
84 222 50 13.458
85 42 19 80.594
86 14 24 52.476
87 859 40 94.425
88 878 50 98.834
89 1324 46 40.989
90 1057 23 37.118
91 434 12 22.685
92 714 39 44.603
93 372 1 26.622
94 1056 17 45.909
95 169 39 43.290
96 1075 36 25.962
97 1167 20 13.371
98 1074 60 41.922
99 486 8 50.686
100 842 45 32.432
101 676 10 68.468
102 126 27 44.309
103 1194 50 43.566
104 988 22 79.302
105 385 5 81.555
106 1397 34 75.211
107 265 17 78.925
108 432 8 50.126
109 593 42 55.518
110 341 30 63.074
111 281 11 9.798
112 1016 7 24.567
113 260 13 61.572
114 753 9 30.495
115 427 20 76.696
116 667 58 26.722
117 1333 32 3.950
118 311 15 29.656
119 2 27 55.636
120 1306 41 96.907
121 980 33 68.912
122 742 37 71.788
123 752 52 55.902
124 149 23 53.335
125 1436 45 87.572
126 517 10 39.309
127 901 4 45.806
128 567 21 20.824
129 12 50 75.727
130 786 23 54.669
131 734 59 35.738
132 356 37 70.099
133 66 21 10.922
134 1213 56 0.661
135 70 54 59.730
136 456 52 65.917
137 1129 16 58
138 1401 18 90.995
139 845 47 63.600
140 1121 43 52.556
141 1048 30 25.962
142 938 59 5.117
143 958 29 73.195
144 1352 60 16.429
145 771 30 28.039
146 574 31 25.942
147 966 47 54.709
148 635 24 54.126
149 192 28 78.811
150 633 8 86.960
151 789 46 78.754
152 569 34 96.942
153 574 39 18.046
154 1082 48 93.059
155 753 14 4.515
156 707 52 24.064
157 128 55 0.885
158 362 18 67.159
159 645 44 90.481
160 919 21 57.241
161 1022 17 15.546
162 1430 11 50.236
163 1343 40 56.773
164 133 33 18.827
165 1374 50 32.419
166 235 17 71.603
167 1398 11 55.292
168 860 26 14.228
169 346 29 38.036
170 102 48 39.656
171 433 8 57.674
172 1172 4 1.940
173 111 38 57.758
174 511 2 93.219
175 191 9 10.687
176 228 42 73.214
177 90 31 97.052
178 1011 33 60.888
179 125 49 71.966
180 889 48 30.275
181 251 31 45.902
182 939 17 4.802
183 719 8 38.535
184 410 54 36.171
185 1197 59 28.758
186 1179 57 81.671
187 1351 39 45.052
188 1 6 80.663
189 923 5 79.017
190 11 11 28.295