194
1 1394 55 25
2 470 3 49
3 1158 9 7
4 1055 28 6
5 39 52 75
6 714 59 47
7 1340 58 42
8 1115 44 30
9 1280 20 40
10 1136 38 2
11 221 3 58
12 1036 44 72
13 923 44 98
14 789 12 99
15 517 58 56
16 1419 36 98
17 877 44 63
18 455 13 81
19 1079 35 92
20 1055 41 76
21 913 45 4
22 733 8 76
23 1120 59 78
24 506 11 79
25 980 54 17
26 607 13 52
27 595 60 27
28 1162 19 82
29 601 31 1
30 338 13 69
31 1295 22 23
32 278 58 79
33 1426 8 41
34 1219 14 39
35 746 60 31
36 285 9 8
37 1238 18 61
38 1354 7 13
39 449 29 55
40 415 6 55
41 110 14 5
42 1038 44 20
43 226 7 85
44 272 38 32
45 933 8 11
46 1164 25 42
47 334 15 58
48 11 50 9
49 1178 51 5
50 693 34 27
51 1400 26 68
52 535 5 3
53 100 47 50
54 316 14 53
55 292 45 90
56 218 59 76
57 50 42 95
58 379 47 11
59 603 29 86
60 274 42 93
61 1169 20 55
62 1096 25 35
63 1245 15 44
64 1085 39 45
65 974 4 82
66 928 59 6
67 849 40 54
68 1153 25 96
69 385 26 43
70 40 6 39
71 147 60 84
72 239 49 38
73 423 45 49
74 423 31 67
75 170 42 6
76 1033 47 76
77 886 58 71
78 1078 59 94
79 840 59 31
80 995 6 5
81 145 7 38
82 1334 6 11
83 35 46 93
84 1429 60 35
85 1369 29 77
86 247 21 95
87 1097 32 33
88 595 55 92
89 185 53 8
90 703 5 40
91 268 58 60
92 289 27 94
93 405 40 96
94 192 1 69
95 1328 24 51
96 116 34 52
97 229 37 86
98 461 28 61
99 919 27 99
100 1304 23 89
101 373 18 11
102 953 29 72
103 666 58 64
104 634 33 23
105 834 20 20
106 860 30 7
107 773 49 49
108 690 18 21
109 1053 4 43
110 774 9 67
111 1278 21 39
112 260 28 77
113 1279 6 44
114 1084 26 5
115 15 49 50
116 365 16 29
117 404 19 13
118 735 47 87
119 537 37 41
120 1248 5 84
121 79 41 17
122 82 37 23
123 773 34 60
124 1086 32 44
125 960 40 18
126 1323 47 71
127 821 7 60
128 443 46 97
129 1338 59 11
130 118 43 59
131 1119 50 91
132 439 8 32
133 426 2 81
134 91 17 47
135 84 48 88
136 875 13 99
137 1019 8 7
138 306 23 18
139 737 50 26
140 356 16 27
141 964 30 19
142 262 33 75
143 1352 25 63
144 1282 6 62
145 319 34 38
146 1369 40 71
147 618 48 92
148 393 6 28
149 486 54 82
150 1005 3 5
151 541 12 76
152 576 2 91
153 1402 35 54
154 423 25 60
155 1199 22 54
156 701 23 98
157 1308 52 58
158 840 10 57
159 651 56 42
160 527 49 61
161 64 46 31
162 490 48 87
163 547 44 5
164 739 56 33
165 1420 53 6
166 1294 4 96
167 316 10 85
168 1085 54 4
169 1422 4 56
170 274 26 55
171 213 12 17
172 690 34 42
173 526 46 39
174 1188 18 85
175 1271 13 6
176 712 25 53
177 589 24 45
178 660 32 24
179 218 40 42
180 1144 29 11
181 1391 21 34
182 483 46 90
183 710 38 71
184 1250 37 50
185 217 45 25
186 385 52 66
187 794 1 54
188 543 6 10
189 307 25 73
190 468 15 37
191 836 45 99
192 487 25 20
193 273 55 13
194 1267 37 51
