200
1 277 59 24.429
2 1211 49 46.758
3 214 20 89.527
4 1380 19 58.802
5 108 20 6.318
6 1440 4 90.138
7 461 36 20.751
8 35 10 75.188
9 1236 46 48.365
10 913 14 34.652
11 934 46 82.543
12 237 6 21.767
13 1046 51 19.528
14 110 32 20.987
15 1253 42 52.184
16 94 43 65.918
17 147 40 52.228
18 216 36 37.668
19 1064 22 95.175
20 915 57 19.753
21 1303 60 57.086
22 1246 50 93.372
23 1034 15 54.956
24 588 28 42.246
25 1240 27 92.747
26 930 49 99.965
27 596 50 39.999
28 649 44 97.117
29 569 56 54.5
30 861 4 60.617
31 579 31 21.44
32 863 6 67.32
33 443 22 10.539
34 1326 47 21.787
35 1136 17 84.585
36 919 5 82.399
37 87 25 40.844
38 712 45 92.821
39 49 53 11.127
40 1104 11 70.682
41 31 33 66.582
42 187 5 47.158
43 1087 24 66.421
44 1275 5 50.646
45 255 58 75.835
46 542 45 3.736
47 765 7 2.256
48 1018 1 0.079
49 147 48 96.261
50 475 31 32.591
51 77 5 52.788
52 1196 20 69.525
53 1382 47 73.968
54 1017 59 68.906
55 257 46 92.396
56 1244 50 40.177
57 1293 36 47.603
58 541 3 72.735
59 668 19 55.409
60 172 25 53.144
61 864 42 0.572
62 51 4 77.257
63 1335 25 39.947
64 624 25 14.941
65 911 15 3.631
66 569 13 4.092
67 828 38 16.421
68 387 24 31.323
69 1047 32 57.849
70 138 10 77.168
71 462 27 7.896
72 892 9 22.965
73 838 10 8.725
74 646 1 12.465
75 29 41 58.41
76 701 44 40.886
77 333 22 8.693
78 1228 11 50.858
79 1195 7 90.228
80 512 49 43.138
81 76 40 79.963
82 909 37 99.354
83 760 53 36.379
84 856 18 15.447
85 1035 27 79.945
86 1376 27 37.136
87 5 17 59.463
88 148 43 87.21
89 606 41 68.331
90 667 57 48.981
91 92 4 0.534
92 1342 13 9.979
93 1050 27 16.075
94 951 46 60.829
95 1207 50 77.266
96 918 36 60.114
97 648 7 69.811
98 237 42 84.276
99 841 31 8.321
100 921 47 61.671
101 161 60 47.795
102 474 21 36.238
103 898 55 6.017
104 325 43 61.219
105 807 13 4.922
106 805 15 76.387
107 100 37 64.287
108 1084 22 49.42
109 1366 42 23.621
110 146 42 9.249
111 587 38 60.183
112 781 20 88.014
113 1021 55 88.174
114 359 40 12.543
115 897 31 76.727
116 552 28 2.762
117 1326 32 48.277
118 171 36 85.574
119 136 36 70.908
120 1170 55 48.337
121 90 59 54.694
122 743 50 29.36
123 892 23 18.438
124 1010 58 21.573
125 939 33 25.072
126 1405 23 39.613
127 845 20 98.27
128 855 33 35.444
129 556 36 49.741
130 1149 30 73.542
131 685 26 11.55
132 376 11 71.46
133 285 38 80.877
134 785 21 28.353
135 462 18 50.443
136 520 42 44.668
137 506 17 14.021
138 1296 40 83.245
139 757 50 83.964
140 129 39 3.646
141 566 22 53.133
142 166 3 62.121
143 619 53 96.256
144 1296 6 74.907
145 47 52 91.836
146 855 35 91.744
147 541 14 55.712
148 853 20 70.481
149 1201 56 90.522
150 1329 58 3.417
151 1103 7 62.307
152 356 48 76.517
153 358 29 12.428
154 840 22 97.83
155 176 30 4.334
156 2 6 62.107
157 953 59 42.29
158 1335 17 38.072
159 659 3 12.88
160 630 21 41.817
161 310 59 43.019
162 1267 1 97.3
163 1289 44 57.438
164 1159 26 17.238
165 1114 19 10.278
166 59 31 58.605
167 422 60 60.298
168 153 6 65.285
169 640 48 99.63
170 977 38 24.252
171 110 8 14.591
172 1067 49 99.066
173 1194 32 91.97
174 585 53 35.375
175 190 42 20.947
176 186 6 37.005
177 357 39 95.463
178 303 43 41.251
179 805 31 69.511
180 696 17 77.702
181 1309 18 69.564
182 1078 1 47.82
183 420 17 97.254
184 1358 47 91.973
185 1354 56 33.274
186 614 17 1.307
187 262 19 39.314
188 1235 38 8.908
189 847 42 8.207
190 900 25 76.66
191 313 32 98.453
192 155 48 28.421
193 1052 25 31.836
194 1264 21 91.194
195 1427 26 9.646
196 726 19 9.733
197 122 5 52.12
198 957 12 13.995
199 647 22 21.078
200 830 19 38.425
