159
1 562 29 11.544
2 1237 44 22.138
3 634 54 74.55
4 1285 27 93.653
5 1358 54 49.544
6 354 27 67.674
7 101 45 75.16
8 558 20 83.325
9 256 16 59.503
10 451 51 53.821
11 417 58 31.722
12 664 27 41.703
13 52 20 10.911
14 883 20 67.448
15 1381 18 87.745
16 388 48 14.872
17 719 37 85.747
18 659 40 67.549
19 995 51 45.119
20 231 53 28.787
21 580 46 3.083
22 508 15 89.03
23 1064 21 46.409
24 1142 31 67.969
25 589 28 4.538
26 198 43 88.711
27 388 35 69.763
28 724 6 74.765
29 234 58 31.841
30 1177 37 98.397
31 1243 57 78.113
32 1093 20 83.068
33 552 54 43.068
34 1277 57 16.191
35 925 48 33.406
36 1218 42 43.856
37 640 25 65.156
38 1202 9 73.991
39 1115 46 79.3
40 296 52 54.794
41 890 53 81.032
42 518 18 68.639
43 711 59 16.646
44 603 6 96.168
45 1395 2 16.03
46 31 35 24.076
47 132 39 68.431
48 605 59 68.227
49 424 18 92.752
50 58 2 19.375
51 165 50 41.314
52 1177 56 82.416
53 110 50 95.284
54 463 12 5.353
55 856 59 19.212
56 566 30 62.152
57 11 4 12.352
58 855 4 18.383
59 268 43 74.648
60 782 14 43.012
61 749 14 1.175
62 1168 46 57.454
63 384 60 10.736
64 1346 47 48.652
65 698 5 31.463
66 1344 45 31.321
67 1042 24 52.527
68 874 39 25.579
69 1202 43 11.386
70 1410 9 26.393
71 475 43 13.6
72 369 59 13.874
73 211 8 21.516
74 47 20 19.7
75 340 42 17.982
76 73 54 48.428
77 668 9 11.72
78 188 21 84.133
79 1212 56 41.879
80 172 49 77.44
81 1298 24 79.26
82 400 28 98.106
83 960 44 3.121
84 1080 5 37.044
85 139 15 38.755
86 676 29 88.38
87 1004 30 63.209
88 1412 24 31.635
89 297 25 37.806
90 1419 31 23.961
91 1351 20 26.512
92 305 39 5.774
93 1277 17 19.636
94 1378 36 44.07
95 271 32 9.415
96 1414 14 12.98
97 358 59 36.715
98 1268 25 30.495
99 238 36 33.842
100 1112 60 70.682
101 1425 15 55.854
102 1100 32 43.418
103 911 42 18.968
104 1098 14 3.832
105 470 50 72.348
106 1021 57 28.192
107 1368 46 58.744
108 185 32 64.704
109 576 54 46.085
110 191 24 87.214
111 1149 33 46.827
112 974 5 75.4
113 328 25 43.427
114 67 42 60.209
115 378 40 45.628
116 1084 22 86.287
117 206 6 26.977
118 648 40 70.913
119 224 8 95.965
120 575 27 11.582
121 869 39 57.445
122 259 14 46.632
123 268 6 89.977
124 364 14 4.314
125 320 6 95.896
126 1087 60 90.851
127 188 22 69.408
128 493 5 85.137
129 132 23 45.38
130 924 23 86.111
131 135 31 40.544
132 1022 33 18.234
133 781 37 85.05
134 95 40 98.7
135 1215 22 87.188
136 663 17 93.368
137 321 32 92.186
138 532 50 70.144
139 664 31 44.227
140 424 4 46.414
141 527 15 11.089
142 859 30 50.46
143 66 50 7.259
144 654 18 27.89
145 439 54 99.189
146 542 42 99.962
147 778 15 91.852
148 44 4 85.739
149 178 28 19.842
150 385 47 88.968
151 108 39 70.03
152 1001 2 97.93
153 530 18 44.782
154 318 21 1.204
155 301 3 77.03
156 529 51 48.004
157 1168 28 98.298
158 439 16 13.368
159 683 17 26.837
