200
1 531 4 18.849
2 129 6 7.88
3 432 6 77.769
4 1358 41 34.425
5 613 19 37.6
6 723 56 88.002
7 1395 56 68.534
8 87 53 52.448
9 747 27 0.446
10 1007 55 16.178
11 706 40 45.66
12 1250 9 99.905
13 220 28 97.644
14 1178 59 84.994
15 795 33 79.885
16 936 60 41.746
17 337 49 95.755
18 743 56 94.313
19 573 49 43.848
20 24 38 61.418
21 851 55 79.06
22 1369 4 79.406
23 804 4 71.665
24 1235 59 29.838
25 1308 39 28.599
26 898 8 66.616
27 685 25 37.789
28 331 35 86.288
29 378 42 14.599
30 620 45 97.171
31 150 47 50.056
32 513 56 75.717
33 267 14 84.642
34 457 12 12.27
35 1270 14 35.698
36 728 31 50.951
37 602 51 55.672
38 1153 40 79.405
39 694 4 29.987
40 715 53 76.654
41 837 53 61.767
42 328 31 50.642
43 1356 29 95.675
44 521 9 41.994
45 1127 55 20.543
46 164 37 89.304
47 643 42 46.276
48 663 29 50.293
49 153 25 75.582
50 104 49 11.888
51 1209 42 79.636
52 441 47 32.563
53 1360 52 91.911
54 316 30 39.357
55 949 16 41.44
56 798 42 97.716
57 856 7 60.827
58 983 34 3.823
59 1278 14 36.201
60 1404 60 71.37
61 710 14 84.907
62 913 20 79.381
63 1299 34 12.665
64 530 46 92.532
65 825 60 68.508
66 10 45 83.688
67 18 1 0.742
68 770 9 18.968
69 93 13 79.449
70 843 26 93.323
71 775 17 72.111
72 1388 36 62.041
73 1159 34 92.333
74 1000 57 31.218
75 677 47 13.837
76 757 46 13.207
77 589 20 68.982
78 123 8 2.292
79 1250 57 54.462
80 481 25 7.067
81 1381 40 82.285
82 390 44 44.402
83 427 17 29.452
84 318 31 30.989
85 1014 38 62.695
86 1346 28 40.396
87 1244 16 72.159
88 960 34 77.23
89 499 10 88.657
90 432 46 3.882
91 688 34 50.706
92 370 38 38.152
93 910 7 78.325
94 495 41 26.412
95 1379 42 51.846
96 1429 8 51.853
97 512 47 29.377
98 13 55 7.672
99 1267 26 88.668
100 747 36 19.171
101 1105 28 96.632
102 5 25 77.136
103 774 53 8.749
104 375 17 12.192
105 347 35 45.989
106 80 24 85.702
107 1334 13 61.373
108 795 47 46.331
109 657 12 73.843
110 156 31 66.81
111 991 1 13.82
112 418 22 65.265
113 1142 43 78.437
114 1384 2 5.522
115 5 26 44.338
116 1184 2 20.279
117 148 60 16.889
118 96 43 11.188
119 1229 2 67.857
120 657 3 33.355
121 239 43 17.866
122 455 27 47.942
123 1074 46 42.481
124 1013 30 93.45
125 1235 17 18.485
126 400 45 41.119
127 737 46 68.003
128 973 52 27.865
129 108 26 46.534
130 686 19 41.459
131 18 19 49.917
132 798 56 22.251
133 362 22 15.494
134 912 37 10.617
135 1018 53 18.549
136 1425 9 5.633
137 518 42 89.306
138 253 25 28.476
139 378 36 68.15
140 786 7 21.079
141 214 10 27.591
142 1068 31 44.465
143 1169 1 95.024
144 862 22 76.292
145 715 1 74.428
146 4 6 7.667
147 548 15 29.426
148 1158 35 74.279
149 228 55 43.298
150 769 55 78.838
151 277 37 3.897
152 228 16 72.542
153 419 25 18.216
154 503 2 20.436
155 1367 51 18.182
156 139 32 71.387
157 858 59 27.669
158 828 43 34.267
159 974 38 41.205
160 1111 43 95.329
161 9 56 38.105
162 1375 4 96.407
163 298 44 15.932
164 1037 39 17.389
165 217 42 28.331
166 971 48 31.694
167 1425 15 97.905
168 1018 8 91.74
169 1359 32 5.314
170 527 28 31.056
171 1184 7 49.671
172 597 6 86.236
173 319 33 40.004
174 850 26 53.758
175 376 44 22.271
176 499 32 52.668
177 996 28 31.878
178 1150 28 8.573
179 723 26 60.332
180 696 6 78.668
181 191 1 60.938
182 655 20 16.75
183 332 28 61.975
184 820 40 46.039
185 566 33 63.716
186 759 51 69.481
187 1161 57 52.435
188 430 29 34.175
189 1263 41 91.78
190 851 25 76.592
191 959 41 56.765
192 447 27 39.045
193 356 10 95.547
194 1258 21 20.938
195 405 35 53.976
196 698 9 45.425
197 17 54 33.841
198 1384 5 73.504
199 296 38 42.092
200 129 22 49.386
