200
1 1320 48 78.737
2 476 57 7.2
3 286 47 16.961
4 830 49 36.892
5 502 38 23.084
6 595 21 49.434
7 1255 29 55.072
8 816 11 8.832
9 1290 43 24.92
10 1069 1 81.741
11 1270 57 78.142
12 1304 37 36.727
13 436 55 20.336
14 832 35 47.365
15 356 42 53.964
16 613 21 7.252
17 1438 26 76.171
18 1080 41 25.867
19 892 47 62.042
20 378 37 16.931
21 503 56 75.608
22 566 27 70.324
23 754 43 87.502
24 85 54 90.646
25 9 39 84.535
26 274 5 74.736
27 1387 52 69.132
28 1248 28 71.616
29 1241 54 72.309
30 579 38 53.447
31 214 15 54.515
32 218 1 70.885
33 1256 7 27.116
34 957 29 58.216
35 748 22 72.019
36 579 40 39.228
37 843 58 46.794
38 497 26 47.919
39 324 46 73.785
40 1296 2 97.7
41 825 20 26.875
42 8 58 5.821
43 590 33 53.89
44 45 18 3.305
45 299 17 77.983
46 1342 54 21.585
47 1037 20 10.041
48 327 28 92.547
49 523 45 71.789
50 1358 34 20.353
51 1329 25 41.498
52 1145 37 45.696
53 164 36 86.94
54 472 48 6.316
55 1139 60 29.897
56 254 55 52.574
57 1062 20 70.834
58 858 59 98.963
59 222 31 79.508
60 187 54 41.264
61 1339 18 22.506
62 759 57 57.486
63 1126 57 67.264
64 1138 20 24.241
65 1066 59 94.464
66 500 58 34.084
67 1303 7 88.273
68 1027 30 72.708
69 342 49 6.862
70 474 33 23.157
71 414 36 43.257
72 380 60 80.58
73 345 14 18.421
74 448 42 51.625
75 1093 41 49.495
76 1325 3 51.25
77 514 53 5.785
78 1390 15 88.575
79 1110 55 65.537
80 586 17 61.487
81 557 3 64.094
82 1011 20 68.076
83 784 19 94.805
84 460 23 23.467
85 341 27 57.369
86 218 4 54.872
87 856 22 48.892
88 500 36 68.563
89 1299 27 55.819
90 916 35 33.648
91 58 37 73.954
92 333 21 55.583
93 1160 16 2.215
94 1308 30 41.055
95 788 19 23.894
96 845 38 37.098
97 1421 4 45.19
98 790 12 23.256
99 744 51 73.378
100 493 55 49.759
101 676 12 82.981
102 1074 56 78.604
103 523 19 71.05
104 148 39 38.71
105 773 17 11.802
106 1008 39 75.341
107 42 46 82.687
108 424 32 93.519
109 827 54 81.551
110 44 37 50.151
111 1186 32 67.853
112 488 7 16.419
113 509 32 12.141
114 1408 48 29.861
115 2 38 37.889
116 68 49 33.386
117 1203 43 50.712
118 1434 34 69.002
119 1282 5 7.598
120 910 17 66.492
121 1110 25 12.68
122 1141 37 69.556
123 158 9 69.064
124 44 33 8.728
125 528 45 72.649
126 1071 30 37.496
127 75 21 41.465
128 1410 7 10.565
129 527 56 9.429
130 1067 45 6.337
131 261 41 33.413
132 1264 33 89.568
133 762 6 73.312
134 904 58 63.886
135 214 18 54.833
136 434 26 63.387
137 94 22 5.007
138 246 32 60.885
139 86 1 21.571
140 20 33 96.86
141 1305 53 9.225
142 1111 40 92.663
143 1255 48 94.702
144 801 14 91.379
145 222 52 55.579
146 532 7 13.247
147 416 36 9.562
148 815 18 47.011
149 584 41 5.165
150 438 26 85.144
151 1439 51 1.847
152 818 59 18.248
153 725 42 42.813
154 905 14 94.921
155 92 36 33.331
156 474 51 81.269
157 3 26 79.728
158 142 48 6.325
159 207 59 75.572
160 42 36 69.216
161 274 55 17.894
162 762 14 54.204
163 852 14 20.326
164 1336 60 43.609
165 452 16 4.041
166 1391 30 13.667
167 1263 49 87.24
168 1424 30 23.298
169 662 25 46.775
170 1103 49 75.19
171 36 29 91.84
172 1048 58 26.204
173 171 18 71.019
174 1075 59 51.537
175 1124 51 34.205
176 689 18 44.935
177 1371 18 48.223
178 876 32 21.779
179 537 14 95.342
180 801 54 69.341
181 83 43 60.878
182 868 28 74.615
183 960 44 98.24
184 625 54 41.53
185 404 49 84.115
186 827 34 83.808
187 1377 23 77.333
188 975 50 17.668
189 879 59 24.398
190 522 31 80.395
191 1244 57 4.846
192 477 37 58.263
193 27 43 76.956
194 129 24 38.273
195 1386 47 72.284
196 178 36 92.562
197 396 3 5.14
198 1150 33 74.128
199 380 21 6.292
200 119 36 93.168
