192
1 707 40 20.088
2 776 16 25.896
3 1077 28 96.944
4 432 29 67.265
5 504 32 37.672
6 250 34 88.875
7 416 27 27.059
8 927 30 1.498
9 734 59 45.369
10 1132 40 44.695
11 1375 3 73.995
12 1344 4 5.685
13 730 2 58.832
14 22 4 85.045
15 243 9 33.621
16 835 46 77.554
17 704 33 34.296
18 147 19 34.372
19 745 17 14.469
20 870 6 83.362
21 672 24 24.663
22 971 35 11.702
23 506 18 50.072
24 410 36 34.58
25 80 6 98.169
26 1242 21 48.813
27 505 56 33.335
28 536 45 72.555
29 737 28 85.859
30 160 45 81.446
31 1363 6 39.277
32 645 26 26.137
33 67 37 30.88
34 1406 49 64.922
35 1352 24 63.857
36 409 4 31.247
37 344 23 97.624
38 728 43 63.309
39 823 5 86.749
40 1127 11 27.979
41 330 28 41.456
42 950 60 66.297
43 481 56 53.842
44 873 10 21.212
45 1398 1 0.677
46 581 48 2.108
47 1350 27 0.372
48 1140 55 32.405
49 102 8 57.938
50 572 5 90.971
51 243 23 81.04
52 1141 25 73.557
53 453 43 66.081
54 538 9 39.484
55 729 38 10.937
56 30 56 8.58
57 679 60 37.049
58 845 53 56.255
59 382 13 30.268
60 1121 29 90.326
61 472 11 45.165
62 1370 23 28.672
63 964 31 54.468
64 148 35 78.599
65 269 28 22.817
66 60 43 76.777
67 836 16 59.171
68 1387 48 92.258
69 957 39 24.044
70 229 11 12.733
71 1133 43 74.383
72 520 7 55.465
73 711 37 67.851
74 1010 56 79.27
75 1327 26 32.458
76 960 48 21.102
77 32 39 73.375
78 1251 11 10.384
79 841 9 8.018
80 645 17 6.574
81 809 15 98.846
82 225 1 29.168
83 1427 47 29.397
84 694 24 67.465
85 1165 27 14.519
86 1157 22 11.893
87 610 58 28.942
88 955 35 71.938
89 205 38 49.617
90 350 55 48.083
91 1139 29 63.415
92 1209 60 17.629
93 439 39 86.638
94 717 59 35.456
95 626 47 71.485
96 825 36 51.484
97 651 49 66.446
98 1028 26 68.95
99 991 50 37.24
100 659 41 42.372
101 308 27 50.401
102 1030 44 33.018
103 907 26 10.548
104 1217 36 58.583
105 1262 37 17.237
106 845 51 54.649
107 1068 21 84.36
108 261 41 37.438
109 166 33 92.317
110 1231 56 79.477
111 396 13 46.482
112 1064 46 28.428
113 1428 11 4.567
114 1385 23 35.477
115 13 34 89.946
116 367 41 73.483
117 227 9 50.718
118 517 24 33.405
119 20 40 19.387
120 836 40 55.308
121 848 21 63.04
122 855 51 92.298
123 327 34 1.035
124 1110 46 15.792
125 626 26 16.432
126 1302 43 72.704
127 1142 50 95.974
128 227 31 94.319
129 1314 14 88.916
130 1137 31 40.316
131 667 24 17.656
132 1008 43 78.542
133 634 58 22.352
134 21 35 99.575
135 1093 46 98.666
136 1194 46 8.503
137 354 58 54.847
138 241 36 70.158
139 804 13 81.787
140 1137 20 78.432
141 543 41 63.226
142 1195 19 86.332
143 1293 1 44.206
144 1026 22 65.627
145 882 60 12.582
146 509 49 21.563
147 5 15 69.257
148 1355 6 18.537
149 619 11 72.005
150 1041 6 68.036
151 746 29 5.639
152 479 5 99.673
153 641 27 51.854
154 345 54 76.282
155 74 31 51.835
156 45 12 97.212
157 872 12 86.638
158 788 12 66.884
159 1071 24 70.996
160 644 34 64.511
161 1273 51 57.212
162 952 30 94.775
163 1392 58 84.397
164 54 36 56.86
165 159 31 0.36
166 92 50 12.566
167 403 4 12.702
168 847 31 27.654
169 459 49 21.445
170 1077 9 77.238
171 941 57 42.857
172 563 14 57.924
173 832 21 80.362
174 1289 25 2.567
175 169 55 96.368
176 25 12 42.697
177 156 21 44.217
178 760 24 23.804
179 1000 51 98.684
180 1299 28 85.969
181 888 45 66.349
182 618 33 48.294
183 1278 42 50.308
184 262 27 56.22
185 649 3 78.526
186 458 59 95.422
187 1249 54 60.688
188 1248 33 65.198
189 426 24 35.949
190 731 28 51.313
191 1042 29 8.426
192 294 46 74.519