200   
1 536 10 81.567
2 690 37 42.15
3 1330 58 70.308
4 90 34 17.195
5 847 19 72.299
6 1018 11 91.822
7 450 34 80.993
8 163 34 68.389
9 687 39 65.084
10 1329 44 61.131
11 807 1 69.666
12 793 27 37.825
13 1090 1 48.888
14 1262 26 73.728
15 84 19 72.74
16 4 49 48.362
17 729 26 79.306
18 475 51 54.982
19 960 14 11.257
20 835 1 75.468
21 296 7 77.916
22 1291 51 84.213
23 662 16 61.178
24 20 1 1.237
25 1068 20 9.451
26 837 16 88.63
27 1316 32 2.537
28 1382 20 52.216
29 957 30 76.052
30 490 5 87.905
31 225 14 78.336
32 719 59 80.913
33 716 11 11.188
34 1182 19 29.557
35 314 5 38.3
36 492 50 3.261
37 970 23 1.632
38 914 13 67.252
39 307 33 85.067
40 1437 39 35.06
41 238 15 44.707
42 818 24 18.938
43 761 54 48.954
44 710 22 91.423
45 1266 9 57.209
46 144 57 56.278
47 560 13 9.593
48 204 45 27.89
49 694 41 6.258
50 875 19 20.352
51 1090 34 2.979
52 764 58 59.59
53 395 56 87.124
54 1033 10 59.851
55 498 35 89.015
56 666 37 15.52
57 1081 21 6.505
58 587 57 31.851
59 257 59 0.752
60 788 28 69.823
61 719 13 58.31
62 347 43 79.087
63 814 48 94.623
64 246 1 86.927
65 270 29 71.95
66 80 22 44.193
67 303 14 99.416
68 435 53 29.742
69 707 17 45.416
70 571 47 3.72
71 88 7 32.011
72 1348 24 80.24
73 1190 22 18.723
74 550 23 73.286
75 56 11 38.647
76 481 21 90.529
77 1274 4 17.96
78 148 8 16.749
79 827 27 7.383
80 1382 59 72.655
81 1136 57 12.064
82 730 55 5.494
83 147 35 3.883
84 746 60 88.845
85 1033 13 23.105
86 191 33 57.448
87 348 24 56.306
88 308 55 9.16
89 1319 22 63.041
90 178 39 29.314
91 1046 59 7.758
92 955 29 35.243
93 1158 27 4.54
94 427 47 4.541
95 961 49 24.117
96 194 28 86.345
97 1209 27 73.052
98 929 58 50.278
99 23 17 31.451
100 172 8 19.045
101 514 58 45.409
102 1224 59 86.916
103 486 29 79.642
104 97 4 46.254
105 1028 57 43.963
106 1403 49 83.393
107 1225 36 13.531
108 1438 25 75.874
109 470 12 65.24
110 703 9 20.333
111 518 41 15.118
112 322 1 56.888
113 277 7 83.294
114 1426 59 95.348
115 31 33 24.806
116 183 46 77.403
117 188 42 65.664
118 507 38 17.017
119 1290 17 96.433
120 211 41 39.183
121 896 4 35.659
122 1080 24 38.419
123 654 60 42.683
124 950 25 1.676
125 1274 58 36.653
126 684 20 83.783
127 220 27 27.241
128 1320 42 11.776
129 935 57 34.157
130 508 37 17.082
131 1007 49 75.991
132 1398 22 30.526
133 1036 7 45.258
134 1023 21 3.435
135 926 56 43.274
136 1401 20 61.745
137 1128 36 54.244
138 820 1 99.178
139 627 2 55.208
140 285 9 55.476
141 1307 34 6.092
142 1042 22 86.329
143 944 26 44.961
144 664 21 42.595
145 582 43 21.067
146 713 40 89.729
147 690 50 99.874
148 1144 60 26.337
149 796 17 62.644
150 782 30 58.474
151 187 48 76.424
152 890 4 42.154
153 1432 54 56.151
154 220 3 69.801
155 852 51 10.686
156 765 17 97.305
157 1068 53 99.074
158 1292 54 54.553
159 471 16 78.893
160 560 55 67.854
161 563 40 58.182
162 648 17 31.461
163 1189 15 97.783
164 381 12 27.167
165 1009 56 40.052
166 736 32 76.104
167 415 32 47.61
168 615 36 66.627
169 911 23 64.032
170 871 48 15.184
171 478 20 12.865
172 844 45 59.508
173 435 39 38.873
174 172 43 66.308
175 557 8 80.643
176 283 49 12.26
177 1249 9 16.271
178 361 23 4.66
179 785 14 64.757
180 1164 34 37.62
181 995 31 0.621
182 80 28 96.395
183 581 24 42.598
184 846 4 57.244
185 322 33 70.165
186 319 57 91.465
187 1254 46 23.638
188 1282 16 31.276
189 725 7 68.179
190 1390 1 17.518
191 990 3 25.608
192 553 22 31.199
193 584 30 95.506
194 464 44 86.32
195 1028 19 6.983
196 332 28 34.335
197 327 15 13.826
198 11 56 84.877
199 1344 29 32.76
200 945 3 71.582