156
1 914 20 73.93 
2 524 40 72.88 
3 1104 60 6.0 
4 373 23 81.0 
5 1341 20 43.114 
6 348 54 97.81 
7 1275 17 14.0 
8 466 22 38.0 
9 203 49 90.1 
10 1259 49 23.02 
11 182 11 30.0 
12 1245 8 86.8 
13 122 17 69.615 
14 795 22 28.165 
15 484 3 96.6 
16 626 42 32.8 
17 156 13 90.28 
18 826 10 12.77 
19 775 13 24.0 
20 105 23 15.0 
21 380 54 28.416 
22 948 42 78.9 
23 1349 34 6.0 
24 315 4 64.335 
25 283 4 6.844 
26 930 55 26.6 
27 142 24 36.6 
28 1127 43 59.1 
29 927 21 28.21 
30 88 58 20.0 
31 959 23 57.135 
32 389 26 21.0 
33 503 47 91.58 
34 298 37 62.6 
35 467 40 31.0 
36 1302 45 96.0 
37 932 41 55.0 
38 1206 49 23.769 
39 1036 48 78.92 
40 1016 11 7.8 
41 260 19 23.493 
42 18 39 49.789 
43 367 40 98.65 
44 766 16 65.0 
45 661 20 47.4 
46 1247 6 9.05 
47 446 13 89.7 
48 233 33 78.22 
49 1412 26 85.161 
50 344 35 3.845 
51 224 35 17.0 
52 1089 51 8.8 
53 1221 8 52.17 
54 1238 23 0.62 
55 356 40 5.0 
56 857 8 30.67 
57 912 59 1.39 
58 1291 52 95.171 
59 162 56 17.99 
60 948 31 99.0 
61 219 14 76.3 
62 1220 5 9.387 
63 1391 44 41.0 
64 789 47 82.92 
65 1422 40 63.878 
66 1098 13 25.0 
67 246 14 41.0 
68 232 42 67.0 
69 434 14 57.622 
70 328 4 83.526 
71 596 30 30.15 
72 1287 41 31.0 
73 886 13 22.2 
74 890 13 95.59 
75 1128 2 76.208 
76 402 3 62.0 
77 353 46 15.14 
78 1040 39 43.0 
79 678 40 90.9 
80 352 32 31.023 
81 748 55 52.0 
82 251 28 58.0 
83 473 52 58.29 
84 1262 28 44.151 
85 1236 10 94.51 
86 426 55 73.0 
87 364 38 18.15 
88 1082 20 8.45 
89 945 22 28.137 
90 1057 48 12.275 
91 564 14 78.82 
92 895 45 4.699 
93 1308 12 72.772 
94 1349 15 45.059 
95 1360 39 35.0 
96 592 24 73.8 
97 322 24 9.0 
98 1213 39 39.0 
99 620 25 28.4 
100 1149 7 41.0 
101 676 11 62.579 
102 1169 44 82.1 
103 437 13 58.788 
104 200 9 38.78 
105 811 32 41.0 
106 799 41 72.2 
107 157 44 50.377 
108 693 33 55.9 
109 955 38 63.44 
110 762 2 16.327 
111 220 25 17.0 
112 361 35 78.092 
113 334 20 11.2 
114 52 25 21.43 
115 549 5 87.164 
116 907 45 57.0 
117 687 3 51.5 
118 1409 40 95.71 
119 76 31 37.13 
120 489 36 78.3 
121 24 39 68.505 
122 838 3 85.745 
123 691 15 5.566 
124 1373 46 94.0 
125 489 33 78.7 
126 440 35 47.3 
127 359 16 6.0 
128 84 5 78.605 
129 167 2 84.0 
130 462 14 13.234 
131 592 5 5.0 
132 562 2 82.0 
133 274 19 91.5 
134 214 18 26.891 
135 24 55 39.0 
136 911 55 70.5 
137 530 53 94.0 
138 1085 4 24.6 
139 157 5 60.9 
140 179 25 29.876 
141 448 24 21.103 
142 743 31 82.0 
143 1369 28 4.755 
144 921 25 25.6 
145 56 6 88.6 
146 716 6 49.8 
147 455 44 22.01 
148 976 56 5.0 
149 758 53 35.0 
150 1278 26 57.0 
151 359 26 95.0 
152 791 3 81.73 
153 214 27 60.0 
154 485 33 54.99 
155 250 5 78.05 
156 864 51 92.561 