162
1 917 32 56
2 660 5 32
3 648 40 12
4 1380 9 26
5 840 23 49
6 1127 10 71
7 789 13 20
8 342 5 99
9 1144 37 67
10 883 37 27
11 586 44 39
12 1123 32 59
13 283 58 7
14 888 41 87
15 589 60 2
16 208 12 97
17 31 59 72
18 368 34 98
19 89 9 17
20 650 24 79
21 414 4 27
22 692 50 38
23 127 56 22
24 754 46 35
25 757 2 39
26 813 34 47
27 211 55 87
28 678 43 90
29 1178 53 65
30 466 36 25
31 1148 6 85
32 413 7 52
33 820 29 3
34 1400 52 54
35 1354 34 92
36 131 51 60
37 735 49 74
38 1088 15 64
39 1421 35 42
40 714 22 23
41 1041 20 24
42 232 50 65
43 250 42 31
44 922 25 17
45 572 42 19
46 1433 49 43
47 415 41 4
48 392 27 30
49 441 40 84
50 735 53 47
51 1188 32 25
52 1344 51 57
53 507 43 74
54 1346 33 49
55 474 21 23
56 935 17 96
57 1302 40 81
58 408 39 34
59 638 8 6
60 661 48 92
61 90 38 77
62 576 26 5
63 1391 17 38
64 454 53 30
65 584 16 46
66 213 46 41
67 1082 29 58
68 1410 3 72
69 1218 19 2
70 1310 57 37
71 1120 27 97
72 918 44 65
73 101 54 97
74 640 41 45
75 366 58 22
76 291 33 29
77 214 26 58
78 631 8 27
79 1330 16 2
80 774 49 75
81 428 27 9
82 559 53 49
83 640 29 24
84 991 26 58
85 889 44 21
86 281 33 32
87 533 7 64
88 971 2 75
89 374 38 34
90 1237 23 48
91 944 6 70
92 438 33 55
93 1028 54 61
94 705 40 56
95 1412 46 34
96 1143 34 1
97 942 52 69
98 292 29 25
99 128 34 5
100 325 23 25
101 1034 9 24
102 658 56 43
103 772 17 33
104 875 22 6
105 798 60 42
106 480 26 17
107 535 13 72
108 789 36 3
109 597 32 93
110 891 12 17
111 363 13 82
112 1427 60 64
113 1151 30 86
114 1053 58 16
115 1268 36 76
116 7 9 88
117 456 25 84
118 288 45 62
119 676 52 95
120 680 44 10
121 438 46 64
122 744 37 12
123 1392 46 30
124 1127 3 51
125 392 5 76
126 68 44 90
127 104 45 56
128 616 30 5
129 257 13 95
130 581 8 7
131 765 26 99
132 1072 16 76
133 570 27 61
134 332 49 97
135 823 56 68
136 1001 53 8
137 856 31 33
138 1363 40 55
139 429 38 46
140 737 6 69
141 482 41 94
142 1007 6 76
143 6 55 57
144 778 32 40
145 690 22 81
146 1383 17 22
147 411 3 33
148 1117 37 51
149 1085 15 89
150 928 15 52
151 670 16 75
152 1399 41 82
153 1430 10 5
154 816 33 67
155 1201 54 13
156 914 3 48
157 347 23 45
158 1185 14 84
159 611 26 69
160 1340 49 55
161 174 44 69
162 358 59 4
