200
1 52 13 24.706
2 869 26 72.948
3 656 50 36.302
4 594 45 10.831
5 698 13 9.242
6 61 23 40.425
7 579 43 17.287
8 372 5 86.423
9 1195 31 36.183
10 173 35 41.093
11 485 56 95.114
12 1021 23 50.73
13 1407 56 90.301
14 1421 5 76.906
15 415 43 77.467
16 75 15 43.709
17 384 13 63.294
18 643 27 30.075
19 742 21 70.379
20 1159 41 20.737
21 389 52 98.629
22 1174 6 48.325
23 951 11 85.909
24 222 26 23.86
25 1197 1 16.737
26 102 11 20.84
27 911 42 33.792
28 1436 18 69.975
29 1122 46 86.919
30 1224 49 47.316
31 1343 27 45.895
32 231 27 51.763
33 1309 58 12.135
34 1403 35 88.758
35 1325 35 53.463
36 462 9 67.964
37 361 25 43.4
38 122 25 1.258
39 464 29 60.896
40 3 3 91.365
41 1291 44 35.377
42 1097 56 13.94
43 778 6 66.159
44 786 20 40.34
45 1254 41 41.906
46 1280 27 25.632
47 888 46 79.918
48 1000 37 43.664
49 671 21 52.116
50 891 32 71.408
51 125 32 18.802
52 1202 42 80.775
53 361 19 83.565
54 1412 31 81.007
55 1036 37 25.755
56 1121 42 70.411
57 607 3 32.196
58 451 47 89.606
59 606 13 96.31
60 1243 9 42.292
61 445 33 94.8
62 671 41 5.222
63 198 22 38.486
64 731 36 27.734
65 446 59 89.541
66 755 58 38.533
67 1245 28 50.233
68 874 35 55.876
69 1153 19 11.255
70 390 47 31.368
71 1065 12 4.832
72 262 12 60.8
73 961 29 49.555
74 456 5 29.031
75 566 1 36.647
76 716 58 52.388
77 139 25 29.915
78 769 58 55.152
79 408 33 22.736
80 1408 7 32.351
81 962 34 17.655
82 1437 55 69.041
83 414 28 35.48
84 720 16 43.059
85 1071 11 59.827
86 1397 7 28.021
87 104 40 13.102
88 1172 29 89.959
89 27 24 32.258
90 679 25 3.476
91 1006 28 25.405
92 1409 59 33.014
93 130 52 27.399
94 1334 42 97.285
95 1140 26 58.367
96 639 33 74.258
97 1422 24 49.113
98 1074 34 88.645
99 912 35 66.917
100 1323 30 91.232
101 670 56 6.383
102 477 15 49.899
103 227 27 82.795
104 233 36 9.11
105 58 4 98.978
106 787 3 98.886
107 1379 26 94.585
108 1268 5 27.343
109 22 48 65.059
110 405 42 62.983
111 660 8 13.026
112 226 25 2.793
113 575 39 83.813
114 652 12 17.848
115 391 45 28.365
116 518 42 26.238
117 938 28 38.126
118 216 38 76.227
119 990 36 31.841
120 147 17 55.466
121 668 3 19.461
122 735 23 61.544
123 974 27 51.909
124 1130 11 18.313
125 1260 8 88.308
126 153 54 43.601
127 642 48 69.877
128 1245 15 23.21
129 1393 31 16.209
130 117 4 95.75
131 639 55 44.065
132 1334 32 35.821
133 410 19 89.032
134 354 21 4.115
135 106 55 31.862
136 1184 17 41.185
137 366 4 19.344
138 1136 9 87.884
139 1279 31 41.74
140 642 45 28.127
141 583 49 83.069
142 1071 10 95.809
143 289 47 20.202
144 694 24 24.853
145 313 47 39.857
146 1306 31 90.67
147 578 43 72.354
148 656 44 86.139
149 1401 49 68.554
150 520 16 41.44
151 643 19 9.427
152 1103 13 30.062
153 664 13 3.574
154 361 26 51.021
155 436 56 35.499
156 1270 36 31.472
157 1304 43 45.138
158 750 27 97.189
159 537 51 93.967
160 536 37 51.422
161 705 35 16.186
162 23 48 97.285
163 1137 47 5.653
164 942 41 23.425
165 692 32 27.502
166 639 46 11.69
167 653 46 1.893
168 37 45 26.642
169 454 19 89.288
170 304 14 66.477
171 503 16 88.571
172 1359 43 2.191
173 1360 37 21.125
174 375 30 81.612
175 366 42 73.897
176 1109 36 42.377
177 1430 39 12.354
178 91 30 34.078
179 828 26 21.636
180 1079 37 29.728
181 251 10 13.496
182 1168 31 39.662
183 289 8 4.785
184 346 37 25.48
185 1123 19 25.876
186 268 13 76.84
187 48 19 95.994
188 623 54 91.721
189 363 20 62.655
190 1128 48 25.985
191 1373 43 15.001
192 100 31 80.485
193 700 9 53.339
194 1231 44 51.021
195 336 54 57.391
196 291 34 82.061
197 434 41 26.389
198 1342 8 8.839
199 1389 13 50.361
200 1209 42 93.225