200
1 322 6 25.833
2 1317 6 74.405
3 220 6 92.286
4 835 37 25.299
5 370 1 37.778
6 1047 29 4.036
7 62 58 55.743
8 630 13 11.858
9 953 49 33.709
10 393 19 0.438
11 776 51 51.683
12 493 56 0.136
13 1251 47 17.218
14 412 29 15.849
15 889 59 24.685
16 164 50 3.094
17 527 38 60.385
18 1006 3 74.839
19 198 5 89.233
20 277 10 39.965
21 1425 16 69.264
22 303 54 31.255
23 581 15 63.31
24 992 17 28.391
25 12 13 24.973
26 831 28 62.775
27 879 47 71.283
28 1188 26 84.43
29 137 45 0.131
30 464 13 81.825
31 789 56 74.971
32 43 6 79.732
33 1406 33 35.115
34 1224 40 42.654
35 315 14 2.842
36 1162 55 25.0
37 1385 12 38.572
38 986 53 11.373
39 1216 16 14.384
40 1219 12 91.387
41 1237 55 17.303
42 1262 31 50.013
43 1218 23 27.171
44 874 13 53.66
45 432 7 17.732
46 1144 58 45.888
47 279 41 73.115
48 546 47 33.36
49 245 20 96.667
50 40 19 17.198
51 1175 6 93.758
52 341 13 92.022
53 304 28 22.691
54 434 32 42.806
55 784 20 96.961
56 79 5 12.697
57 1002 7 35.972
58 885 24 89.1
59 695 53 75.555
60 622 59 22.874
61 1137 56 65.02
62 1397 33 68.209
63 786 26 50.888
64 377 40 30.713
65 670 38 41.746
66 1287 17 25.816
67 580 52 12.296
68 65 30 86.532
69 740 57 83.03
70 763 19 23.41
71 1102 14 87.693
72 917 5 54.638
73 1048 60 29.18
74 377 10 58.761
75 647 2 62.937
76 771 17 40.57
77 726 3 4.252
78 319 27 35.12
79 582 25 52.404
80 1150 6 14.963
81 1279 58 99.65
82 1336 14 46.723
83 1433 59 72.863
84 954 33 55.278
85 6 13 13.462
86 448 42 92.004
87 275 39 41.877
88 179 26 36.025
89 1352 1 34.908
90 1092 9 8.963
91 1302 45 2.51
92 1065 43 93.823
93 1378 37 74.958
94 344 3 42.768
95 62 7 34.091
96 1043 34 45.067
97 1103 39 45.489
98 842 38 28.165
99 1423 60 41.601
100 1364 58 19.27
101 744 28 73.137
102 924 1 93.753
103 547 29 35.264
104 1098 30 63.596
105 764 48 62.496
106 597 20 97.736
107 136 18 24.278
108 642 57 87.277
109 788 5 87.637
110 754 6 53.637
111 137 24 8.234
112 546 38 47.17
113 908 39 77.585
114 495 13 24.215
115 692 16 27.495
116 1031 44 31.131
117 153 37 30.57
118 64 17 38.009
119 904 52 71.786
120 937 38 89.244
121 1384 26 75.064
122 554 4 42.333
123 76 19 60.062
124 427 6 39.666
125 1266 37 32.62
126 338 5 43.158
127 1161 30 44.403
128 745 19 18.407
129 28 12 13.779
130 1246 56 20.16
131 845 44 47.226
132 969 26 57.585
133 1274 29 35.092
134 836 31 28.326
135 804 1 29.165
136 1424 58 41.045
137 632 24 98.225
138 166 53 26.826
139 719 13 82.712
140 1185 34 78.217
141 528 17 80.683
142 170 32 16.35
143 1218 28 22.726
144 203 35 47.295
145 701 24 31.557
146 107 39 16.411
147 1220 24 46.812
148 232 30 24.921
149 837 38 52.741
150 122 38 83.735
151 366 28 47.173
152 847 23 75.366
153 174 60 58.515
154 308 12 7.304
155 652 35 36.124
156 1253 34 39.224
157 280 34 65.559
158 202 31 63.653
159 491 28 6.635
160 698 6 97.344
161 1330 54 20.555
162 620 10 94.88
163 165 33 28.773
164 547 35 5.962
165 236 7 0.699
166 600 56 74.396
167 713 1 79.807
168 159 25 61.321
169 38 32 5.062
170 985 17 57.427
171 1305 45 4.991
172 486 16 89.567
173 1325 17 44.229
174 322 4 2.327
175 76 47 14.998
176 626 46 41.39
177 617 19 55.071
178 988 3 20.769
179 365 13 25.103
180 743 56 6.296
181 48 21 5.699
182 168 17 77.19
183 810 25 28.423
184 1149 53 21.857
185 610 6 34.375
186 81 36 1.343
187 1382 32 27.555
188 1210 23 97.89
189 1161 5 43.835
190 1117 54 99.185
191 1181 32 96.32
192 1341 7 89.879
193 705 26 8.377
194 541 21 27.278
195 687 36 73.115
196 178 19 78.909
197 709 37 79.156
198 587 57 85.07
199 1005 49 85.665
200 114 7 82.15