200
1 1048 18 9.765
2 1315 22 7.765
3 418 15 6.027
4 49 44 93.739
5 59 46 30.311
6 1401 45 14.206
7 1146 50 89.836
8 1436 34 3.544
9 1409 5 23.469
10 694 12 14.534
11 921 16 82.714
12 689 34 86.058
13 995 30 51.216
14 458 50 29.326
15 528 33 27.562
16 56 24 56.2
17 1304 37 68.729
18 1086 41 33.604
19 492 37 97.78
20 1160 41 79.323
21 1345 54 68.183
22 564 36 73.079
23 1258 37 58.776
24 1179 57 84.702
25 1076 13 50.476
26 1223 8 95.728
27 747 47 41.148
28 218 8 54.227
29 171 49 3.714
30 1302 25 53.101
31 1085 58 67.511
32 693 56 67.956
33 224 42 49.914
34 885 5 36.914
35 137 8 6.374
36 501 40 95.279
37 631 44 11.188
38 192 18 60.087
39 1184 16 98.352
40 247 9 1.35
41 1289 35 52.216
42 587 53 42.208
43 259 27 3.686
44 1267 42 44.88
45 1165 46 30.723
46 988 7 22.77
47 64 54 25.108
48 984 56 82.848
49 678 16 56.272
50 262 3 52.66
51 1261 26 17.57
52 1186 46 20.735
53 108 14 70.115
54 510 17 32.369
55 857 59 27.485
56 1004 60 68.234
57 660 12 92.669
58 53 17 32.413
59 1147 23 39.34
60 481 31 17.103
61 867 48 80.268
62 1214 50 80.956
63 878 20 77.685
64 410 30 49.863
65 260 48 81.334
66 451 5 76.662
67 834 36 74.71
68 304 28 44.694
69 109 49 84.31
70 43 38 95.161
71 22 33 38.28
72 618 44 3.248
73 427 29 36.116
74 595 58 61.989
75 754 44 87.255
76 106 3 5.816
77 654 17 7.425
78 981 25 21.709
79 314 7 99.784
80 519 29 56.046
81 808 34 49.869
82 116 56 38.055
83 1423 32 66.388
84 998 33 60.438
85 1432 37 64.783
86 343 19 32.684
87 450 20 94.302
88 469 19 44.859
89 494 47 96.91
90 808 51 42.856
91 1117 50 88.309
92 643 51 15.069
93 515 28 47.42
94 815 55 21.42
95 1011 58 92.951
96 418 45 12.412
97 983 32 2.0
98 998 51 57.695
99 1076 57 58.303
100 532 9 49.983
101 472 16 91.029
102 62 17 53.186
103 700 30 22.795
104 451 31 76.965
105 387 17 3.418
106 582 24 84.818
107 244 24 45.503
108 449 21 98.782
109 1134 14 56.288
110 426 47 87.909
111 111 6 95.77
112 744 59 27.522
113 299 18 92.041
114 112 43 51.851
115 1022 18 77.715
116 983 42 43.24
117 1352 35 96.988
118 222 4 82.957
119 33 49 38.788
120 635 54 31.745
121 72 26 67.325
122 1413 43 35.706
123 832 53 14.854
124 877 9 34.503
125 1410 54 76.131
126 1276 18 43.722
127 1294 48 39.978
128 806 11 38.273
129 558 6 66.111
130 506 29 41.825
131 495 41 32.225
132 875 35 36.341
133 579 7 35.052
134 898 26 76.427
135 378 31 52.365
136 1188 7 65.677
137 803 36 47.78
138 1340 6 98.658
139 627 15 0.144
140 66 19 14.472
141 1174 55 14.881
142 1310 42 88.333
143 172 23 45.143
144 1367 37 70.764
145 1296 14 24.021
146 1319 28 52.923
147 833 18 35.995
148 734 36 26.01
149 675 1 10.032
150 507 55 65.01
151 1081 60 8.871
152 1359 50 96.734
153 108 15 71.569
154 1322 7 65.303
155 15 5 52.684
156 217 18 34.548
157 296 12 79.224
158 1052 49 47.526
159 1128 57 87.213
160 238 21 21.255
161 1123 35 52.617
162 1348 57 8.155
163 1096 41 41.413
164 276 20 96.706
165 347 9 36.695
166 307 51 19.706
167 810 14 75.307
168 1009 3 95.762
169 262 3 6.013
170 599 28 68.398
171 141 2 46.032
172 44 40 50.277
173 562 56 0.59
174 946 55 84.187
175 372 30 62.56
176 1056 3 41.462
177 136 22 30.9
178 660 8 73.981
179 162 34 77.145
180 670 23 14.274
181 99 28 38.253
182 882 12 11.013
183 209 38 8.617
184 408 32 56.338
185 1097 41 62.159
186 159 21 5.311
187 1390 16 40.628
188 252 20 41.088
189 321 32 62.311
190 1207 42 91.303
191 474 2 72.987
192 378 37 29.736
193 350 40 84.871
194 133 44 88.262
195 234 25 13.364
196 725 29 52.033
197 966 5 89.743
198 1433 33 69.945
199 410 36 35.845
200 754 41 18.722