200
1 73 10 35
2 1082 34 52
3 765 11 38
4 259 25 72
5 677 50 77
6 1161 49 97
7 1215 22 68
8 297 33 73
9 188 15 27
10 1141 6 16
11 701 10 21
12 71 16 94
13 467 24 67
14 207 25 58
15 676 7 88
16 1166 43 38
17 494 47 1
18 1162 1 77
19 1148 32 46
20 1356 12 76
21 1011 7 3
22 1246 9 5
23 110 21 63
24 1385 37 35
25 583 37 7
26 895 57 64
27 1177 25 72
28 1345 39 91
29 783 35 58
30 1163 51 41
31 1370 14 27
32 687 31 52
33 367 39 87
34 1118 53 15
35 829 45 83
36 100 12 45
37 452 21 46
38 537 55 45
39 871 41 93
40 295 50 84
41 194 1 38
42 1073 13 6
43 1158 39 75
44 344 4 56
45 522 11 83
46 688 51 17
47 193 45 23
48 1087 13 78
49 506 4 96
50 800 11 74
51 873 42 52
52 57 14 35
53 671 33 31
54 325 27 43
55 1044 22 53
56 370 42 38
57 915 14 9
58 486 14 71
59 356 46 25
60 1394 49 97
61 291 56 79
62 557 25 48
63 409 52 12
64 1341 9 28
65 683 7 29
66 253 57 62
67 744 14 67
68 49 8 47
69 996 58 97
70 817 57 55
71 466 60 46
72 590 43 33
73 1279 39 60
74 1199 29 92
75 1377 8 57
76 1197 22 45
77 475 25 7
78 127 40 53
79 864 3 91
80 737 28 72
81 1011 1 90
82 914 6 6
83 1167 5 95
84 755 15 4
85 1140 52 43
86 1056 22 79
87 68 31 11
88 694 34 75
89 1403 37 15
90 595 41 86
91 850 41 30
92 1076 13 76
93 54 15 37
94 100 21 12
95 1400 50 19
96 1347 33 15
97 1306 4 88
98 1332 49 67
99 539 56 31
100 116 24 19
101 923 20 58
102 793 53 2
103 1186 28 91
104 903 52 25
105 524 8 51
106 1177 6 92
107 1135 30 57
108 40 10 99
109 1103 50 93
110 1373 1 2
111 112 20 88
112 1353 23 59
113 285 34 91
114 872 22 80
115 1440 4 69
116 1046 33 60
117 669 26 9
118 328 30 96
119 216 6 25
120 177 4 82
121 1325 1 74
122 609 46 64
123 1385 54 84
124 1242 52 71
125 332 14 93
126 10 3 78
127 1008 33 25
128 1226 48 10
129 1383 33 10
130 15 38 43
131 475 15 11
132 75 32 46
133 1233 38 82
134 1091 43 54
135 1317 52 96
136 917 41 17
137 199 6 52
138 1023 45 37
139 446 43 96
140 933 24 6
141 1251 14 5
142 78 24 67
143 749 15 62
144 1217 40 30
145 1189 14 5
146 1032 19 72
147 889 43 73
148 788 7 10
149 764 15 95
150 1140 29 55
151 594 23 20
152 724 30 72
153 1348 4 84
154 289 6 12
155 1129 12 51
156 182 55 63
157 82 23 2
158 953 25 1
159 1084 56 82
160 511 10 18
161 1052 28 82
162 899 57 17
163 1025 58 44
164 1357 10 94
165 92 4 70
166 813 12 96
167 1149 4 23
168 1429 6 39
169 809 58 85
170 426 37 94
171 1091 29 22
172 827 24 65
173 608 31 75
174 590 31 89
175 429 1 4
176 349 34 69
177 429 11 37
178 1203 41 45
179 1282 11 18
180 231 32 58
181 728 36 97
182 620 16 90
183 241 50 71
184 805 59 48
185 1155 6 10
186 1422 46 61
187 1199 37 13
188 530 39 11
189 967 54 51
190 256 2 29
191 139 55 72
192 1043 60 6
193 691 51 19
194 207 46 1
195 614 48 93
196 226 22 13
197 1357 46 30
198 1350 55 38
199 160 43 9
200 222 43 91