152
1 1060 58 83.363
2 1093 6 20.138
3 920 36 5.623
4 450 49 1.676
5 1388 53 64.42
6 193 13 34.34
7 1045 58 36.69
8 592 59 63.116
9 831 38 33.363
10 762 18 71.152
11 1302 48 92.433
12 532 23 58.891
13 774 13 10.59
14 1282 45 48.189
15 12 30 24.269
16 1322 60 89.966
17 1102 13 17.587
18 627 58 5.134
19 1025 24 64.374
20 115 49 34.49
21 316 43 15.624
22 61 41 6.099
23 622 54 91.631
24 109 37 21.791
25 350 32 18.268
26 780 45 30.224
27 230 24 21.333
28 166 33 16.841
29 285 46 72.132
30 1350 46 2.562
31 185 57 5.842
32 1059 36 69.682
33 796 1 4.233
34 1339 33 57.697
35 476 18 43.205
36 538 51 24.291
37 923 56 61.774
38 621 34 82.868
39 1063 57 69.412
40 190 3 30.589
41 1280 31 54.897
42 1243 7 33.107
43 1152 32 3.17
44 123 29 80.821
45 1077 21 41.941
46 355 8 62.08
47 1174 6 51.926
48 22 49 95.512
49 445 1 44.432
50 275 9 27.624
51 901 51 55.106
52 1232 33 86.888
53 849 22 8.127
54 950 58 29.074
55 340 34 20.167
56 766 32 49.967
57 843 17 58.851
58 312 1 57.243
59 485 48 93.895
60 666 15 65.691
61 1345 59 65.065
62 653 25 84.265
63 96 40 21.589
64 67 52 23.944
65 990 35 39.518
66 898 47 30.028
67 199 6 46.67
68 251 34 99.906
69 555 14 60.567
70 1145 9 21.467
71 1039 20 42.887
72 22 43 87.191
73 1000 26 22.978
74 738 41 50.54
75 99 35 73.713
76 1218 4 67.762
77 1226 53 45.463
78 1371 56 16.702
79 405 57 44.444
80 171 45 92.03
81 447 39 40.571
82 623 14 4.802
83 146 55 2.39
84 1024 49 12.306
85 795 36 61.254
86 389 13 44.201
87 874 32 57.89
88 256 19 58.175
89 662 44 33.462
90 750 60 78.415
91 1131 43 68.187
92 1056 23 76.349
93 964 55 84.592
94 1434 3 8.285
95 20 4 98.754
96 824 12 33.986
97 990 13 43.257
98 449 6 87.25
99 1336 58 12.833
100 331 41 98.961
101 213 28 77.5
102 1172 39 61.754
103 605 57 9.296
104 1290 16 47.293
105 1083 32 85.072
106 1184 24 12.994
107 1094 53 87.973
108 180 55 31.619
109 1307 57 91.049
110 1023 37 98.23
111 1439 5 96.329
112 558 23 34.119
113 476 34 98.949
114 1366 33 12.452
115 294 41 78.781
116 9 59 70.844
117 280 47 87.274
118 736 23 17.27
119 576 46 6.048
120 532 17 23.947
121 1158 59 86.208
122 61 57 95.394
123 315 3 18.873
124 558 57 41.681
125 511 27 2.799
126 48 34 21.428
127 692 29 9.262
128 201 28 30.04
129 1274 19 81.022
130 149 12 85.651
131 912 48 25.931
132 388 57 26.514
133 711 27 30.079
134 930 36 97.63
135 459 21 2.7
136 1076 31 82.906
137 1337 35 74.996
138 894 30 26.906
139 728 10 83.136
140 774 6 87.666
141 229 20 32.37
142 1173 6 71.952
143 253 33 28.43
144 399 24 9.922
145 1307 21 85.734
146 1129 58 16.985
147 56 40 87.683
148 557 1 79.259
149 191 14 95.532
150 471 26 38.848
151 1122 44 43.137
152 1001 18 2.029
