200
1 1382 23 85.578 
2 126 1 72.319   
3 95 4 90.757    
4 854 23 75.462  
5 50 17 77.165   
6 397 4 9.36     
7 465 24 47.465  
8 828 50 85.863  
9 1101 43 42.851 
10 1226 41 30.102
11 1195 27 90.068
12 705 31 87.304 
13 1405 39 12.068
14 550 13 4.136  
15 900 4 48.651  
16 396 40 44.049 
17 1030 52 58.21 
18 671 22 39.339 
19 905 23 91.963 
20 615 38 10.057 
21 286 7 97.794  
22 1411 44 89.03 
23 132 58 0.459  
24 581 14 87.83
25 824 35 84.174
26 827 22 84.029
27 333 2 53.422
28 750 39 7.938
29 93 16 33.544
30 908 19 64.447
31 236 20 74.121
32 1314 16 5.76
33 739 11 32.832
34 680 48 49.016
35 417 46 25.618
36 273 53 37.81
37 783 12 13.122
38 1161 59 85.097
39 65 35 1.119
40 199 31 44.598
41 1218 2 87.909
42 313 33 83.424
43 453 24 63.641
44 1091 51 69.202
45 1409 52 53.77
46 519 36 24.045
47 1309 23 28.831
48 1054 48 15.991
49 520 5 22.808
50 1384 33 24.339
51 1081 57 6.113
52 697 60 94.777
53 405 7 74.254
54 633 2 73.732
55 1282 43 36.58
56 916 35 32.004
57 819 59 73.885
58 827 7 61.78
59 1285 59 60.058
60 1395 43 92.732
61 439 55 22.77
62 1285 9 78.819
63 546 41 32.281
64 495 55 41.157
65 3 12 28.712
66 1040 20 52.879
67 792 9 65.256
68 384 30 44.063
69 1163 20 23.042
70 470 14 21.935
71 220 36 75.282
72 527 36 13.368
73 296 21 39.365
74 867 18 8.087
75 1195 10 73.227
76 478 42 81.331
77 967 42 31.864
78 413 38 56.299
79 1084 57 17.325
80 1268 16 11.584
81 1292 17 39.972
82 1277 41 52.995
83 350 40 87.164
84 290 37 92.744
85 1013 35 5.906
86 321 3 66.884
87 844 39 61.828
88 627 22 78.902
89 1180 8 81.154
90 751 28 99.256
91 494 33 40.524
92 1037 57 46.755
93 1105 9 89.476
94 664 10 15.849
95 920 47 79.885
96 1370 28 25.944
97 156 51 68.961
98 188 1 29.272
99 86 17 88.831
100 411 15 97.067
101 161 54 84.295
102 122 52 19.85
103 1276 3 17.43
104 387 17 32.919
105 55 32 93.879
106 76 45 33.826
107 499 28 21.374
108 532 27 34.787
109 67 36 16.219
110 31 17 79.596
111 546 39 81.809
112 794 35 70.812
113 745 33 89.419
114 142 52 41.023
115 806 16 2.591
116 323 35 12.795
117 600 36 59.024
118 524 11 16.784
119 1018 10 33.732
120 360 26 23.116
121 657 52 6.308
122 1163 56 99.603
123 643 22 9.085
124 218 30 66.868
125 513 9 32.612
126 1077 40 52.472
127 1370 58 12.254
128 688 7 46.143
129 1437 2 53.039
130 6 49 54.531
131 238 48 67.954
132 661 35 19.924
133 963 48 80.53
134 1210 45 17.917
135 1368 27 21.153
136 197 28 79.603
137 150 42 6.228
138 25 46 86.406
139 236 8 13.216
140 635 44 59.581
141 116 33 24.056
142 800 1 48.799
143 340 15 23.329
144 183 21 6.388
145 4 32 0.339
146 106 12 51.4
147 551 29 38.107
148 546 15 52.708
149 883 35 26.812
150 816 10 45.121
151 483 38 60.133
152 587 40 44.91
153 1193 45 56.376
154 1021 19 43.126
155 1331 40 88.81
156 612 30 97.886
157 1099 23 54.049
158 84 2 13.67
159 1158 60 37.834
160 234 45 16.361
161 866 8 66.807
162 1246 32 75.085
163 628 9 77.558
164 930 17 80.446
165 349 16 35.68
166 603 35 10.697
167 125 51 19.382
168 829 32 63.582
169 73 9 32.72
170 1100 60 8.578
171 53 24 69.203
172 703 38 35.026
173 1278 47 6.846
174 1280 11 94.592
175 801 46 56.742
176 826 19 71.9
177 851 51 76.02
178 763 56 13.052
179 1173 30 63.26
180 543 1 18.043
181 1102 13 52.851
182 846 22 39.865
183 1120 45 79.827
184 836 24 72.367
185 851 53 98.494
186 1209 29 79.846
187 64 52 21.361
188 500 27 95.695
189 1028 11 50.612
190 1378 42 45.333
191 908 7 38.663
192 127 56 53.351
193 921 46 86.313
194 384 56 5.697
195 73 11 79.326
196 494 31 57.644
197 836 30 81.287
198 679 21 89.982
199 1196 45 16.528
200 418 58 81.324