200
1 838 39 39.512
2 452 35 43.112
3 276 13 29.373
4 1017 52 94.015
5 260 39 31.528
6 561 47 70.564
7 990 5 41.453
8 1350 36 73.764
9 155 45 66.14
10 1061 55 28.735
11 126 1 91.074
12 1118 39 33.252
13 481 11 0.542
14 1015 1 27.847
15 775 11 26.57
16 341 57 1.158
17 739 2 68.601
18 422 8 41.338
19 459 58 54.658
20 293 12 20.982
21 652 40 23.125
22 1075 40 65.197
23 1388 52 95.383
24 846 11 24.771
25 993 12 26.146
26 282 23 54.581
27 1043 12 93.662
28 708 54 26.21
29 588 36 37.979
30 389 47 63.788
31 168 48 20.682
32 1318 19 90.642
33 965 57 32.379
34 63 28 45.345
35 146 54 9.58
36 57 55 20.389
37 349 50 97.843
38 1277 50 9.798
39 32 34 43.274
40 1383 17 27.317
41 459 37 45.46
42 599 1 4.263
43 640 39 90.177
44 1148 48 1.037
45 1229 42 22.016
46 302 13 5.975
47 444 41 2.825
48 1128 16 36.751
49 1383 25 91.128
50 524 12 40.582
51 170 48 82.079
52 1428 8 41.508
53 532 41 89.977
54 1017 1 72.303
55 1072 37 90.279
56 821 49 17.985
57 1410 25 4.047
58 497 6 30.242
59 1344 33 49.515
60 1427 5 49.436
61 817 52 11.54
62 326 1 39.018
63 277 22 8.004
64 1056 6 44.555
65 196 3 21.929
66 360 27 65.785
67 273 5 54.194
68 564 45 47.798
69 817 46 21.25
70 1166 56 73.588
71 1059 18 27.817
72 596 8 18.133
73 692 9 56.206
74 365 47 81.161
75 314 20 80.446
76 1203 6 53.026
77 122 3 67.498
78 455 16 31.041
79 804 6 19.594
80 1056 21 15.177
81 1024 7 85.59
82 1029 22 63.523
83 1368 58 42.297
84 1086 21 76.215
85 774 2 15.652
86 254 56 36.997
87 1188 4 6.013
88 1101 22 19.091
89 305 8 44.452
90 36 32 9.58
91 932 1 95.478
92 590 33 37.942
93 1244 55 64.325
94 351 32 52.746
95 1436 39 9.529
96 1414 53 37.802
97 95 32 61.519
98 1249 59 20.084
99 443 22 6.688
100 469 10 14.359
101 919 21 26.478
102 876 55 82.242
103 20 21 51.587
104 683 56 50.243
105 1034 37 89.278
106 1423 6 69.7
107 1078 56 99.559
108 952 60 91.352
109 492 51 83.705
110 977 15 4.311
111 1103 10 13.461
112 366 31 42.086
113 1191 41 44.993
114 526 58 13.987
115 760 6 81.597
116 707 26 73.668
117 169 49 61.355
118 257 44 8.093
119 541 54 40.127
120 1039 39 22.002
121 1197 9 92.608
122 1420 50 70.957
123 717 39 21.789
124 1229 30 55.7
125 1404 9 24.425
126 808 17 84.844
127 345 10 57.332
128 755 38 1.722
129 1159 20 38.371
130 770 11 28.294
131 994 46 41.779
132 98 47 92.945
133 468 56 72.327
134 137 29 10.882
135 1427 42 45.179
136 591 24 99.635
137 616 3 38.396
138 147 32 96.596
139 1394 33 8.112
140 1253 48 69.332
141 224 44 86.345
142 788 12 16.502
143 325 36 50.809
144 850 13 84.208
145 75 50 29.094
146 324 16 66.945
147 1358 4 25.935
148 1120 36 51.381
149 143 35 68.741
150 1359 5 11.561
151 842 14 65.584
152 386 53 95.398
153 788 30 40.709
154 249 42 80.147
155 1036 8 58.635
156 979 3 81.887
157 928 38 10.295
158 696 57 18.842
159 1357 17 29.972
160 798 13 41.338
161 82 52 30.87
162 1052 56 40.508
163 1124 38 77.588
164 868 28 97.924
165 997 57 44.443
166 9 26 1.709
167 1155 46 79.061
168 29 57 80.515
169 1205 4 49.443
170 317 3 8.727
171 568 18 24.49
172 256 2 68.386
173 465 24 3.951
174 221 4 34.975
175 303 56 15.15
176 315 27 51.171
177 570 18 53.003
178 1143 5 99.879
179 627 42 21.133
180 709 27 2.205
181 1054 46 89.16
182 729 5 13.153
183 572 9 5.586
184 989 6 56.244
185 1046 16 30.511
186 405 41 58.166
187 1348 46 67.774
188 62 29 2.538
189 1293 3 82.064
190 1430 56 75.971
191 527 23 74.333
192 1035 27 67.707
193 772 31 77.049
194 44 14 40.82
195 1067 46 7.243
196 447 29 60.523
197 785 59 9.947
198 481 26 75.145
199 1063 50 60.539
200 706 18 51.658
