200
1 75 45 98.375
2 1261 41 4.000
3 993 18 33.993
4 700 58 32.515
5 826 47 8.316
6 609 34 7.523
7 7 53 65.169
8 1317 12 58.085
9 757 42 56.310
10 418 50 83.823
11 499 52 53.740
12 440 2 82.422
13 1147 6 87.271
14 880 1 87.186
15 1120 31 85.397
16 441 11 85.041
17 890 19 49.837
18 178 36 17.196
19 448 54 98.344
20 129 18 86.934
21 447 16 34.823
22 1271 29 78.608
23 70 11 83.985
24 299 57 78.867
25 215 37 27.441
26 453 42 69.163
27 181 56 98.964
28 1198 59 82.250
29 56 26 56.362
30 1262 31 3.608
31 372 36 48.295
32 84 21 7.468
33 680 45 46.996
34 1260 44 42.117
35 981 28 79.756
36 85 11 21.665
37 923 8 56.395
38 1305 53 21.431
39 48 29 86.861
40 386 49 52.751
41 13 56 52.341
42 918 10 80.192
43 995 10 8.720
44 473 33 24.075
45 557 32 29.856
46 998 24 3.506
47 132 3 22.372
48 943 42 74.731
49 662 47 23.454
50 508 30 30.095
51 194 19 18.269
52 162 47 69.358
53 236 40 37.887
54 296 34 94.636
55 649 18 94.137
56 1339 54 93.654
57 496 21 11.842
58 310 59 8.525
59 340 23 24.527
60 444 43 6.131
61 1254 3 78.626
62 826 7 66.561
63 540 23 41.054
64 62 49 32.121
65 1222 51 40.773
66 1238 58 86.577
67 24 40 51.591
68 6 17 63.185
69 92 24 60.887
70 815 20 71.339
71 1243 58 73.719
72 1154 39 2.480
73 1308 55 54.317
74 729 5 70.050
75 1177 22 82.277
76 1292 59 84.267
77 966 3 90.373
78 147 8 88.635
79 135 50 28.662
80 600 32 22.245
81 1174 11 15.604
82 263 47 71.896
83 1094 5 68.549
84 1126 39 21.441
85 853 14 2.967
86 630 57 68.473
87 677 6 71.721
88 892 46 62.214
89 142 7 49.317
90 815 37 90.779
91 307 54 64.630
92 991 52 49.856
93 289 17 19.487
94 945 58 71.134
95 203 22 70.349
96 997 21 20.338
97 873 24 46.105
98 269 12 84.647
99 904 53 94.056
100 844 57 14.362
101 243 7 70.756
102 298 2 22.732
103 701 33 53.206
104 1175 4 86.269
105 128 2 17.258
106 1000 55 92.927
107 931 51 43.965
108 1214 22 1.517
109 927 58 7.547
110 105 39 88.127
111 440 10 50.741
112 1337 4 37.724
113 887 10 44.767
114 1249 36 19.659
115 974 14 49.718
116 18 12 96.000
117 1287 6 10.421
118 1179 18 23.354
119 1069 58 78.789
120 162 23 71.430
121 961 4 20.445
122 1144 47 34.130
123 632 9 5.527
124 462 17 13.922
125 1329 49 63.858
126 769 44 58.470
127 393 54 32.387
128 552 1 68.905
129 491 40 5.545
130 931 15 71.221
131 935 17 2.811
132 705 47 81.890
133 233 46 76.971
134 803 51 51.814
135 379 10 33.385
136 973 38 87.847
137 1079 16 52.188
138 421 33 8.413
139 1287 12 65.922
140 324 49 97.541
141 355 7 32.365
142 237 17 28.134
143 422 30 23.034
144 1135 12 63.896
145 873 5 74.098
146 1213 34 74.358
147 347 52 44.488
148 1203 42 36.942
149 700 8 94.097
150 863 45 33.486
151 1137 17 61.314
152 990 25 61.604
153 342 32 29.430
154 1031 27 82.463
155 966 18 51.519
156 331 21 73.817
157 745 43 28.592
158 657 33 44.021
159 491 18 79.668
160 323 13 84.011
161 929 45 94.314
162 178 14 29.770
163 963 14 59.120
164 469 9 49.664
165 862 2 23.696
166 1145 12 1.112
167 1211 10 21.297
168 692 13 20.254
169 1106 3 18.556
170 1108 7 6.177
171 404 40 67.476
172 1327 11 20.942
173 863 41 82.318
174 55 10 35.520
175 925 11 7.572
176 166 31 33.275
177 892 59 84.317
178 403 5 66.400
179 1272 12 68.226
180 1127 25 20.355
181 109 7 71.002
182 642 28 15.377
183 498 44 10.261
184 733 5 70.065
185 641 9 55.139
186 647 41 28.086
187 554 57 52.084
188 1166 27 62.573
189 955 3 65.140
190 1077 31 54.710
191 1135 10 68.095
192 316 32 10.791
193 702 45 85.289
194 397 17 68.898
195 879 20 35.939
196 442 31 17.802
197 623 43 14.724
198 531 40 28.329
199 992 7 19.294
200 302 35 3.618
