187
1 682 4 96
2 736 45 73
3 63 56 35
4 195 54 97
5 549 18 55
6 1301 58 5
7 1252 25 29
8 629 34 37
9 261 25 87
10 1138 47 12
11 909 27 89
12 584 50 6
13 555 25 55
14 399 1 83
15 51 34 61
16 585 19 93
17 545 3 48
18 20 21 19
19 1251 19 54
20 591 10 98
21 256 5 30
22 1347 52 51
23 1435 8 28
24 552 32 21
25 1089 32 77
26 1282 39 36
27 1323 28 3
28 999 40 62
29 692 45 18
30 192 52 49
31 116 25 47
32 712 46 45
33 917 39 15
34 1307 57 10
35 918 6 50
36 444 21 28
37 955 52 67
38 1300 35 8
39 1074 21 65
40 651 56 28
41 463 38 50
42 845 21 70
43 1378 33 98
44 756 39 47
45 589 7 6
46 147 23 91
47 823 16 63
48 1242 24 75
49 1397 16 95
50 223 7 36
51 320 11 50
52 527 26 74
53 902 6 51
54 136 51 13
55 470 12 28
56 774 60 29
57 1264 11 35
58 1 18 9
59 34 16 15
60 278 58 15
61 1310 29 66
62 453 7 14
63 1117 35 9
64 718 55 61
65 1055 13 93
66 1332 9 91
67 1123 27 10
68 928 59 54
69 277 29 69
70 698 40 3
71 318 25 91
72 664 48 79
73 1246 25 82
74 1217 55 7
75 161 36 45
76 681 5 17
77 1205 24 67
78 948 16 48
79 970 53 98
80 678 59 64
81 644 59 71
82 1222 30 51
83 1079 28 27
84 262 57 59
85 1306 25 54
86 857 47 46
87 719 18 3
88 1366 36 10
89 780 25 44
90 883 59 16
91 1223 33 92
92 1130 6 66
93 411 40 28
94 640 59 72
95 402 33 5
96 144 32 55
97 1095 57 36
98 651 56 3
99 621 42 5
100 1211 30 21
101 682 24 41
102 169 46 16
103 1224 18 53
104 1233 26 20
105 423 25 63
106 1371 54 50
107 272 38 21
108 1148 8 57
109 676 52 68
110 167 44 32
111 80 15 46
112 183 42 72
113 1146 48 36
114 1013 15 83
115 999 56 12
116 139 23 76
117 246 47 72
118 463 43 69
119 1128 6 36
120 82 55 10
121 1422 51 93
122 484 58 18
123 1155 16 61
124 829 45 52
125 373 50 44
126 1432 46 61
127 1239 3 69
128 1413 47 90
129 1176 41 38
130 1067 56 3
131 33 32 15
132 171 23 66
133 586 48 95
134 247 25 91
135 797 41 34
136 789 4 19
137 1348 48 32
138 204 3 80
139 779 25 74
140 727 7 13
141 598 11 9
142 675 10 15
143 394 34 47
144 166 46 28
145 1308 4 68
146 1259 21 57
147 1380 27 2
148 984 49 6
149 789 6 92
150 220 17 72
151 118 20 83
152 420 52 87
153 1368 11 96
154 714 31 42
155 1419 25 4
156 384 38 13
157 1317 43 27
158 885 9 39
159 212 3 81
160 442 20 42
161 321 43 59
162 264 2 68
163 3 16 8
164 600 16 70
165 1168 7 60
166 1398 15 46
167 1066 38 43
168 1345 42 99
169 83 24 73
170 1136 45 95
171 323 31 43
172 466 1 48
173 450 35 99
174 124 34 9
175 917 9 22
176 785 35 38
177 1092 10 19
178 295 30 62
179 1338 8 97
180 749 34 29
181 801 40 67
182 8 52 88
183 1178 44 57
184 610 22 42
185 84 30 10
186 1014 51 10
187 694 24 10
