200
1 5 5 2.42
2 10 10 46.35
3 15 15 48.67
4 20 20 41.66
5 25 25 35.73
6 30 30 11.8
7 35 35 37.3
8 40 40 35.36
9 45 45 3.73
10 50 50 35.57
11 55 55 15.52
12 60 10 5.7
13 65 5 48.92
14 70 10 9.59
15 75 15 38.31
16 80 20 40.13
17 85 25 39.87
18 90 30 24.12
19 95 35 43.02
20 100 40 13.62
21 105 45 24.34
22 110 50 38.55
23 115 55 38.06
24 120 10 7.16
25 125 5 48.17
26 130 10 29.85
27 135 15 14.7
28 140 20 24.19
29 145 25 25.44
30 150 30 10.98
31 155 35 45.17
32 160 40 17.37
33 165 45 35.48
34 170 50 34.57
35 175 55 12.35
36 180 10 9.92
37 185 5 48.65
38 190 10 6.71
39 195 15 16.07
40 200 20 47.06
41 205 25 12.37
42 210 30 43.83
43 215 35 25.6
44 220 40 38.64
45 225 45 9.13
46 230 50 22.12
47 235 55 13.99
48 240 10 8.96
49 245 5 38.74
50 250 10 5.73
51 255 15 2.51
52 260 20 8.79
53 265 25 27.2
54 270 30 27.66
55 275 35 29.15
56 280 40 35.45
57 285 45 15.25
58 290 50 23.63
59 295 55 44.12
60 300 10 21.08
61 305 5 4.9
62 310 10 42.93
63 315 15 15.12
64 320 20 25.89
65 325 25 42.39
66 330 30 47.15
67 2 20 60
68 4 24 41
69 8 10 44
70 9 12 93
71 10 13 99
72 49 14 87.4
73 57 33 23.44
74 71 28 55.3
75 77 44 44.22
76 78 2 31.3
77 130 55 90.01
78 132 55 80.01
79 134 55 70.01
80 149 8 2.49
81 203 16 35.55
82 215 18 20.4
83 250 29 44.44
84 260 31 65.5
85 270 48 91.44
86 300 22 31.44
87 320 27 41.44
88 330 56 71.44
89 351 24 94.555
90 356 24 94.555
91 362 24 94.555
92 388 41 88.22
93 400 39 55.33
94 505 29 49.44
95 530 39 55.55
96 600 20 44.22
97 620 40 44.22
98 680 20 80.03
99 700 30 65.55
100 710 35 70.5
101 777 20 44.55
102 800 55 55.33
103 890 43 22.22
104 900 17 34.44
105 1030 59 55.55
106 1040 59 56.55
107 1043 58 46.44
108 1054 2 1.22
109 1056 2 1.22
110 1058 2 1.22
111 1070 20 14.44
112 1090 8 20.33
113 1111 19 90.22
114 1200 20 99.12
115 1210 30 88.55
116 1216 35 77.44
117 1220 45 78.99
118 1230 13 30.11
119 1230 36 60.22
120 1230 39 90.55
121 1230 44 51.55
122 1300 10 10.22
123 1300 9 13.33
124 1340 13 33.33
125 1350 44 44.44
126 1390 22 51.22
127 1395 23 53.55
128 1400 43 66.11
129 1400 45 22.34
130 1400 26 35.66
131 1400 6 20
132 1400 7 30
133 1400 8 40
134 1400 9 50
135 15 20 45
136 20 43 45
137 24 40 34
138 48 47 39
139 48 39 58
140 123 59 98
141 243 49 45
142 943 45 89
143 294 53 59
144 394 59 90
145 396 9 9
146 549 38 94
147 683 29 29
148 583 49 39
149 495 58 20
150 490 49 30
151 593 20 20
152 540 9 23
153 450 32 43
154 434 23 23
155 453 29 59
156 493 20 59
157 503 59 59
158 495 39 40.95
159 675 34 30.932
160 549 39 49.94
161 582 49 45.9
162 532 45 69.95
163 543 59 95.64
164 534 38 29
165 638 59 39.95
166 689 54 99.898
167 674 43 58.96
168 645 39 69.48
169 593 59 99.5
170 953 59 98.4
171 672 49 38
172 894 59 58
173 684 39 59
174 953 59 99
175 954 3 94
176 964 49 39
177 690 35 49
178 594 43 44.6
179 698 55 98.45
180 647 54 69.5
181 593 53 67.964
182 854 59 99
183 876 45 54
184 643 59 88
185 674 49 94.5
186 676 39 74.6
187 542 59 49.5
188 547 59 94.3
189 684 39 49
190 1323 29 48.39
191 1421 49 79.056
192 779 34 38
193 759 32 54
194 58 3 5
195 495 49 20
196 978 29 56.04
197 294 59 79.34
198 543 29 58.35
199 245 39 49.5
200 324 59 94.76