159
1 62 10 37.067
2 1408 60 66.116
3 403 49 76.266
4 1124 19 77.968
5 48 12 37.765
6 560 33 7.862
7 858 6 43.383
8 670 53 56.963
9 1223 54 49.5
10 154 53 12.087
11 817 38 78.298
12 879 52 55.105
13 1358 14 86.779
14 1245 54 37.953
15 79 14 7.661
16 389 52 47.494
17 1187 57 57.771
18 950 9 7.331
19 612 55 68.215
20 760 42 33.601
21 300 12 56.623
22 235 18 54.142
23 1113 58 78.485
24 1177 20 57.677
25 1362 8 31.496
26 999 27 16.135
27 1237 45 1.853
28 1040 41 61.915
29 132 33 67.371
30 1210 55 56.584
31 1349 36 55.901
32 263 52 31.792
33 92 38 47.562
34 6 37 22.648
35 261 40 93.123
36 835 59 67.96
37 602 4 34.915
38 611 49 27.726
39 881 41 18.672
40 920 21 81.651
41 703 39 53.055
42 800 22 11.561
43 484 24 54.68
44 1131 15 50.099
45 667 59 8.006
46 580 14 21.153
47 81 12 69.25
48 879 18 89.852
49 373 19 21.534
50 123 27 33.437
51 1435 50 93.961
52 90 57 13.867
53 1355 47 54.352
54 195 33 78.468
55 389 56 9.109
56 984 58 66.661
57 160 16 98.457
58 325 52 80.995
59 259 20 14.624
60 569 38 30.386
61 556 45 68.089
62 128 17 39.527
63 150 1 89.73
64 932 49 81.405
65 650 40 99.898
66 1039 29 12.73
67 737 5 79.772
68 1043 17 65.31
69 658 8 14.045
70 141 15 15.686
71 451 44 92.761
72 1168 25 47.11
73 446 5 38.343
74 203 43 32.504
75 216 6 97.651
76 214 15 17.515
77 975 60 10.978
78 835 27 33.044
79 1353 54 27.886
80 726 19 66.194
81 260 3 18.858
82 148 1 32.966
83 1237 1 70.196
84 1194 8 26.668
85 1023 48 30.326
86 934 15 50.408
87 894 50 86.762
88 260 37 42.657
89 622 24 40.116
90 258 55 17.199
91 1394 34 69.384
92 615 6 26.422
93 1194 29 46.453
94 873 34 21.981
95 615 17 48.666
96 1311 58 96.076
97 1039 16 65.555
98 1064 2 27.204
99 1350 16 3.311
100 57 22 97.998
101 916 25 47.725
102 1358 42 83.874
103 1 48 72.623
104 10 12 16.593
105 1142 25 13.216
106 1414 7 69.098
107 1168 23 15.943
108 1079 9 72.182
109 1239 57 68.125
110 646 60 65.99
111 870 15 16.534
112 1229 49 94.483
113 1008 8 65.11
114 1072 26 31.191
115 625 22 68.4
116 582 31 10.233
117 425 4 47.085
118 605 19 57.629
119 1121 14 28.452
120 628 4 15.617
121 1062 49 89.321
122 494 49 30.653
123 1393 46 37.665
124 257 51 46.367
125 1198 25 93.835
126 377 16 44.838
127 895 15 62.811
128 212 3 77.78
129 842 52 95.003
130 311 43 13.233
131 761 20 8.036
132 74 49 51.932
133 866 26 14.797
134 702 25 6.408
135 120 21 42.033
136 799 59 92.635
137 344 37 1.857
138 1319 17 55.097
139 819 34 53.341
140 756 35 92.664
141 1113 23 8.084
142 1304 12 50.545
143 193 46 17.173
144 889 35 21.337
145 1113 46 20.645
146 1380 17 30.143
147 417 19 72.522
148 998 15 68.859
149 365 47 3.37
150 822 52 20.635
151 1314 39 22.999
152 968 57 71.233
153 475 36 60.098
154 647 46 99.461
155 850 42 83.57
156 1285 32 1.078
157 819 51 89.806
158 325 31 47.216
159 297 15 82.501