200
1 187 29 94.731
2 210 16 27.851
3 735 54 20.594
4 30 58 1.748
5 364 49 69.218
6 454 45 27.197
7 398 40 38.617
8 1052 28 39.085
9 961 36 26.134
10 603 33 11.143
11 1169 15 45.073
12 161 51 75.815
13 838 25 21.843
14 1095 47 37.282
15 818 18 13.595
16 1362 38 84.100
17 535 50 63.745
18 349 37 6.787
19 952 36 93.902
20 628 49 6.735
21 1243 20 92.364
22 230 34 81.159
23 684 7 5.329
24 1332 11 39.464
25 1316 50 61.031
26 6 37 11.772
27 324 2 23.350
28 182 58 58.821
29 74 17 79.483
30 332 56 52.220
31 808 3 83.909
32 486 1 64.125
33 1041 8 86.138
34 1388 49 84.753
35 636 59 93.435
36 783 47 51.481
37 1068 46 80.190
38 900 52 43.322
39 871 15 27.469
40 586 58 71.694
41 901 55 13.565
42 1108 10 72.530
43 308 28 40.588
44 122 20 26.123
45 1212 12 37.639
46 511 7 75.282
47 666 48 1.418
48 106 57 18.757
49 1135 24 81.349
50 235 40 41.452
51 134 27 95.931
52 626 2 4.991
53 927 50 36.773
54 624 31 9.714
55 1297 27 66.424
56 1258 37 61.669
57 322 14 22.362
58 74 47 93.909
59 1198 31 38.021
60 90 37 55.018
61 1382 53 28.875
62 200 39 69.264
63 316 44 82.146
64 1130 46 15.729
65 113 59 86.568
66 873 23 49.502
67 394 41 45.565
68 1169 48 40.896
69 360 4 0.467
70 965 48 67.122
71 259 18 45.551
72 587 41 79.034
73 1009 36 58.195
74 540 57 91.067
75 642 26 93.208
76 668 1 21.681
77 1029 60 64.347
78 357 16 14.047
79 454 24 10.914
80 159 47 5.783
81 453 53 11.903
82 1347 15 77.275
83 288 36 72.989
84 815 50 63.533
85 133 4 57.359
86 1231 8 50.879
87 729 16 23.233
88 1388 46 36.623
89 897 56 98.630
90 664 22 79.874
91 1216 3 41.300
92 504 50 34.911
93 1080 47 75.522
94 969 57 98.758
95 628 39 41.034
96 461 3 15.379
97 525 19 53.427
98 1353 31 67.014
99 855 21 19.916
100 709 34 19.086
101 1255 6 62.818
102 672 32 72.090
103 939 24 43.200
104 51 20 59.027
105 1206 45 92.066
106 1056 53 12.354
107 701 13 37.772
108 868 16 73.554
109 922 27 8.177
110 1068 11 33.588
111 622 30 73.357
112 1029 57 18.934
113 1138 25 79.019
114 1177 4 40.065
115 460 57 71.457
116 1285 32 18.944
117 1019 11 15.360
118 473 32 54.748
119 200 17 85.120
120 400 25 72.243
121 11 44 54.429
122 192 12 38.468
123 1079 57 54.614
124 542 51 88.044
125 819 31 12.776
126 711 51 70.857
127 630 24 94.224
128 584 37 51.061
129 689 39 39.757
130 1251 6 54.752
131 455 47 65.492
132 325 25 19.510
133 206 34 77.360
134 674 58 73.734
135 268 12 88.824
136 394 44 5.422
137 123 15 24.064
138 101 54 42.962
139 384 30 21.454
140 280 34 42.329
141 1109 52 28.072
142 633 50 12.667
143 1228 24 98.126
144 916 16 2.225
145 1138 33 65.975
146 1154 9 37.028
147 504 34 84.267
148 1209 26 86.555
149 1431 4 58.764
150 1034 17 70.287
151 887 23 45.234
152 469 56 14.114
153 722 1 52.178
154 1234 13 9.761
155 137 10 12.012
156 643 34 20.202
157 212 38 92.233
158 135 2 22.992
159 748 46 57.691
160 811 55 56.668
161 1330 55 70.688
162 1180 1 18.363
163 1137 38 15.383
164 430 49 46.183
165 757 33 7.215
166 1081 60 48.913
167 1231 23 81.488
168 455 38 29.182
169 255 57 65.329
170 381 33 86.932
171 3 52 90.377
172 642 35 4.580
173 416 51 80.286
174 1049 3 62.670
175 929 27 76.377
176 1118 39 32.618
177 836 14 54.068
178 543 52 71.238
179 1439 41 82.051
180 1242 20 12.389
181 1412 46 25.948
182 867 47 78.152
183 1027 46 36.409
184 179 6 86.962
185 730 44 32.550
186 463 13 10.938
187 1129 41 20.281
188 1111 47 18.300
189 851 30 77.594
190 748 30 2.737
191 86 7 41.910
192 885 10 9.675
193 363 58 28.115
194 564 9 83.266
195 1377 8 48.954
196 339 36 27.664
197 1018 37 22.825
198 677 10 15.010
199 1302 49 70.079
200 1208 13 70.510
