200
1 1261 52 36.632
2 1337 20 7.039
3 527 4 3.44
4 573 57 56.329
5 26 57 91.783
6 104 55 33.271
7 749 20 15.096
8 1409 54 69.782
9 283 41 1.46
10 301 4 15.434
11 550 48 51.18
12 630 31 67.103
13 694 33 65.051
14 1286 23 87.156
15 838 34 70.522
16 374 7 27.162
17 730 22 24.614
18 276 36 59.346
19 1199 41 6.609
20 887 25 2.299
21 807 40 89.63
22 1233 19 71.309
23 759 7 81.327
24 1244 39 59.214
25 1047 32 79.366
26 245 35 86.349
27 268 6 96.349
28 521 11 44.032
29 273 2 39.394
30 602 2 98.102
31 1381 34 17.586
32 1337 37 31.569
33 237 49 5.653
34 373 12 31.141
35 577 37 42.896
36 381 47 79.18
37 1253 54 43.613
38 490 54 63.874
39 657 34 65.454
40 153 24 2.3
41 828 35 29.017
42 254 43 39.927
43 1264 6 97.818
44 179 60 93.7
45 1194 41 88.397
46 1077 25 5.68
47 684 3 91.515
48 981 52 27.347
49 1084 36 24.103
50 475 3 6.127
51 1083 11 20.935
52 1061 52 78.757
53 963 32 20.015
54 242 56 27.007
55 1388 49 0.41
56 20 13 35.682
57 984 28 97.537
58 1373 36 5.347
59 1296 27 7.318
60 965 56 81.448
61 243 22 12.564
62 462 43 88.334
63 343 11 32.7
64 1139 22 67.54
65 730 1 10.574
66 603 38 69.162
67 169 26 60.755
68 980 14 16.633
69 374 26 51.416
70 316 49 7.313
71 1439 34 64.239
72 1103 5 31.989
73 773 44 94.182
74 1043 3 1.934
75 916 55 55.252
76 110 53 94.214
77 120 30 13.063
78 1353 6 23.046
79 985 1 96.249
80 983 6 99.223
81 883 23 9.841
82 766 23 25.338
83 320 28 78.35
84 371 4 37.154
85 1066 42 18.224
86 843 42 46.867
87 580 14 39.686
88 90 12 21.337
89 1081 29 8.547
90 633 38 40.535
91 620 31 90.563
92 1309 59 49.41
93 23 10 58.378
94 1323 3 7.35
95 1006 42 51.946
96 551 26 81.714
97 772 4 20.892
98 712 17 87.416
99 1231 11 34.246
100 1428 41 48.77
101 737 24 57.422
102 925 53 17.092
103 1172 58 76.383
104 1244 41 55.593
105 1006 38 17.947
106 1204 17 87.121
107 300 14 50.379
108 155 7 47.979
109 693 55 70.493
110 1067 21 52.042
111 399 38 45.98
112 644 41 26.088
113 995 13 11.323
114 1433 38 42.378
115 100 44 44.349
116 590 16 83.443
117 112 57 28.622
118 168 5 63.241
119 1090 5 74.095
120 180 23 46.045
121 183 55 52.481
122 245 30 13.832
123 613 11 4.355
124 1352 3 79.436
125 739 7 83.525
126 687 13 15.343
127 234 34 17.285
128 173 4 54.659
129 84 47 16.097
130 631 55 79.51
131 298 38 96.993
132 1413 29 25.029
133 923 13 44.917
134 954 43 96.519
135 438 8 20.65
136 1055 21 13.557
137 725 60 71.374
138 1059 14 83.232
139 369 45 21.956
140 360 8 92.951
141 566 24 45.839
142 616 19 43.035
143 768 29 92.908
144 1208 55 83.054
145 758 28 35.58
146 724 17 11.608
147 206 36 11.871
148 1289 53 32.307
149 18 29 28.466
150 263 60 77.121
151 924 15 91.409
152 195 12 99.033
153 1171 13 51.93
154 1399 8 11.089
155 551 51 71.063
156 146 36 63.687
157 211 1 66.256
158 35 42 51.625
159 415 21 18.022
160 1384 13 63.426
161 27 49 59.504
162 1340 55 7.928
163 1308 41 10.253
164 1186 5 10.798
165 204 36 31.87
166 1283 4 30.447
167 383 56 14.791
168 264 11 42.506
169 1181 9 61.383
170 517 7 37.732
171 27 24 43.926
172 1361 45 36.21
173 70 35 11.641
174 1094 18 38.645
175 1172 29 74.0
176 1174 12 85.58
177 1044 28 43.965
178 1314 12 82.949
179 1286 53 91.95
180 802 5 97.148
181 500 29 36.329
182 214 35 84.134
183 1129 30 59.806
184 28 7 52.43
185 67 30 41.902
186 531 5 25.657
187 244 6 37.853
188 1078 5 28.999
189 763 42 24.809
190 147 57 45.753
191 1304 26 10.777
192 1336 21 18.172
193 1155 35 92.164
194 1335 36 74.838
195 348 36 25.273
196 1355 38 93.951
197 389 3 16.54
198 374 44 7.369
199 10 38 39.335
200 456 9 48.519