200
1 183 37 5.115 
2 197 48 48.914 
3 197 29 22.638 
4 1417 55 0.328 
5 184 49 59.225 
6 198 28 15.005 
7 30 12 7.751 
8 28 18 2.071 
9 184 34 96.409 
10 197 36 27.141 
11 196 52 36.901 
12 1418 25 0.761 
13 185 38 48.890 
14 1416 57 0.939 
15 28 17 2.430 
16 196 47 9.974 
17 184 40 16.537 
18 27 58 2.148 
19 198 49 39.237 
20 196 45 23.049 
21 1418 24 0.240 
22 196 29 27.221 
23 198 22 46.644 
24 25 54 4.816 
25 196 47 1.765 
26 184 48 79.888 
27 1420 20 1.250 
28 1416 40 1.053 
29 196 52 50.497 
30 184 42 42.843 
31 1415 47 0.297 
32 185 37 32.357 
33 184 51 92.038 
34 185 49 15.582 
35 1417 44 0.406 
36 200 15 55.200 
37 1415 47 0.237 
38 1418 36 0.713 
39 195 56 43.023 
40 196 59 48.945 
41 25 17 2.220 
42 195 34 51.273 
43 28 30 4.560 
44 28 47 5.233 
45 197 51 34.121 
46 182 37 95.329 
47 28 13 7.050 
48 185 35 19.762 
49 1415 36 1.089 
50 25 46 2.374 
51 1416 23 0.100 
52 26 55 2.734 
53 183 57 34.879 
54 1416 37 0.314 
55 1415 26 0.684 
56 27 22 5.790 
57 182 33 6.445 
58 184 59 36.300 
59 1415 59 0.138 
60 184 58 24.045 
61 185 37 84.574 
62 1418 41 0.767 
63 1416 30 0.613 
64 183 45 49.898 
65 182 50 74.542 
66 1417 30 0.707 
67 1418 34 0.966 
68 1415 40 0.949 
69 1416 24 0.405 
70 25 15 0.371 
71 27 34 4.872 
72 1417 23 0.849 
73 183 35 23.539 
74 26 50 7.605 
75 1417 28 0.498 
76 183 42 94.147 
77 1418 58 0.642 
78 198 42 37.704 
79 1418 55 0.861 
80 183 57 62.084 
81 26 40 2.485 
82 27 17 5.493 
83 26 42 0.887 
84 183 34 77.417 
85 198 32 9.466 
86 187 30 99.500 
87 182 48 33.644 
88 1418 40 0.629 
89 1418 58 0.967 
90 1415 49 1.101 
91 198 29 1.713 
92 183 41 94.090 
93 198 58 32.345 
94 1418 22 0.814 
95 27 42 0.884 
96 1416 60 0.775 
97 27 36 0.507 
98 25 45 6.730 
99 28 39 6.081 
100 26 37 4.189 
101 198 31 29.367 
102 1416 47 0.315 
103 26 30 6.676 
104 28 17 4.207 
105 28 42 5.279 
106 1416 43 0.943 
107 184 38 50.426 
108 26 20 4.354 
109 26 57 0.862 
110 197 33 15.008 
111 198 19 18.082 
112 184 48 60.413 
113 1415 38 1.044 
114 25 32 2.586 
115 27 28 5.759 
116 26 29 3.108 
117 184 53 48.764 
118 195 43 51.390 
119 198 49 4.989 
120 1416 21 0.681 
121 198 54 20.039 
122 184 37 44.444 
123 182 59 27.978 
124 183 37 15.301 
125 198 41 7.849 
126 183 48 57.257 
127 197 31 33.815 
128 26 50 2.036 
129 196 43 39.105 
130 182 46 49.331 
131 195 31 16.751 
132 1416 57 1.148 
133 197 29 37.957 
134 196 47 13.155 
135 1418 39 0.557 
136 27 17 4.362 
137 197 55 29.393 
138 25 46 5.022 
139 185 43 67.982 
140 195 19 22.769 
141 28 15 7.444 
142 1417 53 0.699 
143 28 60 3.784 
144 198 35 45.197 
145 28 48 5.830 
146 1418 40 0.563 
147 197 37 18.172 
148 27 40 3.860 
149 183 45 51.891 
150 195 20 43.480 
151 1416 42 0.312 
152 1418 22 0.821 
153 195 23 39.261 
154 185 31 45.093 
155 195 60 15.511 
156 1417 48 0.379 
157 1416 33 0.930 
158 28 34 6.680 
159 1417 56 0.405 
160 27 20 2.008 
161 1418 43 0.704 
162 183 59 9.403 
163 1417 48 0.822 
164 184 57 70.094 
165 184 32 81.404 
166 196 28 36.626 
167 25 27 4.183 
168 183 34 58.695 
169 26 24 5.438 
170 184 38 53.269 
171 25 45 3.536 
172 198 56 46.321 
173 196 57 23.636 
174 185 54 7.396 
175 183 40 49.728 
176 183 60 92.814 
177 198 52 38.570 
178 196 20 15.524 
179 184 59 97.758 
180 183 36 80.029 
181 15 55 12.987 
182 182 43 28.524 
183 195 27 47.385 
184 198 18 14.108 
185 1416 38 0.235 
186 183 60 57.861 
187 196 49 29.923 
188 197 25 39.716 
189 1416 43 0.433 
190 1416 36 0.970 
191 197 16 37.643 
192 25 20 3.416 
193 182 49 11.529 
194 25 32 6.897 
195 1416 52 0.813 
196 1415 32 0.985 
197 28 45 1.763 
198 27 25 6.232 
199 27 13 0.590 
200 26 17 5.734 
