178
1 827 23 60
2 569 35 56
3 702 39 25
4 1147 5 79
5 558 37 88
6 731 56 89
7 23 26 75
8 726 57 83
9 914 60 41
10 410 53 23
11 876 33 24
12 788 34 52
13 578 18 58
14 318 16 47
15 1278 47 97
16 691 58 36
17 757 23 42
18 1258 41 88
19 115 21 3
20 1434 49 23
21 272 39 95
22 881 37 32
23 1038 23 35
24 599 15 46
25 1137 21 20
26 1043 18 52
27 221 34 14
28 626 36 13
29 1285 43 84
30 416 40 47
31 929 4 40
32 288 5 17
33 655 54 24
34 1065 36 78
35 1192 42 16
36 373 50 45
37 608 41 19
38 1353 42 4
39 1433 12 75
40 1403 50 18
41 785 39 89
42 416 22 45
43 1417 47 4
44 1062 56 38
45 1007 38 6
46 1353 26 33
47 92 38 10
48 64 28 43
49 458 28 25
50 479 39 17
51 1047 23 85
52 136 21 60
53 215 3 70
54 57 32 97
55 1062 27 90
56 356 47 94
57 1401 55 20
58 44 17 48
59 1407 55 4
60 309 25 34
61 1178 6 74
62 417 33 35
63 1418 24 26
64 486 18 32
65 113 30 28
66 269 35 69
67 1273 23 92
68 73 2 14
69 255 15 80
70 908 51 10
71 763 39 5
72 410 45 32
73 907 53 11
74 361 59 92
75 1100 44 72
76 176 21 84
77 689 15 75
78 484 45 5
79 958 18 3
80 261 13 87
81 1355 27 97
82 57 8 92
83 1322 27 1
84 1030 59 52
85 94 57 56
86 1103 18 89
87 394 9 55
88 825 18 70
89 677 25 58
90 1160 35 32
91 1099 22 52
92 23 33 63
93 1197 17 43
94 963 10 18
95 167 13 84
96 462 52 51
97 842 11 57
98 1344 14 38
99 1253 59 89
100 169 7 66
101 823 9 5
102 144 50 9
103 1205 37 31
104 1121 28 24
105 299 32 62
106 790 20 72
107 534 25 20
108 1405 7 26
109 394 52 59
110 857 1 42
111 174 11 83
112 19 27 6
113 1368 22 98
114 930 3 12
115 42 41 53
116 612 25 28
117 341 22 14
118 1400 27 8
119 1365 26 78
120 295 49 73
121 183 5 69
122 1082 51 5
123 48 55 1
124 362 32 38
125 1247 26 95
126 537 3 86
127 546 7 58
128 1083 43 47
129 1244 43 35
130 194 3 70
131 964 22 23
132 1440 28 12
133 164 10 6
134 311 60 5
135 1132 31 91
136 425 60 46
137 799 26 55
138 1343 43 99
139 751 12 88
140 992 56 14
141 500 28 55
142 1238 26 22
143 1398 49 16
144 33 20 4
145 1051 44 60
146 1267 30 80
147 1078 30 49
148 128 24 67
149 941 26 79
150 15 51 3
151 163 9 59
152 80 25 39
153 934 29 22
154 499 24 47
155 799 37 99
156 361 13 59
157 1126 2 43
158 722 33 81
159 65 42 82
160 803 25 91
161 881 2 44
162 1095 21 85
163 877 11 92
164 170 12 26
165 607 1 96
166 1419 48 71
167 836 1 92
168 1073 45 93
169 346 5 41
170 836 7 24
171 1428 28 25
172 650 31 28
173 320 49 49
174 578 25 23
175 17 58 66
176 1001 18 8
177 262 58 13
178 765 1 71
