200
1 731 8 16.132
2 1367 28 3.364
3 236 14 49.182
4 972 6 17.06
5 865 27 9.415
6 823 20 20.59
7 852 20 37.458
8 515 12 8.949
9 749 13 37.119
10 1316 23 34.767
11 1159 19 4.068
12 1439 18 36.264
13 436 7 18.629
14 1307 11 20.793
15 979 15 39.948
16 728 23 21.445
17 428 11 47.134
18 55 6 33.733
19 1338 16 27.932
20 1123 22 47.567
21 77 2 34.784
22 34 14 42.112
23 1326 11 16.81
24 979 13 7.073
25 758 24 4.07
26 801 22 33.593
27 980 21 33.251
28 168 2 9.521
29 174 6 46.622
30 931 17 33.811
31 248 28 22.767
32 1014 11 8.75
33 20 22 8.346
34 1164 7 3.642
35 1389 12 32.245
36 385 4 37.904
37 1339 16 24.838
38 319 15 33.684
39 1159 10 15.573
40 38 20 21.694
41 284 6 23.574
42 121 15 34.224
43 823 27 3.496
44 154 9 1.109
45 1419 20 43.859
46 190 2 3.737
47 1344 27 46.847
48 1392 25 20.411
49 938 12 16.055
50 264 29 17.755
51 533 4 23.786
52 719 28 21.233
53 1197 16 38.956
54 820 19 37.285
55 484 19 16.513
56 942 12 22.689
57 72 5 39.921
58 321 5 12.689
59 154 9 14.871
60 793 26 18.784
61 390 8 16.631
62 425 8 22.303
63 46 2 37.304
64 1014 19 41.71
65 199 28 19.191
66 1085 7 32.08
67 721 23 43.911
68 1365 12 16.716
69 299 25 9.044
70 150 13 36.449
71 658 20 32.731
72 415 21 13.721
73 11 24 26.334
74 940 5 31.522
75 1245 23 47.514
76 1036 16 19.073
77 635 29 16.517
78 1368 50 83.549
79 1050 44 59.652
80 439 37 51.351
81 804 56 54.065
82 840 31 70.125
83 434 51 74.442
84 620 34 67.86
85 758 36 81.958
86 550 33 50.056
87 299 50 55.408
88 1333 43 63.196
89 1038 60 56.609
90 1276 31 68.666
91 1285 42 98.065
92 1045 59 96.835
93 990 51 87.724
94 167 39 79.548
95 1350 31 85.249
96 940 33 52.407
97 1152 49 62.369
98 126 50 98.511
99 1074 36 83.69
100 1165 40 55.072
101 424 50 90.334
102 197 39 85.35
103 344 44 95.278
104 813 52 76.709
105 859 45 50.26
106 463 47 93.854
107 975 51 70.021
108 81 55 89.938
109 1120 33 75.974
110 749 37 77.12
111 541 59 55.881
112 1196 46 95.374
113 1126 42 70.99
114 874 37 82.324
115 5 36 65.892
116 727 50 65.229
117 786 52 83.453
118 965 34 77.999
119 911 30 52.882
120 110 36 86.3
121 743 50 60.011
122 812 32 62.091
123 745 58 84.372
124 661 57 69.471
125 681 43 61.568
126 1137 46 86.558
127 789 48 55.04
128 123 44 87.823
129 295 49 83.013
130 1291 44 62.084
131 351 43 77.377
132 891 33 72.466
133 1183 32 90.289
134 902 43 71.958
135 846 46 57.483
136 1001 57 94.831
137 459 38 62.387
138 1399 53 50.24
139 1026 39 80.308
140 978 30 50.048
141 623 58 81.716
142 1259 46 71.899
143 206 37 61.764
144 220 31 97.873
145 1344 53 63.311
146 712 60 99.952
147 1118 31 53.804
148 324 37 81.339
149 985 33 70.854
150 38 42 83.429
151 202 41 54.264
152 2 39 69.982
153 905 31 67.742
154 779 35 90.9
155 846 48 7.309
156 458 33 83.551
157 62 20 62.519
158 1274 30 34.882
159 1188 57 80.486
160 51 32 32.768
161 443 23 56.177
162 321 38 29.858
163 1166 49 10.321
164 739 50 3.905
165 663 25 86.475
166 1227 34 38.637
167 1051 39 2.756
168 783 38 37.275
169 729 27 53.629
170 223 52 11.073
171 739 17 94.012
172 12 23 35.912
173 623 5 85.438
174 964 11 13.182
175 1426 39 52.551
176 707 46 81.487
177 480 2 73.894
178 147 6 97.406
179 687 45 35.556
180 847 51 11.314
181 207 44 81.95
182 69 15 60.019
183 1140 19 67.864
184 269 39 62.418
185 434 30 4.158
186 564 43 27.262
187 831 14 29.009
188 1389 2 28.908
189 79 41 22.905
190 403 59 31.635
191 812 15 41.014
192 1228 20 43.825
193 844 31 62.37
194 771 16 63.714
195 763 16 43.638
196 501 59 59.406
197 450 15 3.311
198 391 42 77.249
199 150 27 47.045
200 1037 29 34.08
