200
1 1 10 9.097
2 1 22 30.98
3 12 6 5.987
4 26 1 0.001
5 9 3 1.376
6 5 20 36.386
7 24 59 84.581
8 51 60 89.573
9 47 4 8.918
10 38 22 34.379
11 6 23 35.713
12 26 35 45.631
13 35 53 68.898
14 12 20 37.285
15 94 9 8.852
16 69 42 63.652
17 1 9 16.269
18 27 13 24.244
19 111 43 74.179
20 63 14 26.769
21 3 29 36.038
22 76 39 59.071
23 101 45 71.988
24 65 23 28.036
25 143 46 64.484
26 148 35 46.933
27 175 28 47.278
28 66 59 94.935
29 97 17 26.972
30 149 56 74.491
31 157 58 81.393
32 17 20 28.329
33 94 27 33.104
34 118 45 61.933
35 239 28 43.493
36 21 2 3.463
37 165 23 40.22
38 167 35 47.362
39 97 42 71.228
40 57 6 6.696
41 23 58 88.548
42 99 51 66.818
43 88 47 66.452
44 139 11 16.56
45 137 43 55.586
46 203 25 45.94
47 123 54 90.556
48 215 60 98.157
49 257 46 79.896
50 306 39 64.55
51 176 13 17.423
52 106 26 41.52
53 204 51 69.006
54 98 20 36.969
55 1 39 65.553
56 201 37 53.261
57 355 24 28.087
58 158 50 81.155
59 38 28 36.815
60 298 21 34.264
61 263 6 7.311
62 234 4 2.892
63 63 37 53.69
64 150 15 20.667
65 361 55 87.697
66 84 41 62.047
67 253 47 81.676
68 445 51 64.468
69 174 10 10.603
70 495 54 77.401
71 143 39 69.861
72 485 1 0.001
73 279 22 30.105
74 65 60 80.355
75 349 53 85.077
76 429 26 33.394
77 77 22 31.029
78 349 44 57.221
79 395 13 15.049
80 262 44 70.442
81 279 13 23.428
82 250 56 93.847
83 167 28 46.541
84 467 47 65.313
85 526 39 57.359
86 196 5 6.687
87 204 15 19.055
88 54 54 70.592
89 526 9 8.671
90 534 18 33.657
91 565 43 55.802
92 32 4 8.113
93 586 18 22.417
94 390 29 39.361
95 218 19 23.534
96 567 51 85.151
97 96 23 27.31
98 556 11 16.744
99 430 54 77.426
100 449 27 32.711
101 445 16 26.239
102 509 50 62.296
103 578 49 64.742
104 293 11 21.134
105 546 35 60.235
106 122 12 17.221
107 242 20 29.267
108 317 60 97.235
109 663 23 31.633
110 548 20 23.048
111 383 6 9.552
112 759 21 39.427
113 650 41 62.347
114 621 20 36.428
115 722 44 57.388
116 740 14 21.989
117 312 47 59.906
118 342 44 54.11
119 272 3 3.969
120 190 47 67.296
121 359 52 80.114
122 873 20 33.819
123 845 35 62.229
124 254 41 50.853
125 813 54 68.4
126 527 48 69.24
127 809 37 44.49
128 871 12 11.82
129 96 47 76.075
130 878 27 32.653
131 736 33 52.005
132 86 19 29.692
133 653 5 8.971
134 342 50 70.222
135 866 56 93.879
136 530 51 68.426
137 462 44 57.354
138 518 49 68.644
139 535 1 2.755
140 4 26 36.155
141 597 24 30.572
142 372 21 31.822
143 506 34 42.287
144 242 33 39.103
145 928 25 30.195
146 143 55 75.689
147 348 38 64.3
148 949 40 56.022
149 830 9 17.817
150 609 59 96.014
151 1 60 75.382
152 619 34 51.223
153 27 25 34.071
154 470 42 65.703
155 815 10 16.88
156 522 36 55.755
157 1080 45 75.572
158 622 17 30.87
159 1012 48 72.134
160 767 27 35.679
161 360 27 38.178
162 201 36 47.772
163 521 29 35.482
164 870 40 52.599
165 1014 7 15.962
166 551 32 48.055
167 944 24 33.494
168 1191 22 29.391
169 715 25 39.722
170 520 51 85.221
171 746 10 13.269
172 555 59 99.999
173 542 34 41.265
174 644 43 64.608
175 390 4 9.846
176 1204 11 21.087
177 1046 24 30.556
178 171 52 82.402
179 1185 9 16.52
180 478 50 81.288
181 1152 4 8.893
182 797 58 91.693
183 331 27 33.129
184 171 36 61.378
185 1067 60 96.521
186 540 39 49.789
187 1290 17 24.817
188 695 38 61.456
189 705 39 69.641
190 356 12 14.53
191 214 34 49.041
192 1117 36 44.59
193 216 51 75.296
194 1332 39 62.586
195 826 55 69.044
196 431 6 10.174
197 1299 36 47.784
198 778 15 25.427
199 1215 10 16.579
200 381 12 18.492
