200
1 430 52 81.143
2 1350 16 18.138
3 532 8 3.009
4 1153 26 94.548
5 52 2 35.112
6 1172 57 7.004
7 846 47 16.828
8 787 28 59.859
9 259 37 52.73
10 185 31 67.298
11 1256 7 37.819
12 524 21 46.873
13 235 22 90.866
14 443 17 39.186
15 902 15 30.15
16 1355 58 51.25
17 1152 60 22.549
18 1404 22 66.643
19 221 60 68.545
20 1328 54 23.895
21 1032 31 78.23
22 333 18 94.987
23 1370 10 42.047
24 232 40 60.396
25 919 33 74.709
26 1159 52 8.884
27 98 15 15.329
28 181 53 69.06
29 1410 14 21.427
30 1408 59 25.645
31 1088 53 28.678
32 1145 48 28.418
33 272 8 92.717
34 494 25 52.526
35 1109 32 9.246
36 972 23 62.634
37 635 55 55.675
38 339 25 56.731
39 1163 46 50.575
40 1092 36 51.794
41 898 40 23.39
42 140 33 14.394
43 324 23 57.282
44 1296 29 43.945
45 1417 7 3.666
46 880 5 47.538
47 772 15 10.349
48 935 26 91.429
49 174 55 62.461
50 1074 44 81.838
51 47 22 38.747
52 1373 23 40.744
53 785 26 79.885
54 481 18 1.131
55 927 41 24.402
56 993 42 50.979
57 894 52 96.168
58 805 23 2.774
59 181 33 23.723
60 458 32 1.41
61 1347 53 28.482
62 1251 42 36.717
63 1305 22 58.397
64 131 20 76.105
65 190 44 5.612
66 1341 20 90.972
67 1401 51 93.632
68 747 3 38.063
69 1125 54 88.154
70 178 32 49.424
71 849 60 54.227
72 1403 33 71.861
73 1373 46 32.506
74 333 25 44.412
75 56 49 36.871
76 439 23 2.357
77 1360 48 57.982
78 929 60 3.412
79 109 29 2.922
80 1129 53 29.706
81 390 59 23.103
82 263 46 24.473
83 26 19 23.593
84 642 50 50.359
85 870 5 22.946
86 897 5 21.698
87 506 7 41.603
88 351 16 7.876
89 566 14 46.259
90 318 1 34.851
91 990 27 44.508
92 23 6 63.11
93 342 38 44.283
94 1063 4 11.926
95 1079 45 42.321
96 522 8 16.02
97 505 50 6.07
98 408 44 22.988
99 923 57 0.444
100 334 11 33.747
101 210 27 51.018
102 1099 51 42.098
103 293 46 98.38
104 1075 1 50.582
105 75 21 64.54
106 44 8 2.24
107 468 46 81.312
108 279 48 52.182
109 714 29 14.869
110 638 26 94.163
111 425 58 36.176
112 1015 56 48.473
113 427 56 12.84
114 641 4 69.442
115 827 46 76.381
116 1060 56 31.379
117 293 27 98.494
118 1389 1 61.083
119 83 37 21.94
120 1066 49 20.269
121 204 52 87.669
122 437 41 27.165
123 523 58 70.377
124 652 13 25.924
125 928 13 40.166
126 1040 16 91.933
127 1239 35 73.948
128 800 38 19.136
129 408 50 81.104
130 554 47 12.778
131 429 45 94.821
132 1107 46 54.18
133 514 37 9.088
134 1215 34 91.367
135 490 53 3.8
136 317 32 78.205
137 747 2 63.046
138 690 31 12.245
139 1283 57 25.558
140 284 7 30.896
141 896 56 25.062
142 54 1 18.452
143 422 47 57.093
144 445 27 74.796
145 134 58 59.947
146 694 24 20.765
147 677 53 44.755
148 863 42 40.439
149 1323 47 17.665
150 218 56 3.888
151 423 45 16.315
152 991 44 63.033
153 824 1 37.935
154 535 8 99.367
155 1155 26 43.581
156 1164 44 64.768
157 880 46 95.705
158 595 32 81.706
159 326 49 47.172
160 1220 53 64.709
161 126 19 37.223
162 1002 16 9.296
163 416 20 34.016
164 396 25 34.054
165 1418 33 65.159
166 1307 11 17.172
167 1154 25 16.664
168 1279 10 51.461
169 576 23 11.111
170 1016 6 8.784
171 449 41 17.184
172 1127 48 49.721
173 1157 51 55.802
174 322 4 85.834
175 28 14 10.169
176 342 28 1.739
177 465 7 43.409
178 101 30 30.03
179 4 2 95.832
180 120 19 2.282
181 207 7 33.433
182 1211 23 96.737
183 979 17 56.738
184 612 14 9.262
185 549 34 5.106
186 815 16 22.084
187 1375 52 21.244
188 956 32 6.113
189 54 26 48.726
190 821 57 89.435
191 886 17 82.459
192 665 42 86.274
193 1115 23 50.249
194 320 48 68.863
195 455 24 43.229
196 1427 36 16.487
197 137 11 27.755
198 57 35 80.174
199 495 57 90.716
200 987 14 12.052
