200
1 56 31 48
2 48 48 1
3 46 46 4
4 67 34 84
5 84 46 70
6 39 39 7
7 32 32 4
8 18 18 2
9 115 59 80
10 106 56 52
11 40 40 8
12 45 25 42
13 13 11 63
14 22 22 3
15 22 13 45
16 42 42 4
17 46 27 48
18 114 60 52
19 19 19 1
20 14 12 64
21 20 20 1
22 25 15 10
23 18 18 4
24 36 36 1
25 4 4 3
26 52 52 2
27 69 37 36
28 27 27 9
29 109 57 20
30 13 13 2
31 75 39 13
32 41 23 36
33 83 44 57
34 18 18 7
35 28 28 8
36 50 50 4
37 32 21 36
38 47 47 7
39 95 49 64
40 111 57 40
41 98 50 20
42 82 46 90
43 18 10 28
44 50 50 9
45 14 14 2
46 13 9 65
47 6 6 1
48 97 53 17
49 42 42 6
50 61 31 39
51 42 42 4
52 14 14 5
53 35 35 17
54 19 19 6
55 47 27 7
56 51 51 4
57 41 23 84
58 56 56 4
59 58 58 7
60 44 44 1
61 48 48 1
62 51 27 64
63 2 2 4
64 54 30 72
65 57 57 7
66 33 19 95
67 59 32 45
68 17 12 65
69 22 22 3
70 57 33 56
71 22 22 2
72 55 55 2
73 42 23 84
74 54 32 28
75 118 60 70
76 90 49 70
77 9 9 5
78 44 44 5
79 102 55 84
80 42 42 5
81 47 24 27
82 25 25 4
83 39 21 88
84 45 45 5
85 77 42 68
86 38 38 7
87 70 36 48
88 68 36 28
89 4 4 5
90 91 50 54
91 18 18 9
92 87 48 70
93 48 48 3
94 43 25 32
95 77 43 80
96 50 26 18
97 41 41 10
98 54 54 2
99 76 41 72
100 16 16 5
101 88 46 64
102 102 53 16
103 44 44 3
104 118 60 60
105 2 2 9
106 55 55 8
107 5 5 7
108 1 1 1
109 35 35 10
110 19 13 54
111 66 34 72
112 47 47 12
113 9 9 2
114 30 17 32
115 23 23 3
116 39 22 44
117 26 26 5
118 32 32 8
119 32 32 3
120 34 34 8
121 71 36 85
122 83 46 22
123 82 46 98
124 94 50 27
125 5 5 13
126 85 43 76
127 20 20 7
128 54 54 4
129 16 16 1
130 46 46 4
131 27 27 1
132 49 49 1
133 90 48 90
134 26 26 7
135 96 52 75
136 33 17 18
137 113 58 48
138 89 49 48
139 49 27 45
140 26 17 32
141 28 18 36
142 34 18 55
143 36 36 7
144 8 8 4
145 33 33 14
146 108 58 63
147 35 35 4
148 17 17 4
149 35 35 12
150 62 35 19
151 102 56 80
152 46 46 4
153 11 10 17
154 41 41 3
155 99 54 65
156 6 6 6
157 21 14 16
158 7 7 1
159 30 30 3
160 93 51 75
161 49 27 33
162 24 24 4
163 37 37 2
164 97 49 5
165 34 34 3
166 24 24 8
167 96 50 60
168 115 58 98
169 32 32 4
170 36 36 9
171 70 38 60
172 57 31 70
173 118 60 38
174 36 22 38
175 77 42 80
176 35 20 56
177 16 11 91
178 18 18 8
179 96 50 32
180 58 58 5
181 15 15 8
182 59 33 80
183 11 11 2
184 24 24 9
185 10 10 1
186 10 10 6
187 19 19 3
188 43 24 11
189 38 20 54
190 12 8 51
191 102 55 84
192 109 58 76
193 39 39 3
194 66 38 80
195 46 46 5
196 24 24 2
197 111 56 20
198 102 54 60
199 58 58 2
200 18 12 15
