200
1 417 15 79.926
2 1247 8 96.455
3 239 9 85.659
4 762 8 86.962
5 490 8 91.275
6 432 7 98.946
7 242 5 99.854
8 281 8 79.942
9 621 13 62.248
10 166 13 82.462
11 820 9 99.455
12 811 10 92.367
13 738 11 98.492
14 1260 15 64.996
15 935 8 89.307
16 767 10 88.333
17 761 16 89.087
18 511 9 89.702
19 963 9 85.722
20 298 11 96.513
21 817 8 94.293
22 891 16 69.327
23 394 7 90.075
24 1437 6 87.995
25 1013 13 92.481
26 881 6 88.704
27 1175 8 88.354
28 985 17 89.621
29 964 19 92.786
30 768 8 90.245
31 806 18 94.214
32 552 12 79.880
33 619 10 88.328
34 1041 10 65.926
35 947 13 67.580
36 309 7 86.766
37 1194 8 88.860
38 869 9 74.627
39 173 11 88.665
40 64 14 85.826
41 1429 11 96.743
42 245 10 80.939
43 1132 14 82.792
44 576 16 68.228
45 273 20 92.272
46 632 8 85.603
47 1164 4 93.825
48 609 6 88.388
49 144 15 98.811
50 769 14 61.925
51 246 7 98.029
52 1109 16 99.642
53 1092 14 88.065
54 857 9 98.961
55 1340 8 95.067
56 560 6 95.038
57 877 13 86.878
58 1039 7 88.510
59 358 11 96.511
60 1204 13 72.988
61 394 11 96.446
62 480 12 94.278
63 1071 7 85.935
64 1308 10 90.299
65 1350 11 92.080
66 1373 8 81.075
67 483 15 70.151
68 1397 10 87.073
69 1174 12 64.601
70 210 8 87.469
71 676 5 99.876
72 866 10 99.269
73 1440 8 93.339
74 278 15 64.648
75 488 16 88.859
76 689 13 98.289
77 349 8 93.748
78 215 10 90.902
79 404 8 90.872
80 136 12 79.034
81 1169 8 69.200
82 688 10 95.405
83 206 14 74.934
84 255 7 93.105
85 1235 17 71.480
86 1322 11 87.538
87 993 11 94.299
88 1222 15 86.549
89 1161 7 92.253
90 781 8 89.592
91 266 9 97.020
92 713 6 87.842
93 1199 12 98.284
94 118 8 76.515
95 438 12 98.656
96 498 16 60.482
97 1232 15 86.261
98 223 10 97.968
99 334 14 99.023
100 631 12 90.685
101 153 10 90.420
102 21 8 61.471
103 1410 10 87.442
104 920 11 72.427
105 771 17 83.389
106 1310 8 89.758
107 1084 11 93.315
108 1099 8 90.024
109 974 12 71.435
110 957 13 64.974
111 1231 14 91.514
112 58 11 98.713
113 1311 11 71.980
114 705 7 87.013
115 600 16 65.722
116 114 6 98.545
117 762 15 96.942
118 906 14 70.213
119 563 9 90.666
120 1156 15 91.134
121 489 10 66.549
122 538 6 88.091
123 1381 14 63.969
124 541 10 72.885
125 1281 12 86.330
126 1013 8 93.002
127 383 16 96.454
128 582 11 97.406
129 918 17 90.698
130 94 6 87.662
131 905 10 60.447
132 573 14 84.271
133 1111 7 95.126
134 525 13 92.793
135 713 8 97.774
136 1207 13 95.717
137 508 17 94.116
138 26 10 97.238
139 1234 15 66.130
140 199 11 61.251
141 1339 15 99.749
142 173 17 87.906
143 845 10 91.076
144 1274 8 98.895
145 507 16 73.019
146 1440 16 89.927
147 126 10 86.666
148 1313 12 91.369
149 452 12 87.661
150 194 19 88.157
151 100 14 98.618
152 883 9 97.280
153 597 15 97.260
154 1424 11 89.564
155 292 10 89.250
156 162 10 85.032
157 1055 11 91.107
158 1289 11 65.651
159 1150 9 94.112
160 14 10 96.726
161 148 4 92.253
162 1059 17 80.551
163 81 19 89.149
164 599 11 99.286
165 1375 6 87.840
166 663 9 88.640
167 818 11 94.123
168 1203 8 88.377
169 533 9 88.194
170 621 15 88.975
171 38 11 91.336
172 943 15 72.445
173 933 14 95.391
174 924 14 92.167
175 412 11 78.769
176 417 8 92.971
177 1191 10 75.612
178 324 14 94.587
179 1156 12 76.131
180 1393 3 87.277
181 1002 14 91.150
182 142 8 63.439
183 732 9 98.560
184 1359 10 70.630
185 1123 12 95.212
186 791 3 99.455
187 920 8 85.651
188 1212 9 92.654
189 1095 11 94.180
190 1361 12 86.152
191 967 12 88.263
192 538 9 93.266
193 420 12 86.334
194 1242 10 74.553
195 405 11 86.608
196 325 17 67.407
197 113 7 88.699
198 480 12 96.997
199 384 14 76.001
200 28 9 86.717
