200
1 1434 34 42
2 69 34 26
3 1179 53 78
4 160 45 57
5 162 17 42
6 41 14 59
7 968 39 72
8 1221 23 57
9 938 52 68
10 1022 58 65
11 668 48 23
12 531 2 81
13 779 20 40
14 263 2 68
15 1237 56 88
16 294 49 14
17 434 1 25
18 507 11 99
19 699 52 95
20 782 8 9
21 591 11 13
22 263 26 36
23 34 19 72
24 125 47 64
25 662 15 69
26 1312 53 58
27 705 11 95
28 209 18 92
29 865 9 83
30 1406 7 93
31 901 23 85
32 198 48 76
33 642 26 67
34 1171 14 6
35 115 37 11
36 724 57 43
37 1364 36 73
38 16 20 41
39 1337 44 96
40 150 17 52
41 841 36 50
42 1168 21 17
43 1072 1 70
44 431 38 7
45 1110 33 34
46 816 52 89
47 1416 43 91
48 262 58 91
49 1002 34 29
50 217 59 30
51 340 58 45
52 129 6 26
53 1110 36 79
54 995 27 87
55 156 9 50
56 1 13 59
57 416 30 22
58 346 20 39
59 1215 34 25
60 1215 41 43
61 842 43 87
62 1048 4 62
63 863 17 43
64 34 47 2
65 848 44 83
66 1267 35 64
67 1131 44 87
68 523 54 58
69 1006 39 52
70 737 6 1
71 617 39 34
72 477 23 23
73 1141 53 9
74 661 52 21
75 921 44 24
76 136 11 30
77 922 52 3
78 1421 58 93
79 437 52 78
80 992 59 11
81 958 36 5
82 353 30 18
83 1410 26 63
84 1236 25 67
85 336 46 75
86 1100 56 67
87 1246 45 65
88 393 14 76
89 336 25 22
90 97 5 84
91 101 40 25
92 53 50 21
93 985 22 22
94 441 3 31
95 548 46 57
96 1229 6 76
97 999 3 55
98 474 39 21
99 403 48 89
100 1079 32 88
101 1247 41 9
102 362 10 92
103 878 40 81
104 1369 29 50
105 700 23 69
106 555 50 40
107 1139 51 30
108 1098 26 40
109 1324 57 56
110 1129 42 79
111 71 8 72
112 1204 53 77
113 598 38 28
114 641 31 70
115 867 15 7
116 1416 50 61
117 1122 59 26
118 809 53 3
119 219 27 66
120 593 7 91
121 1369 56 8
122 376 56 33
123 1082 15 67
124 262 15 7
125 898 21 20
126 1104 38 28
127 1395 54 34
128 602 19 61
129 619 34 17
130 1364 50 40
131 153 33 20
132 198 54 99
133 465 17 16
134 1262 56 63
135 574 12 7
136 1229 19 15
137 1124 21 9
138 138 32 52
139 521 24 59
140 504 32 64
141 286 21 96
142 860 20 64
143 999 24 86
144 1167 7 46
145 1318 20 23
146 1220 48 20
147 1154 28 16
148 1037 29 92
149 267 36 12
150 594 42 72
151 752 34 30
152 775 25 11
153 1183 21 20
154 1292 7 36
155 556 55 89
156 714 18 17
157 651 18 23
158 764 39 65
159 1197 52 55
160 1338 59 18
161 443 48 9
162 618 8 40
163 529 15 52
164 1280 8 94
165 1113 12 62
166 795 30 61
167 1053 55 45
168 718 49 40
169 907 14 26
170 1144 28 75
171 491 12 46
172 364 7 7
173 1438 54 21
174 1301 58 34
175 1403 26 10
176 886 49 60
177 646 55 68
178 460 19 46
179 1206 59 45
180 602 48 38
181 861 17 16
182 1157 25 42
183 504 46 46
184 1071 20 59
185 363 12 8
186 1168 44 2
187 669 3 94
188 1232 11 84
189 1427 31 35
190 442 12 37
191 1147 9 18
192 619 52 8
193 1320 25 46
194 242 36 93
195 1135 29 95
196 276 49 16
197 1168 49 11
198 486 36 74
199 749 16 85
200 155 52 56
