191
1	682	3	51.08
2	16	18	2.13
3	1079	37	22.43
4	194	54	63.74
5	921	8	75.65
6	525	22	68.11
7	19	43	94.37
8	191	23	70.27
9	572	4	56.14
10	902	47	59.57
11	563	36	25.74
12	1281	27	5.88
13	1026	42	16.33
14	576	57	11.99
15	1013	58	41.89
16	767	28	92.15
17	546	28	45.31
18	345	60	30.24
19	1296	37	12.76
20	586	54	30.92
21	1328	34	97.57
22	404	21	64.28
23	256	2	21.28
24	578	51	74.73
25	1021	51	83.77
26	1385	48	48.30
27	190	8	29.41
28	88	5	11.62
29	806	51	37.58
30	227	42	5.13
31	213	33	52.69
32	478	45	20.59
33	149	52	97.97
34	570	42	44.21
35	866	29	89.36
36	850	32	61.77
37	819	28	74.79
38	1261	29	11.85
39	955	49	70.62
40	883	50	97.43
41	1136	36	98.80
42	1199	18	31.65
43	1302	49	95.66
44	196	39	31.40
45	49	26	46.96
46	392	29	14.37
47	1371	8	16.43
48	1399	35	16.41
49	1129	1	78.41
50	764	34	67.11
51	32	20	12.51
52	1327	1	10.96
53	80	41	11.77
54	779	5	54.84
55	570	37	43.01
56	308	6	78.28
57	81	33	27.08
58	200	28	41.65
59	477	41	13.57
60	620	56	0.85
61	1223	14	62.21
62	836	36	23.67
63	1050	44	79.59
64	280	6	26.22
65	999	30	8.49
66	591	20	13.71
67	916	25	10.95
68	1199	29	44.39
69	1257	39	71.72
70	544	56	99.99
71	1345	38	26.08
72	56	40	59.06
73	334	50	84.37
74	746	17	91.55
75	515	55	72.32
76	1043	4	16.70
77	967	29	5.57
78	1268	47	52.60
79	249	32	16.68
80	509	19	96.68
81	296	25	84.89
82	1429	59	99.90
83	623	16	9.23
84	140	52	13.34
85	534	59	77.77
86	1225	12	1.51
87	1013	13	72.63
88	736	29	89.08
89	61	49	60.31
90	1437	45	15.64
91	132	36	43.19
92	245	54	88.24
93	460	41	71.04
94	1015	1	40.61
95	975	2	85.02
96	1312	60	21.39
97	880	47	29.09
98	874	35	18.58
99	1250	22	60.42
100	146	52	1.36
101	1079	40	80.08
102	57	33	44.45
103	1341	48	72.65
104	1016	11	15.82
105	803	19	29.08
106	1134	17	65.81
107	1017	7	83.77
108	736	22	81.17
109	528	45	85.74
110	713	40	87.45
111	1340	11	30.30
112	325	50	19.35
113	338	22	71.60
114	265	22	42.55
115	1267	33	86.98
116	1013	51	50.30
117	1267	10	11.24
118	1424	54	80.74
119	1262	34	77.89
120	1432	34	18.22
121	58	48	6.00
122	1198	6	37.25
123	317	12	96.99
124	996	14	88.02
125	91	33	38.12
126	1034	21	89.77
127	797	25	49.86
128	537	48	21.02
129	201	48	84.46
130	737	25	36.39
131	1188	51	65.43
132	101	1	83.03
133	1422	53	32.32
134	240	15	40.86
135	470	12	0.33
136	1036	49	15.57
137	522	19	42.71
138	305	3	17.90
139	1061	40	43.46
140	101	12	61.92
141	549	31	31.13
142	904	51	94.07
143	607	16	47.49
144	697	41	82.63
145	1212	45	87.54
146	448	47	37.24
147	47	1	91.10
148	102	3	90.89
149	1395	60	79.11
150	222	17	4.95
151	1296	2	88.22
152	217	13	99.47
153	352	45	38.19
154	761	12	79.64
155	709	46	7.67
156	912	1	89.28
157	305	43	38.17
158	1103	16	8.30
159	6	59	60.50
160	1320	41	86.63
161	746	3	52.82
162	196	17	15.02
163	1413	36	77.05
164	866	57	83.61
165	563	5	69.81
166	774	2	80.59
167	963	5	73.17
168	154	45	73.54
169	1280	60	89.02
170	295	25	28.35
171	1281	56	84.39
172	96	24	41.82
173	1103	33	27.50
174	444	37	26.02
175	154	35	35.27
176	345	8	1.46
177	413	59	95.31
178	978	48	87.65
179	602	18	0.54
180	812	16	86.26
181	102	51	79.85
182	951	49	81.98
183	202	15	48.71
184	1191	44	46.97
185	154	6	36.94
186	684	35	41.53
187	288	54	96.47
188	66	2	61.90
189	995	52	75.82
190	220	57	95.45
191	597	34	65.51
