200
1 1364 35 57.612
2 433 42 26.679
3 545 45 9.046
4 983 31 16.033
5 400 53 0.647
6 74 18 41.84
7 139 10 74.252
8 1095 41 85.712
9 499 17 43.73
10 480 57 55.285
11 1186 29 40.154
12 1389 14 87.238
13 1279 22 58.111
14 319 21 93.572
15 354 12 63.113
16 977 9 30.822
17 931 41 36.728
18 587 7 45.989
19 794 58 75.979
20 79 16 23.239
21 1119 16 78.147
22 866 57 99.778
23 905 24 56.92
24 1333 5 88.758
25 1327 52 12.586
26 369 44 8.798
27 941 1 5.117
28 440 3 28.896
29 824 11 58.635
30 230 21 4.344
31 1196 55 61.901
32 1038 49 57.856
33 346 5 54.126
34 307 24 69.081
35 682 45 59.763
36 730 13 30.001
37 1045 33 90.942
38 658 45 92.102
39 658 58 66.096
40 367 26 82.362
41 1070 23 83.798
42 1093 6 41.905
43 975 23 80.718
44 225 18 93.628
45 369 26 48.654
46 448 16 66.702
47 1190 13 99.748
48 914 50 29.847
49 771 50 43.183
50 1137 50 24.275
51 1274 24 66.663
52 66 3 50.109
53 63 20 29.01
54 1341 14 20.18
55 958 18 93.286
56 336 14 76.075
57 439 24 53.201
58 685 10 57.723
59 850 13 12.709
60 1027 33 15.284
61 558 23 12.973
62 719 32 49.212
63 44 8 59.536
64 668 46 84.994
65 1135 54 90.679
66 94 44 66.055
67 414 31 1.241
68 906 19 30.781
69 149 38 83.373
70 58 31 18.245
71 454 41 42.874
72 377 47 92.902
73 1121 14 12.018
74 868 26 50.95
75 1143 36 74.904
76 260 39 28.029
77 75 49 46.732
78 806 3 33.474
79 660 13 97.326
80 356 23 39.859
81 735 46 58.099
82 1125 56 67.083
83 317 7 58.04
84 524 45 36.697
85 280 31 92.503
86 790 20 46.786
87 1199 39 96.28
88 445 41 10.852
89 956 31 65.599
90 928 34 34.627
91 1187 10 83.377
92 169 33 48.039
93 1004 44 17.93
94 79 20 8.77
95 752 31 90.507
96 288 22 77.411
97 1396 23 89.987
98 1244 30 34.113
99 635 24 9.043
100 17 39 78.89
101 1393 59 78.154
102 650 27 83.988
103 1235 57 64.053
104 165 26 34.561
105 715 59 49.965
106 213 24 52.041
107 449 10 34.696
108 293 39 75.098
109 713 23 1.554
110 1337 15 60.609
111 801 29 29.187
112 812 7 65.386
113 711 38 83.229
114 1092 13 47.554
115 846 13 14.67
116 1077 38 91.936
117 729 48 87.468
118 1380 50 96.389
119 698 27 83.618
120 514 20 57.984
121 499 34 44.433
122 176 28 6.607
123 133 32 59.405
124 135 31 88.824
125 1375 53 7.525
126 555 49 59.3
127 169 37 26.314
128 341 57 72.384
129 959 9 13.182
130 1091 43 47.059
131 1139 20 29.503
132 561 22 21.679
133 1215 1 52.975
134 532 7 21.081
135 51 33 77.901
136 1190 45 5.976
137 627 29 63.389
138 403 41 78.703
139 509 8 89.724
140 1108 40 19.068
141 1181 44 91.735
142 1204 5 17.234
143 1047 35 30.343
144 230 40 58.84
145 855 6 1.693
146 1380 14 69.15
147 718 7 90.665
148 981 12 55.399
149 158 53 88.762
150 2 36 34.847
151 513 3 9.036
152 1382 41 14.619
153 718 44 92.177
154 1068 33 30.379
155 913 54 34.972
156 209 18 86.73
157 245 5 82.59
158 493 48 12.963
159 966 21 68.246
160 342 41 41.475
161 1406 5 1.765
162 479 48 23.946
163 790 54 28.315
164 143 53 74.639
165 12 27 15.571
166 967 28 26.934
167 1082 59 53.124
168 1396 46 42.541
169 940 48 19.063
170 1333 35 94.669
171 1213 13 2.213
172 1215 49 84.713
173 1168 17 30.353
174 415 13 60.579
175 1044 12 90.449
176 659 22 9.745
177 133 6 38.952
178 741 33 31.217
179 234 34 35.549
180 521 35 43.7
181 1224 25 89.67
182 108 37 71.346
183 683 28 81.416
184 491 39 57.239
185 552 30 17.858
186 803 6 32.611
187 1345 17 98.596
188 733 59 86.661
189 418 58 21.681
190 610 22 38.837
191 258 33 14.587
192 521 58 87.959
193 692 18 72.235
194 153 9 72.572
195 1396 34 59.421
196 718 55 90.685
197 750 12 53.672
198 854 1 6.06
199 1304 59 27.616
200 1101 19 72.561