200
1 478 18 93.73
2 1092 38 18.14
3 383 38 75.72
4 634 20 62.06
5 580 24 15.57
6 728 45 84.06
7 48 8 78.62
8 1394 30 32.16
9 48 39 50.26
10 326 26 49.13
11 962 40 29.78
12 1056 4 77.09
13 1122 14 61.74
14 287 8 76.25
15 512 1 52.13
16 1368 59 3.42
17 1280 40 3.58
18 418 27 21.85
19 314 9 49.55
20 1344 42 64.78
21 198 58 32.17
22 202 24 82.12
23 92 54 59.93
24 492 34 81.39
25 327 46 92.76
26 476 51 76.58
27 131 16 84.79
28 53 7 20.11
29 1077 44 41.07
30 283 54 75.92
31 1345 48 34.05
32 84 34 37.76
33 88 20 54.85
34 884 24 54.04
35 303 21 40.99
36 668 14 38.74
37 657 7 46.61
38 376 7 89.93
39 955 25 74.62
40 377 38 3.71
41 669 45 21.23
42 365 58 77.38
43 156 18 39.62
44 625 46 1.8
45 1179 57 49.98
46 1191 26 91.73
47 922 17 46.86
48 1191 32 75.82
49 1033 12 91.22
50 687 13 87.64
51 953 30 23.29
52 434 51 52.57
53 571 3 83.85
54 339 9 74.86
55 80 55 38.86
56 1034 33 82.0
57 442 60 50.21
58 145 42 6.61
59 184 8 77.51
60 1430 16 65.48
61 94 50 34.73
62 978 32 32.02
63 894 50 51.85
64 1302 34 30.3
65 1004 43 46.2
66 598 23 65.28
67 68 17 15.58
68 671 55 16.27
69 352 41 7.36
70 1428 43 56.17
71 864 35 52.38
72 425 60 74.76
73 280 34 27.89
74 1019 58 84.77
75 1192 53 94.28
76 139 26 70.44
77 298 36 65.19
78 247 22 75.37
79 988 42 51.48
80 974 20 39.99
81 500 36 26.53
82 1277 20 65.83
83 1249 14 5.69
84 979 53 20.93
85 129 43 76.84
86 851 28 61.32
87 287 29 44.96
88 317 55 49.11
89 1401 35 3.52
90 475 18 79.01
91 211 11 30.92
92 941 38 23.19
93 604 55 41.61
94 1155 5 25.7
95 245 58 32.0
96 527 57 17.16
97 212 59 93.4
98 760 39 50.9
99 252 35 69.0
100 1385 20 41.34
101 771 20 98.17
102 385 36 24.07
103 1368 51 86.77
104 458 23 33.1
105 1439 17 37.26
106 774 3 37.1
107 725 18 37.77
108 119 23 68.99
109 755 3 9.93
110 1109 16 95.88
111 1240 42 80.55
112 923 16 78.89
113 1126 40 39.61
114 964 7 75.66
115 290 37 62.55
116 304 37 67.72
117 51 38 82.03
118 35 11 59.66
119 1328 40 4.37
120 387 23 55.26
121 1405 47 15.42
122 1158 16 90.01
123 872 36 48.16
124 1017 23 26.86
125 104 15 47.69
126 657 3 34.91
127 1142 30 97.93
128 632 54 34.61
129 588 33 68.01
130 1257 20 51.28
131 487 60 19.1
132 591 15 54.81
133 232 45 42.51
134 343 60 26.56
135 64 14 46.18
136 700 21 59.48
137 1237 36 16.34
138 1084 8 76.4
139 185 22 44.83
140 52 28 6.95
141 874 56 75.9
142 1404 31 19.44
143 483 44 37.57
144 406 23 6.28
145 332 18 65.57
146 933 33 98.44
147 952 32 57.49
148 289 27 61.43
149 626 41 91.14
150 1436 24 69.87
151 683 52 30.54
152 1022 36 37.53
153 832 20 38.56
154 711 54 15.79
155 1035 45 7.79
156 863 25 66.6
157 228 16 29.52
158 196 2 41.84
159 1330 40 12.86
160 949 27 65.19
161 984 45 77.07
162 1083 40 87.49
163 352 25 45.42
164 712 41 85.11
165 924 26 63.79
166 132 28 12.44
167 1003 27 19.04
168 387 57 16.49
169 1391 43 42.96
170 685 44 13.41
171 565 2 40.88
172 609 47 21.23
173 496 16 64.41
174 725 32 1.38
175 329 56 92.54
176 902 25 27.06
177 1161 26 4.17
178 826 28 36.25
179 1228 8 2.04
180 1438 4 25.38
181 632 28 1.94
182 1004 18 61.8
183 1411 28 80.84
184 397 57 34.46
185 1181 9 11.54
186 283 36 55.43
187 120 54 21.78
188 752 1 30.14
189 801 58 43.7
190 467 7 88.12
191 1283 60 18.14
192 616 10 94.24
193 1118 16 85.37
194 837 35 15.67
195 1108 52 18.73
196 1147 6 83.13
197 503 53 56.26
198 1082 5 75.99
199 355 20 30.14
200 519 36 88.62
