200
1 1045 10 52
2 457 26 70
3 1261 23 3
4 70 59 7
5 200 42 98
6 1222 37 86
7 99 15 86
8 651 29 58
9 437 12 40
10 667 29 6
11 930 38 89
12 1333 44 9
13 768 45 15
14 1326 53 12
15 1311 37 99
16 726 4 18
17 69 37 99
18 1104 57 14
19 1093 21 1
20 246 34 33
21 132 21 54
22 1202 48 59
23 450 3 18
24 749 41 8
25 620 51 28
26 1135 31 47
27 74 28 28
28 1337 8 33
29 1376 2 72
30 1034 7 19
31 599 5 83
32 1217 31 22
33 97 34 45
34 20 37 10
35 222 32 69
36 1053 23 27
37 428 49 93
38 530 54 24
39 318 21 60
40 486 22 73
41 158 8 54
42 1293 42 8
43 1290 59 56
44 720 39 80
45 1181 39 54
46 49 43 34
47 38 5 58
48 1276 26 58
49 210 47 64
50 534 40 61
51 1249 37 77
52 50 10 18
53 711 35 38
54 1205 6 72
55 947 44 5
56 16 16 80
57 755 13 60
58 107 43 35
59 126 36 47
60 670 13 22
61 672 9 98
62 13 16 1
63 774 46 80
64 889 2 15
65 208 14 84
66 417 52 51
67 325 51 44
68 413 25 39
69 98 60 58
70 362 49 75
71 630 8 17
72 400 30 60
73 1269 22 43
74 829 54 79
75 24 29 14
76 422 7 96
77 1364 48 55
78 710 9 66
79 377 47 87
80 673 55 33
81 377 49 96
82 334 21 89
83 139 58 54
84 149 45 45
85 172 48 4
86 161 2 24
87 306 52 12
88 1167 42 69
89 1129 3 87
90 1095 45 75
91 989 7 96
92 218 35 91
93 1282 37 98
94 752 19 55
95 860 47 96
96 957 45 25
97 1 6 22
98 821 39 36
99 128 49 84
100 71 27 50
101 756 41 61
102 732 37 59
103 32 7 87
104 348 4 14
105 386 57 72
106 225 40 80
107 230 52 49
108 403 42 90
109 343 27 38
110 1251 49 71
111 798 40 14
112 1350 43 25
113 632 6 66
114 665 28 47
115 984 27 65
116 755 42 81
117 320 19 74
118 504 54 87
119 1142 32 13
120 920 60 3
121 1367 22 36
122 1366 42 7
123 707 51 20
124 552 10 80
125 38 36 19
126 77 55 84
127 1094 19 72
128 947 38 43
129 287 27 74
130 129 57 88
131 428 10 73
132 1343 55 97
133 1197 6 20
134 48 52 68
135 807 29 27
136 131 5 63
137 1195 15 7
138 543 57 91
139 1024 20 4
140 1172 48 77
141 112 41 28
142 1301 24 39
143 1279 28 44
144 691 13 2
145 772 45 18
146 404 38 65
147 434 58 70
148 679 51 49
149 457 17 9
150 35 35 90
151 981 26 64
152 908 45 56
153 565 60 67
154 920 44 46
155 1086 40 30
156 440 21 2
157 912 5 50
158 677 50 41
159 281 60 58
160 1025 52 35
161 1349 32 44
162 1279 6 26
163 588 52 26
164 283 56 40
165 77 31 44
166 234 41 9
167 408 5 13
168 263 18 33
169 506 45 81
170 216 49 11
171 430 16 7
172 1002 36 61
173 133 46 6
174 24 28 15
175 868 6 35
176 488 28 80
177 666 1 1
178 48 48 88
179 625 8 32
180 606 30 39
181 624 37 68
182 630 28 6
183 822 29 47
184 734 38 71
185 469 12 13
186 1153 23 69
187 940 56 35
188 155 3 42
189 730 41 18
190 521 8 48
191 988 14 14
192 217 58 53
193 1398 15 36
194 109 30 11
195 741 7 28
196 805 13 64
197 1135 40 17
198 1344 58 64
199 12 47 63
200 1153 6 95