200
1 917 31 71
2 1412 58 13
3 742 40 45
4 1396 20 73
5 635 38 68
6 578 59 21
7 1245 5 77
8 1192 9 66
9 1405 51 61
10 422 1 31
11 932 13 89
12 1396 9 33
13 573 6 63
14 1172 12 53
15 335 11 26
16 539 59 61
17 1019 57 71
18 788 53 27
19 627 49 17
20 397 45 44
21 1152 55 29
22 240 37 88
23 866 20 42
24 879 53 40
25 834 10 40
26 402 24 81
27 1127 52 15
28 1104 37 2
29 711 34 57
30 1178 4 48
31 1378 7 3
32 1241 43 17
33 1353 33 29
34 609 7 41
35 1250 57 64
36 924 54 69
37 8 51 41
38 250 56 42
39 393 35 20
40 1346 50 88
41 1001 47 67
42 257 56 65
43 1071 43 2
44 1048 2 72
45 786 58 94
46 175 44 94
47 1291 60 86
48 274 42 18
49 642 22 74
50 1380 54 33
51 578 39 51
52 934 60 92
53 998 22 15
54 397 53 7
55 440 37 43
56 1008 59 60
57 406 56 48
58 855 48 39
59 1379 27 40
60 104 48 84
61 1377 4 52
62 60 22 6
63 1259 54 60
64 1377 23 32
65 132 2 93
66 565 24 10
67 1111 48 39
68 1300 43 87
69 735 56 75
70 1042 12 24
71 491 12 43
72 551 46 25
73 1438 10 22
74 467 21 55
75 402 15 9
76 1206 9 10
77 1222 5 40
78 202 9 2
79 353 57 77
80 648 25 26
81 257 17 17
82 1415 33 63
83 653 42 7
84 1249 41 95
85 1335 10 97
86 572 20 53
87 209 3 9
88 63 6 92
89 419 17 3
90 1027 6 70
91 315 12 42
92 1205 33 99
93 401 4 76
94 214 7 74
95 1405 37 62
96 1127 29 75
97 36 40 55
98 1235 10 71
99 851 54 69
100 1184 52 60
101 1233 51 1
102 82 16 34
103 1388 34 25
104 703 11 38
105 655 2 32
106 903 48 69
107 796 19 27
108 1191 4 5
109 757 29 15
110 1352 6 41
111 561 2 69
112 367 41 41
113 1209 41 89
114 1129 59 4
115 155 45 45
116 1170 19 31
117 598 34 22
118 188 26 61
119 637 45 93
120 651 6 36
121 341 51 14
122 906 29 22
123 859 53 58
124 1066 37 39
125 482 35 71
126 378 47 24
127 22 55 2
128 597 40 40
129 1284 14 19
130 683 50 43
131 824 34 68
132 440 19 76
133 79 38 96
134 700 29 6
135 1095 1 59
136 1071 55 34
137 150 36 26
138 418 13 10
139 1179 54 1
140 1003 47 11
141 137 43 6
142 898 9 18
143 1433 8 88
144 969 25 63
145 1030 43 71
146 49 18 32
147 324 45 56
148 387 42 75
149 885 16 54
150 1215 5 77
151 457 60 68
152 1020 7 59
153 1005 16 55
154 1084 37 46
155 930 5 20
156 113 24 34
157 1027 36 77
158 1080 33 7
159 1303 43 78
160 549 23 10
161 255 4 59
162 666 10 77
163 781 9 65
164 1027 12 76
165 467 14 98
166 165 29 92
167 1315 9 54
168 1071 17 66
169 1433 51 76
170 936 25 22
171 17 2 77
172 1193 27 64
173 1094 3 24
174 1255 16 39
175 1135 1 31
176 897 57 12
177 1307 48 27
178 556 28 41
179 184 52 88
180 1017 45 81
181 774 36 86
182 1169 11 38
183 1256 13 20
184 853 27 15
185 65 30 27
186 1093 33 49
187 1202 39 29
188 28 57 10
189 852 21 73
190 950 34 67
191 1199 15 72
192 1226 59 68
193 273 32 76
194 917 40 70
195 424 31 37
196 872 48 39
197 1398 33 15
198 173 39 24
199 1337 22 17
200 1231 39 87
