200
1 1044 30 1.543
2 548 43 97.705
3 1328 49 82.061
4 71 22 52.841
5 297 16 33.609
6 295 49 79.625
7 44 21 10.291
8 762 59 66.314
9 487 41 29.926
10 844 20 0.572
11 361 12 69.382
12 846 32 45.78
13 493 16 43.328
14 1260 21 64.262
15 1265 33 0.01
16 1248 38 88.271
17 1111 35 6.188
18 92 14 97.119
19 932 46 58.402
20 1262 29 90.139
21 1074 10 8.405
22 1204 19 98.772
23 1399 47 14.717
24 1371 27 7.247
25 629 17 56.586
26 264 58 28.458
27 881 54 20.348
28 793 8 80.856
29 1264 18 56.12
30 620 58 50.472
31 846 57 15.952
32 886 27 78.512
33 292 32 65.181
34 1293 7 10.282
35 685 27 13.282
36 1408 7 62.815
37 511 58 72.769
38 154 59 86.079
39 564 13 41.83
40 616 58 4.8
41 1196 21 67.082
42 637 36 87.429
43 249 17 98.08
44 1384 20 8.182
45 88 3 60.553
46 44 38 37.72
47 1042 15 97.319
48 1395 9 53.94
49 1029 49 15.711
50 321 23 21.635
51 701 44 95.089
52 569 32 42.495
53 956 25 7.311
54 753 4 41.429
55 30 1 45.851
56 980 32 31.239
57 762 59 10.847
58 65 44 61.773
59 157 8 71.152
60 958 56 95.772
61 921 20 19.485
62 433 32 56.766
63 782 22 51.764
64 471 37 80.232
65 1112 44 22.465
66 518 50 38.959
67 497 24 77.133
68 137 28 17.268
69 1248 24 64.63
70 792 49 98.665
71 128 5 85.786
72 1146 34 49.182
73 284 18 73.17
74 354 16 10.983
75 448 16 92.808
76 666 59 50.626
77 287 15 21.323
78 1055 57 0.228
79 990 43 96.043
80 219 47 23.987
81 144 15 4.403
82 15 34 5.596
83 307 23 57.95
84 65 55 7.655
85 647 28 31.45
86 1173 5 66.235
87 535 10 32.054
88 1020 36 20.931
89 63 34 39.688
90 1247 34 86.538
91 49 16 24.687
92 392 48 28.192
93 26 25 87.07
94 455 31 45.199
95 134 18 69.994
96 1299 14 50.883
97 231 18 3.012
98 1094 29 1.231
99 639 34 33.57
100 433 5 15.526
101 843 16 49.09
102 506 15 64.977
103 353 34 6.553
104 511 6 60.393
105 1181 30 10.105
106 1380 28 61.015
107 1108 48 62.309
108 261 4 67.698
109 184 31 53.362
110 478 49 0.481
111 1246 30 88.634
112 1239 21 94.019
113 1079 38 39.603
114 185 34 88.665
115 643 39 33.709
116 708 33 11.758
117 321 53 48.907
118 570 13 52.783
119 1187 34 2.236
120 292 38 65.485
121 1306 12 52.776
122 409 6 27.957
123 1019 59 42.822
124 494 52 30.385
125 510 7 40.207
126 715 2 46.56
127 1299 24 37.298
128 1426 56 0.339
129 1318 21 98.555
130 1141 59 14.536
131 561 36 50.0
132 1022 15 55.928
133 560 30 52.725
134 1223 27 8.784
135 1164 29 37.12
136 481 59 28.994
137 1394 8 55.588
138 87 12 64.111
139 860 50 37.541
140 1192 34 12.882
141 805 18 59.724
142 1028 19 18.647
143 549 43 29.034
144 988 4 18.494
145 748 32 23.727
146 19 18 52.546
147 1151 28 93.296
148 143 2 68.868
149 28 1 0.419
150 879 50 58.427
151 438 22 15.383
152 1380 20 89.507
153 529 19 58.28
154 24 44 91.025
155 737 28 58.374
156 692 33 2.214
157 598 30 75.932
158 122 50 77.057
159 338 4 71.692
160 890 25 8.614
161 820 5 62.462
162 381 44 83.329
163 1351 52 45.612
164 471 14 15.682
165 1218 25 59.029
166 1151 14 33.285
167 14 3 52.405
168 1065 3 65.058
169 946 42 30.913
170 319 17 64.836
171 15 18 73.035
172 992 33 53.046
173 1224 22 95.779
174 1376 50 42.254
175 209 58 93.229
176 565 49 22.843
177 896 20 70.665
178 430 60 68.695
179 839 36 88.969
180 190 25 63.061
181 1015 30 11.894
182 501 5 42.79
183 673 25 6.89
184 695 60 74.587
185 783 1 4.096
186 305 5 36.565
187 666 25 82.607
188 174 49 37.553
189 961 15 67.155
190 469 43 7.569
191 688 22 28.52
192 957 43 69.484
193 650 2 25.992
194 279 28 21.902
195 962 15 52.316
196 1233 20 59.759
197 405 13 21.802
198 1409 51 29.48
199 1346 35 24.863
200 1383 36 67.766
