200
1 463 54 83.417
2 1314 24 12.719
3 429 37 62.967
4 263 2 4.708
5 272 27 67.799
6 671 37 39.379
7 251 33 93.878
8 412 37 64.553
9 396 41 72.015
10 304 25 58.565
11 529 5 6.576
12 765 7 6.532
13 584 19 22.798
14 497 23 33.491
15 671 39 40.918
16 1011 14 9.687
17 362 28 52.772
18 670 31 32.632
19 309 23 55.227
20 284 12 28.845
21 196 12 43.373
22 745 23 21.206
23 424 26 45.331
24 700 48 46.209
25 383 12 22.487
26 554 23 29.451
27 208 20 64.099
28 281 21 57.756
29 476 36 56.473
30 1320 13 6.95
31 531 31 39.964
32 416 46 74.062
33 542 57 73.039
34 506 51 64.931
35 388 34 62.94
36 559 60 75.796
37 1276 14 7.714
38 338 4 8.745
39 322 3 6.691
40 587 42 52.454
41 490 50 70.382
42 522 8 10.356
43 538 35 47.024
44 420 30 46.958
45 340 22 46.987
46 357 7 13.35
47 279 23 53.872
48 406 6 10.544
49 404 41 73.627
50 342 21 38.874
51 278 27 63.598
52 448 46 72.837
53 203 16 48.118
54 673 4 4.224
55 727 4 4.047
56 513 12 16.665
57 290 27 63.7
58 490 47 66.99
59 290 39 98.933
60 431 54 81.403
61 389 43 79.315
62 248 31 89.385
63 488 20 26.115
64 474 27 39.629
65 411 32 54.134
66 313 17 35.709
67 232 5 16.462
68 280 37 88.301
69 563 12 15.512
70 384 10 18.857
71 1197 55 32.073
72 427 13 20.412
73 655 48 49.582
74 382 10 18.582
75 396 41 71.826
76 554 55 69.763
77 648 3 3.039
78 259 11 32.207
79 442 37 56.382
80 568 59 75.123
81 1091 49 31.46
82 541 37 47.548
83 687 24 26.011
84 290 13 28.549
85 186 21 80.806
86 366 14 26.194
87 1388 29 14.685
88 635 45 48.825
89 323 44 89.769
90 350 48 97.457
91 356 41 87.669
92 292 12 29.357
93 255 21 61.249
94 463 30 46.329
95 364 43 81.576
96 391 36 63.989
97 305 20 45.982
98 308 1 2.478
99 276 13 30.468
100 351 37 72.947
101 415 37 63.435
102 400 45 84.162
103 326 39 90.13
104 457 2 3.088
105 411 10 16.572
106 450 22 31.479
107 408 15 24.817
108 317 16 42.093
109 267 31 82.658
110 567 24 29.497
111 403 59 93.569
112 264 20 48.82
113 332 24 48.309
114 201 8 27.126
115 402 5 8.663
116 744 8 7.52
117 389 3 5.303
118 486 5 7.255
119 157 14 55.95
120 638 57 65.014
121 693 47 46.837
122 531 44 60.849
123 746 18 17.009
124 1218 11 6.321
125 1045 59 38.931
126 604 8 9.434
127 688 9 9.251
128 226 5 15.716
129 410 13 22.985
130 319 15 32.388
131 400 17 30.31
132 199 23 80.733
133 424 48 79.307
134 296 25 62.275
135 646 18 19.416
136 539 36 46.407
137 810 6 5.089
138 306 17 38.183
139 501 41 58.121
140 353 42 84.044
141 588 44 51.326
142 260 22 69.001
143 244 2 6.294
144 1130 42 25.877
145 432 49 75.897
146 1437 3 1.449
147 526 55 77.094
148 258 4 11.466
149 361 26 48.789
150 579 31 37.491
151 593 19 23.468
152 338 6 12.153
153 216 10 32.648
154 237 28 87.667
155 495 46 63.83
156 522 3 3.937
157 261 17 46.541
158 304 22 48.332
159 513 8 11.116
160 822 46 38.086
161 1072 26 16.709
162 382 25 47.648
163 424 23 39.403
164 440 4 6.428
165 1041 28 19.302
166 429 49 80.478
167 417 36 58.349
168 729 12 11.756
169 998 48 33.705
170 297 26 62.578
171 446 2 3.316
172 228 16 46.605
173 454 2 3.236
174 390 51 87.231
175 277 32 80.361
176 523 58 74.098
177 205 11 34.972
178 260 8 20.049
179 879 42 33.168
180 502 51 72.867
181 599 25 27.356
182 1035 60 39.421
183 394 39 70.42
184 460 46 69.404
185 259 6 15.616
186 599 28 32.661
187 601 48 56.245
188 322 38 94.483
189 360 2 3.682
190 1192 27 15.551
191 275 21 53.15
192 751 14 12.965
193 273 20 52.333
194 348 6 12.274
195 295 26 54.315
196 463 22 35.457
197 299 6 12.457
198 406 3 4.958
199 641 37 39.424
200 483 49 69.903
