200
1 276 19 76.18
2 130 9 11.75
3 921 16 58.89
4 430 4 44.42
5 799 14 54.98
6 5 15 24.85
7 469 19 84.83
8 651 1 3.3
9 1331 18 2.14
10 781 7 86.93
11 60 17 20.91
12 897 16 50.16
13 708 8 61.12
14 942 10 83.17
15 853 18 82.79
16 205 6 56.92
17 608 4 66.97
18 1026 14 46.18
19 1373 7 28.13
20 1204 16 76.07
21 1035 13 53.36
22 71 16 22.77
23 828 14 60.05
24 752 18 79.3
25 1382 12 8.97
26 1360 17 10.86
27 336 17 75.52
28 759 16 66.06
29 962 2 28.58
30 1260 19 52.4
31 1326 6 16.22
32 465 1 69.39
33 1106 18 21.84
34 1053 12 85.46
35 1184 12 41.89
36 552 18 55.12
37 12 13 70.55
38 1050 5 47.14
39 1150 7 38.97
40 115 16 78.18
41 1168 18 18.98
42 1034 14 44.16
43 731 14 31.9
44 1103 18 56.4
45 1255 11 41.8
46 58 8 57.45
47 1128 19 17.3
48 188 18 71.74
49 523 2 75.68
50 1379 3 8.68
51 35 15 2.62
52 576 8 25.06
53 1280 6 31.75
54 143 6 15.43
55 1081 6 59.33
56 1328 10 41.49
57 660 16 43.18
58 49 10 35.47
59 863 7 24.16
60 520 17 87.61
61 1241 14 73.5
62 43 8 2.91
63 300 2 64.82
64 329 15 63.57
65 1389 14 49.44
66 452 17 41.15
67 1073 1 36.21
68 1180 11 59.61
69 874 2 66.47
70 258 7 78.67
71 628 3 77.16
72 636 10 67.03
73 853 19 23.62
74 18 18 78.95
75 78 19 73.71
76 1168 15 16.48
77 1276 17 4.64
78 411 12 10.08
79 1175 14 53.57
80 1009 4 84.18
81 799 10 45.86
82 36 11 55.4
83 824 10 2.93
84 412 11 72.98
85 1154 5 31.28
86 437 9 60.9
87 777 18 31.7
88 1408 18 44.13
89 1091 8 7.1
90 83 3 13.08
91 342 18 20.14
92 681 20 46.02
93 523 12 31.26
94 234 10 22.1
95 1237 16 13.29
96 1129 4 29.66
97 833 3 34.92
98 302 5 31.44
99 1260 19 70.4
100 775 3 51.75
101 459 19 8.55
102 547 12 80.01
103 1156 18 83.04
104 938 9 10.85
105 94 10 2.42
106 1374 1 9.43
107 236 2 17.93
108 1202 14 15.64
109 924 6 61.47
110 326 4 39.76
111 775 18 81.64
112 603 18 23.71
113 977 11 10.17
114 1336 11 4.83
115 22 10 65.5
116 656 15 35.89
117 817 3 7.0
118 650 20 86.99
119 229 9 20.34
120 1266 18 77.97
121 961 12 24.22
122 1110 7 28.48
123 505 12 8.52
124 576 3 88.19
125 918 3 58.92
126 1318 11 84.43
127 800 10 4.96
128 383 11 71.35
129 1186 10 23.05
130 207 18 55.33
131 1221 3 22.98
132 42 8 36.82
133 549 18 77.96
134 154 1 57.45
135 596 12 44.9
136 316 4 45.62
137 672 3 46.31
138 1363 6 17.19
139 307 5 73.9
140 655 10 10.77
141 1054 20 27.25
142 424 5 49.51
143 66 11 73.85
144 1277 18 75.59
145 1413 7 17.07
146 887 18 15.28
147 1368 8 23.64
148 132 15 72.72
149 1125 9 49.15
150 1102 15 2.29
151 694 6 24.12
152 50 14 87.57
153 39 2 62.43
154 1188 5 53.76
155 284 9 88.18
156 568 13 51.15
157 353 20 9.21
158 996 1 17.02
159 650 17 80.21
160 898 8 22.39
161 1014 16 85.82
162 845 11 50.83
163 1339 9 87.22
164 450 2 82.74
165 1048 12 15.42
166 418 10 27.72
167 614 18 34.15
168 1437 15 53.85
169 253 20 86.13
170 1170 13 16.9
171 514 14 20.55
172 1167 2 45.06
173 807 12 35.25
174 338 18 65.8
175 84 17 88.0
176 523 4 24.96
177 172 5 86.94
178 1264 3 40.64
179 494 13 84.36
180 887 13 15.88
181 667 15 12.49
182 1000 7 11.86
183 1231 18 37.39
184 242 10 25.86
185 776 18 1.68
186 389 17 40.09
187 44 1 56.76
188 1241 8 75.11
189 424 6 26.48
190 1111 7 25.46
191 1200 9 74.85
192 915 6 49.5
193 1006 14 76.91
194 428 19 78.97
195 420 10 72.93
196 50 4 51.62
197 28 18 27.51
198 1381 5 7.97
199 766 19 72.48
200 896 17 61.15
