175
1 69 8 61.0
2 926 37 32.31
3 873 36 46.1
4 1104 59 28.589
5 253 9 2.212
6 159 17 18.4
7 988 47 23.3
8 28 18 57.0
9 1176 54 61.9
10 1059 8 23.4
11 725 26 6.85
12 1408 20 48.7
13 451 60 48.61
14 374 57 87.6
15 775 49 77.446
16 1061 16 29.36
17 295 15 38.8
18 1128 43 87.737
19 429 33 52.2
20 438 14 45.535
21 444 30 66.0
22 186 46 54.31
23 354 45 98.6
24 651 52 38.59
25 449 12 17.91
26 1094 10 49.7
27 297 53 88.8
28 468 8 3.431
29 1338 23 47.017
30 100 7 1.5
31 880 51 41.479
32 51 4 47.0
33 155 41 78.402
34 1396 60 77.628
35 734 14 38.0
36 715 56 35.899
37 14 29 55.0
38 887 9 86.0
39 1273 22 85.5
40 609 54 20.5
41 4 54 24.876
42 283 50 69.096
43 482 50 94.0
44 596 57 88.6
45 498 18 86.67
46 232 53 5.0
47 117 42 2.89
48 594 31 43.7
49 862 36 61.0
50 1415 58 11.072
51 3 52 3.999
52 612 46 97.01
53 1393 51 22.594
54 327 8 35.8
55 849 19 19.0
56 1273 30 32.112
57 114 41 60.18
58 749 52 11.36
59 468 14 76.532
60 1302 9 1.31
61 168 22 2.0
62 1109 12 79.047
63 1116 18 79.0
64 1352 8 5.68
65 114 29 30.0
66 745 14 11.0
67 245 48 35.709
68 22 42 86.0
69 1159 55 13.0
70 97 20 40.36
71 1420 42 31.62
72 914 58 64.93
73 1082 10 68.851
74 1043 52 33.0
75 516 29 54.85
76 1079 33 95.0
77 764 38 15.93
78 1417 22 33.2
79 382 34 6.182
80 1028 57 82.0
81 1115 3 49.2
82 85 31 28.06
83 1020 32 92.35
84 863 40 37.7
85 424 54 30.865
86 618 53 17.036
87 1102 8 57.176
88 473 13 69.0
89 675 8 8.107
90 1163 48 25.1
91 98 47 38.0
92 354 13 77.248
93 827 24 69.03
94 399 53 86.271
95 1297 23 39.6
96 570 23 9.2
97 1046 40 15.6
98 1188 44 82.6
99 519 47 95.817
100 1158 1 79.32
101 594 24 93.83
102 1364 18 72.906
103 1421 35 41.0
104 160 47 64.308
105 801 55 1.36
106 245 39 86.51
107 709 40 28.952
108 486 41 97.09
109 1276 17 95.8
110 315 31 43.159
111 226 17 86.0
112 1249 9 8.432
113 504 57 96.458
114 548 42 12.0
115 978 23 35.9
116 304 50 75.822
117 1230 39 61.691
118 1224 26 80.7
119 627 46 93.21
120 84 9 67.467
121 261 41 68.0
122 1189 13 56.5
123 1325 60 53.4
124 808 59 54.1
125 577 20 72.0
126 581 52 70.565
127 335 3 93.869
128 742 13 3.4
129 31 30 61.5
130 339 11 61.7
131 522 14 33.0
132 491 18 13.2
133 443 48 40.0
134 35 53 71.858
135 128 41 65.677
136 106 29 70.128
137 18 19 90.64
138 811 58 62.8
139 193 29 73.488
140 997 12 24.0
141 582 54 27.1
142 1190 26 47.03
143 581 52 42.18
144 314 7 48.331
145 896 33 71.5
146 276 11 17.1
147 15 18 98.0
148 929 3 65.0
149 468 47 25.3
150 447 46 17.77
151 317 40 12.67
152 637 51 14.84
153 894 59 46.0
154 986 28 56.4
155 148 11 36.0
156 1222 30 3.74
157 359 57 79.888
158 425 5 22.537
159 683 46 4.0
160 1327 40 65.51
161 725 59 11.322
162 574 56 43.97
163 677 58 7.5
164 1192 11 90.0
165 424 9 27.28
166 128 8 28.0
167 217 19 57.2
168 501 28 55.422
169 549 4 38.61
170 1421 12 66.0
171 1241 17 36.1
172 766 39 55.67
173 1068 30 98.4
174 964 5 51.1
175 275 51 33.0
