200
1 262 28 11.927
2 588 41 19.91
3 517 46 22.848
4 580 36 18.231
5 695 51 22.165
6 365 40 18.203
7 348 53 21.476
8 320 47 19.575
9 804 19 9.463
10 450 46 21.712
11 271 48 21.978
12 352 42 18.877
13 757 51 21.206
14 703 48 19.702
15 1320 39 17.868
16 1384 45 20.502
17 607 35 15.853
18 982 45 18.967
19 292 40 19.891
20 288 35 14.371
21 760 42 18.971
22 546 33 13.37
23 577 43 17.562
24 256 21 8.64
25 394 54 26.541
26 399 56 26.169
27 740 56 26.628
28 182 44 21.81
29 977 43 20.568
30 515 49 23.993
31 810 54 24.423
32 696 28 13.016
33 199 36 15.383
34 221 11 4.861
35 277 48 21.056
36 261 54 23.309
37 705 54 25.087
38 722 42 20.478
39 351 32 13.0
40 828 26 11.072
41 1059 28 14.088
42 346 47 19.039
43 421 25 10.76
44 363 45 18.207
45 573 38 18.909
46 365 50 22.467
47 459 32 13.936
48 458 34 16.062
49 358 35 14.42
50 572 48 21.396
51 434 10 4.421
52 370 31 12.871
53 712 42 18.713
54 966 40 18.995
55 577 36 17.283
56 441 50 25.049
57 1033 30 12.25
58 335 48 22.564
59 268 55 22.237
60 204 38 17.584
61 828 47 20.301
62 299 47 23.463
63 643 11 5.365
64 452 39 18.014
65 259 38 17.363
66 403 30 15.189
67 344 39 16.123
68 645 38 15.971
69 388 55 22.452
70 250 51 25.16
71 1176 16 7.7
72 402 50 24.685
73 940 32 14.896
74 731 51 23.751
75 883 52 21.613
76 453 37 17.138
77 822 37 15.301
78 158 21 8.84
79 466 46 18.588
80 259 29 14.36
81 376 55 22.896
82 425 46 19.459
83 550 48 21.483
84 881 46 20.337
85 1035 52 23.997
86 1005 48 20.541
87 681 53 23.718
88 574 45 18.283
89 280 49 23.467
90 586 33 14.456
91 911 46 18.729
92 745 48 23.356
93 655 17 6.927
94 1275 33 14.398
95 312 53 24.789
96 1328 47 23.872
97 326 52 25.246
98 273 35 15.098
99 344 31 13.119
100 759 42 17.461
101 653 60 26.289
102 497 47 23.422
103 236 54 25.743
104 545 46 20.397
105 341 34 14.792
106 189 41 17.942
107 893 48 24.144
108 243 41 18.056
109 1211 50 24.351
110 678 27 12.073
111 650 42 20.625
112 958 28 12.219
113 699 56 23.492
114 624 47 19.735
115 813 47 19.53
116 213 48 23.244
117 629 36 15.918
118 1042 43 20.082
119 573 53 23.671
120 507 20 8.373
121 795 52 20.986
122 178 37 16.394
123 432 46 19.347
124 541 49 21.057
125 450 51 24.171
126 770 51 22.753
127 555 54 24.943
128 364 23 11.386
129 576 29 13.852
130 340 49 21.783
131 272 55 24.193
132 128 41 19.739
133 471 49 22.692
134 522 38 17.879
135 567 48 21.031
136 691 50 20.476
137 699 50 20.311
138 1123 47 20.478
139 655 1 1
140 787 46 21.748
141 253 28 13.728
142 255 44 18.189
143 210 48 20.627
144 313 48 21.623
145 467 52 24.936
146 554 45 19.599
147 758 38 15.307
148 205 50 20.123
149 329 49 20.186
150 385 44 22.275
151 298 52 23.78
152 455 29 14.882
153 227 51 22.505
154 1 44 19.125
155 726 38 17.139
156 1317 30 12.775
157 1093 32 13.197
158 1119 16 6.866
159 585 45 18.1
160 757 53 25.135
161 950 47 22.973
162 848 47 19.778
163 406 34 16.663
164 779 32 15.268
165 947 37 16.291
166 475 36 16.535
167 1172 32 15.467
168 1389 44 20.159
169 634 39 17.374
170 1115 50 24.228
171 502 29 11.988
172 435 25 11.954
173 1241 42 20.007
174 582 44 20.664
175 457 49 19.897
176 491 12 5.321
177 1193 50 24.723
178 1440 51 22.268
179 260 31 13.814
180 1245 53 23.994
181 1017 44 18.652
182 609 52 23.306
183 943 53 23.434
184 352 55 27.432
185 230 50 20.415
186 617 50 20.319
187 253 24 9.928
188 509 25 11.24
189 378 47 20.152
190 340 41 18.96
191 378 27 12.139
192 385 54 24.261
193 391 44 18.155
194 266 46 20.481
195 694 46 20.443
196 1075 50 21.164
197 502 42 19.415
198 1176 44 20.463
199 327 47 19.138
200 509 36 15.274
