200
1 379 20 23.669
2 642 22 57.977
3 1429 53 31.826
4 1139 41 57.67
5 729 43 1.527
6 178 26 53.426
7 996 43 14.463
8 1265 21 97.495
9 602 28 68.325
10 1406 5 30.252
11 1260 9 88.686
12 375 43 63.508
13 506 56 6.045
14 937 56 10.174
15 352 9 5.16
16 1017 33 27.69
17 313 31 73.668
18 1163 10 56.178
19 1281 55 17.046
20 1422 18 33.499
21 926 50 20.841
22 1089 49 99.761
23 222 14 39.431
24 382 9 54.416
25 757 55 96.539
26 428 37 37.368
27 55 38 47.93
28 29 35 62.117
29 1029 18 75.546
30 1242 7 35.608
31 752 35 48.028
32 1319 52 3.762
33 833 28 77.968
34 66 52 23.782
35 1297 39 47.254
36 449 17 17.158
37 995 4 90.795
38 1303 37 15.58
39 1433 43 8.06
40 838 50 86.069
41 990 50 57.988
42 1113 20 20.415
43 677 34 7.021
44 1050 45 30.714
45 96 21 40.441
46 917 17 57.277
47 698 17 59.444
48 771 41 73.889
49 162 41 38.438
50 48 51 53.298
51 632 18 94.55
52 752 27 2.564
53 41 58 1.77
54 1248 31 50.907
55 917 42 75.294
56 1009 46 46.793
57 19 41 24.801
58 1180 7 38.868
59 1437 33 99.514
60 448 17 54.338
61 187 57 42.469
62 101 30 35.13
63 122 11 13.047
64 143 32 40.33
65 1278 14 2.735
66 951 8 38.779
67 1252 22 62.835
68 186 24 22.693
69 1119 53 27.677
70 1319 49 33.24
71 1034 23 73.729
72 1394 60 9.644
73 1385 48 11.726
74 758 17 25.519
75 1216 51 23.552
76 394 27 95.688
77 787 27 25.216
78 605 24 73.746
79 453 20 27.804
80 609 55 17.144
81 1183 1 70.368
82 270 30 35.438
83 687 34 87.863
84 1405 24 28.119
85 115 25 94.133
86 1327 29 60.541
87 335 50 53.284
88 824 5 39.203
89 926 47 72.346
90 2 17 18.713
91 1110 48 23.611
92 623 10 70.415
93 282 13 38.444
94 1106 45 47.704
95 1389 6 3.21
96 853 57 36.395
97 938 21 37.806
98 832 41 20.825
99 390 24 48.781
100 1281 57 68.137
101 637 59 43.674
102 488 19 71.87
103 476 57 67.01
104 497 26 27.849
105 625 19 22.336
106 644 8 57.455
107 690 60 31.338
108 1167 46 70.849
109 664 19 16.132
110 430 50 56.003
111 736 12 71.469
112 1418 55 4.569
113 1051 15 26.466
114 1233 25 86.14
115 714 60 71.251
116 1286 6 36.079
117 615 32 92.331
118 124 21 40.885
119 371 9 26.924
120 152 58 16.495
121 491 5 52.976
122 406 24 63.263
123 297 2 31.805
124 1340 34 62.663
125 141 50 92.292
126 219 21 31.854
127 1157 58 98.781
128 813 25 44.867
129 1066 30 44.83
130 1104 29 17.405
131 1179 17 37.115
132 618 37 81.939
133 180 32 42.759
134 828 32 19.707
135 782 30 27.291
136 931 32 33.241
137 1435 5 73.122
138 59 48 14.328
139 1246 42 96.336
140 1054 24 77.875
141 594 58 44.839
142 370 50 78.62
143 1174 39 73.489
144 817 36 31.694
145 748 39 94.463
146 488 57 4.612
147 437 3 91.385
148 971 16 65.273
149 1069 10 25.894
150 472 49 25.394
151 524 11 0.194
152 846 14 63.301
153 311 34 30.199
154 779 2 16.071
155 447 55 21.781
156 1297 10 56.298
157 1203 24 92.224
158 1127 48 65.606
159 916 38 16.875
160 246 30 3.817
161 13 30 84.442
162 47 17 57.169
163 412 23 70.253
164 296 53 24.432
165 702 42 52.672
166 1225 18 41.179
167 23 40 48.764
168 1338 40 91.41
169 939 27 94.727
170 852 16 51.251
171 1332 2 50.291
172 248 4 29.54
173 1234 6 67.818
174 373 2 21.842
175 1347 5 94.434
176 646 17 62.183
177 928 55 66.972
178 782 45 41.154
179 1402 44 97.624
180 1245 35 33.616
181 660 39 25.9
182 1311 51 48.139
183 1015 5 59.82
184 1312 26 43.16
185 1317 22 56.535
186 1011 41 91.212
187 1342 50 3.894
188 1304 37 31.188
189 652 45 54.797
190 1424 29 80.669
191 1315 32 16.05
192 241 13 42.774
193 674 31 56.824
194 440 45 88.8
195 703 35 67.972
196 1329 28 96.97
197 726 26 65.303
198 37 60 35.593
199 1186 8 70.513
200 402 39 13.471
