200			
1	1390	14	40.34
2	1291	15	74.19
3	695	12	5.05
4	772	12	10.51
5	20	9	94.7
6	1001	14	86.57
7	1426	7	45.56
8	807	20	73.97
9	716	12	9.43
10	534	6	93.16
11	1225	7	37.53
12	949	20	81.55
13	1042	20	25.55
14	163	9	78.36
15	222	6	5.78
16	122	19	43.65
17	984	15	42.12
18	73	18	88.76
19	1256	19	66.38
20	248	14	2.45
21	1058	12	79.08
22	22	5	24.39
23	436	11	46.51
24	115	8	33.34
25	571	15	10.87
26	904	9	22.8
27	906	20	59.09
28	56	20	32.76
29	1225	6	75.86
30	39	9	59.48
31	763	5	45.46
32	294	6	26.69
33	290	6	10.52
34	1220	5	44.32
35	284	9	76.87
36	1368	20	70.2
37	592	9	93.03
38	335	15	78.38
39	801	18	79.46
40	497	9	27.38
41	1091	7	71.13
42	748	10	33.16
43	923	7	47.06
44	1043	12	12.55
45	107	17	55.65
46	841	16	51.77
47	64	16	5.34
48	1248	10	55.44
49	1148	17	92.81
50	874	5	41.23
51	1419	16	78.97
52	1406	16	34.55
53	927	9	56.01
54	194	12	31.59
55	745	17	2.24
56	704	13	24.34
57	278	9	63.72
58	693	6	38.16
59	598	14	44.11
60	427	5	78.59
61	786	13	35.76
62	192	20	82.63
63	698	13	40.49
64	390	14	72.67
65	1215	13	89.28
66	129	18	60.57
67	966	17	41.29
68	958	13	37.43
69	1144	17	25.78
70	1421	18	91.84
71	240	17	6.36
72	467	17	53.31
73	13	8	1.77
74	117	15	9.53
75	372	6	13.59
76	823	13	66.25
77	1181	12	54.51
78	613	18	42.63
79	91	16	24.12
80	1259	19	15.05
81	30	10	21.32
82	600	9	81.57
83	457	9	5.05
84	1070	5	81.71
85	895	6	16.15
86	119	11	19.9
87	725	6	69.66
88	576	10	52.91
89	72	20	79.97
90	324	11	84.94
91	1361	15	49.01
92	344	20	93.22
93	166	7	63.03
94	986	12	83.77
95	354	14	71.13
96	1380	15	31.12
97	565	14	29.33
98	591	19	63.69
99	825	15	79.39
100	497	17	99.39
101	744	19	46.28
102	260	19	48.43
103	313	8	52.59
104	459	12	59.05
105	1183	10	7.06
106	731	9	79.89
107	253	9	89.36
108	970	17	85.62
109	685	10	5.36
110	797	5	32.89
111	561	17	99.42
112	164	20	41.88
113	677	14	36.33
114	44	12	35.49
115	540	14	18.06
116	71	11	95.72
117	438	14	15.98
118	524	10	41.92
119	31	12	34.15
120	245	12	15.3
121	256	15	39.9
122	1419	16	49.42
123	1418	16	8.07
124	289	19	29.38
125	1253	5	16.57
126	46	15	19
127	594	14	78.71
128	293	15	59.69
129	1198	9	50.31
130	1216	12	30.66
131	9	12	8.21
132	1073	16	54.26
133	820	12	15.19
134	860	15	49.68
135	899	11	77.8
136	1168	16	57.7
137	846	8	37.24
138	870	11	29.64
139	1239	17	27.46
140	1003	5	77.3
141	1338	5	12.62
142	1341	7	26.63
143	65	15	37.53
144	890	11	92.79
145	417	11	30.82
146	293	7	68.25
147	1306	11	93.51
148	812	17	11.07
149	539	5	23.25
150	1298	6	56.49
151	218	17	48.31
152	1224	12	52.03
153	548	7	46.71
154	1247	13	2.95
155	386	11	54.31
156	976	13	65.26
157	933	19	51
158	1066	6	43.05
159	626	19	31.2
160	685	6	67.89
161	496	8	66.5
162	152	7	2.11
163	1393	15	18.17
164	49	10	49.1
165	1132	13	91.52
166	626	18	77.22
167	509	12	30.65
168	794	11	53.66
169	943	15	85.39
170	578	20	25.83
171	1322	11	2.81
172	23	18	94.96
173	908	12	56.35
174	1041	20	32.31
175	307	9	5.8
176	240	17	98.08
177	1109	17	45.88
178	273	16	89.87
179	769	20	21.41
180	74	7	1.8
181	1222	14	92.33
182	783	15	11.71
183	1132	5	58.76
184	639	11	71.81
185	689	6	4.43
186	207	16	52.43
187	564	9	62.86
188	360	11	88.13
189	416	6	34.69
190	311	16	99.65
191	813	20	43.46
192	785	17	62.6
193	445	18	92.61
194	563	11	71.31
195	606	13	22.05
196	302	8	35.01
197	190	11	74.7
198	525	8	3.72
199	949	18	35.35
200	399	16	10.65