198
1 109 37 71.436
2 207 43 74.661
3 980 30 6.251
4 596 13 43.750
5 787 53 76.249
6 1231 32 53.822
7 1188 49 59.770
8 519 21 24.234
9 1239 7 93.104
10 116 39 68.347
11 801 35 20.280
12 896 27 13.742
13 582 31 81.994
14 776 21 69.752
15 472 19 20.820
16 116 27 24.041
17 1068 24 49.848
18 316 32 80.951
19 1366 29 23.729
20 778 7 86.857
21 425 38 15.798
22 1250 3 51.239
23 26 25 53.694
24 931 18 14.905
25 1188 15 74.476
26 261 42 57.193
27 1418 45 72.354
28 233 7 79.513
29 1239 36 40.987
30 646 41 7.204
31 1207 58 73.347
32 746 8 88.850
33 351 56 98.526
34 870 1 37.317
35 1427 35 67.303
36 1054 9 35.050
37 425 32 48.386
38 598 17 39.302
39 767 7 23.485
40 718 3 35.123
41 427 50 5.550
42 453 20 55.428
43 264 40 31.924
44 832 20 49.718
45 1095 26 98.645
46 1286 37 26.933
47 880 48 20.753
48 727 40 96.945
49 1192 47 91.337
50 1340 17 50.942
51 897 21 12.951
52 322 9 80.488
53 13 56 76.977
54 642 52 27.008
55 1000 11 45.981
56 513 4 57.682
57 385 38 78.412
58 1028 5 10.471
59 959 59 54.709
60 580 44 64.730
61 1408 9 47.824
62 592 11 31.376
63 490 50 2.702
64 432 5 36.610
65 900 6 93.148
66 1428 53 77.521
67 25 43 25.343
68 1080 17 18.950
69 908 19 18.881
70 867 22 37.671
71 770 11 93.816
72 140 47 56.716
73 702 39 67.520
74 356 10 43.573
75 633 30 2.115
76 1204 6 7.078
77 374 48 28.190
78 949 15 60.408
79 720 4 77.990
80 465 11 64.045
81 1245 55 9.689
82 790 17 87.039
83 198 11 76.456
84 1268 54 23.732
85 719 52 96.201
86 144 36 60.086
87 62 8 43.405
88 1314 27 94.501
89 188 19 77.692
90 1326 56 76.851
91 102 27 52.754
92 704 36 17.442
93 670 33 21.311
94 1035 6 85.043
95 907 16 39.746
96 1271 51 83.630
97 1097 20 56.331
98 1019 52 99.177
99 227 19 4.635
100 1325 10 55.758
101 793 17 4.686
102 231 60 47.143
103 996 22 25.048
104 987 10 97.342
105 1368 9 35.504
106 1058 19 82.712
107 461 46 65.677
108 53 25 79.147
109 838 20 3.442
110 1136 36 36.332
111 228 16 36.768
112 1126 21 24.289
113 1318 58 2.509
114 460 16 31.152
115 381 21 32.207
116 4 43 65.794
117 578 14 93.687
118 570 56 6.800
119 198 16 57.528
120 845 45 97.238
121 780 21 7.492
122 1402 43 15.037
123 996 11 32.202
124 1401 42 17.598
125 511 20 25.202
126 758 12 7.456
127 1084 18 61.936
128 962 12 59.077
129 516 53 15.325
130 373 5 46.271
131 1092 49 48.326
132 86 50 56.902
133 790 52 82.490
134 325 20 5.382
135 510 49 65.387
136 1089 45 47.438
137 940 10 70.857
138 612 54 28.671
139 799 17 9.495
140 1021 21 70.073
141 1303 57 42.279
142 1354 36 67.115
143 473 59 99.917
144 897 11 28.558
145 1041 40 10.139
146 1413 46 62.015
147 1340 51 11.770
148 870 13 4.289
149 729 11 67.447
150 1325 28 39.237
151 1045 46 87.617
152 1161 50 46.043
153 686 14 26.555
154 635 45 48.009
155 961 10 21.817
156 179 12 80.846
157 1270 22 54.066
158 1373 35 49.201
159 908 22 65.898
160 300 49 27.952
161 478 19 71.010
162 914 24 51.012
163 1291 16 28.099
164 947 1 29.725
165 618 12 11.199
166 613 34 10.177
167 61 16 37.466
168 542 1 84.815
169 1225 18 92.113
170 880 33 19.035
171 370 15 46.640
172 202 55 80.220
173 948 1 37.794
174 512 58 17.234
175 65 26 10.622
176 782 18 59.385
177 317 32 69.264
178 851 56 23.901
179 431 52 60.374
180 986 35 14.175
181 777 6 41.018
182 1314 7 83.672
183 267 43 39.470
184 618 38 79.265
185 559 56 23.660
186 1278 15 97.531
187 633 44 7.194
188 895 11 96.194
189 143 18 17.331
190 592 15 67.189
191 1052 5 29.963
192 1417 8 46.039
193 298 53 4.260
194 124 35 87.820
195 5 21 72.521
196 599 2 60.091
197 1212 52 67.947
198 338 27 94.758
