199
1 739 52 53.213
2 704 45 15.780
3 368 1 32.308
4 1268 20 84.383
5 299 23 60.190
6 215 55 98.198
7 148 55 11.869
8 1237 40 36.845
9 576 47 84.209
10 498 14 80.331
11 197 2 64.980
12 1313 51 81.531
13 695 3 97.725
14 64 49 68.259
15 862 52 16.011
16 1404 43 10.304
17 256 31 66.732
18 1204 16 46.328
19 184 43 20.494
20 794 21 4.025
21 904 40 16.359
22 431 23 89.036
23 418 28 53.290
24 361 55 33.742
25 952 3 25.704
26 1088 53 29.830
27 365 44 39.818
28 643 6 93.904
29 766 30 55.549
30 1101 35 35.336
31 404 17 17.100
32 940 51 28.605
33 1225 52 33.366
34 1188 47 33.360
35 947 24 66.186
36 1006 11 51.676
37 1259 52 34.111
38 568 11 26.586
39 197 20 45.042
40 651 21 63.885
41 974 29 89.092
42 278 46 90.750
43 450 18 6.545
44 1310 44 19.260
45 189 27 96.440
46 203 26 11.540
47 1429 60 78.148
48 527 38 84.088
49 895 7 42.827
50 1051 21 20.811
51 586 4 37.563
52 1348 51 32.249
53 1310 51 39.652
54 1203 13 17.149
55 1115 42 27.078
56 881 45 11.335
57 791 26 97.877
58 276 15 66.845
59 566 46 44.757
60 1368 41 15.317
61 1241 11 20.282
62 797 22 1.996
63 495 12 10.988
64 1138 48 71.918
65 1376 37 16.359
66 674 48 85.556
67 1276 32 11.319
68 390 36 75.082
69 869 27 11.678
70 1080 56 54.559
71 1345 37 78.430
72 941 33 59.627
73 937 59 65.994
74 1129 27 67.672
75 706 60 51.751
76 936 13 32.393
77 1125 9 60.692
78 506 53 82.763
79 1057 39 41.401
80 549 57 69.322
81 717 23 66.781
82 915 45 86.845
83 868 49 52.367
84 417 18 70.031
85 526 34 82.507
86 665 39 67.745
87 558 56 48.291
88 531 24 58.808
89 922 33 29.887
90 1343 23 37.846
91 521 53 5.061
92 849 47 78.105
93 645 1 75.612
94 766 20 87.215
95 1210 21 19.486
96 1357 24 7.079
97 870 22 47.709
98 1156 8 14.075
99 924 14 80.708
100 682 36 69.108
101 719 9 60.884
102 1285 57 82.981
103 541 33 82.769
104 495 47 68.428
105 483 24 57.842
106 1174 15 29.762
107 642 27 2.818
108 1228 39 44.738
109 994 9 36.352
110 1331 40 52.929
111 1041 25 65.437
112 1143 7 24.815
113 1431 11 70.125
114 901 58 3.976
115 1399 24 51.015
116 689 16 92.108
117 1162 10 41.430
118 1176 4 82.776
119 780 59 51.929
120 1209 29 66.607
121 1149 43 7.783
122 1228 51 50.303
123 1227 9 47.485
124 959 39 8.813
125 806 26 68.464
126 1212 15 81.730
127 657 13 13.453
128 611 10 70.478
129 764 31 47.787
130 636 39 72.449
131 1052 53 78.892
132 872 34 22.725
133 764 45 16.458
134 727 44 12.175
135 1346 11 28.120
136 1084 46 7.323
137 1327 43 27.558
138 747 26 77.387
139 862 30 77.772
140 809 30 14.853
141 916 58 76.421
142 1176 35 23.869
143 1397 19 15.103
144 1413 48 98.785
145 790 15 73.183
146 1162 56 19.660
147 770 7 17.078
148 1265 16 45.699
149 1173 58 19.902
150 1179 19 45.502
151 1374 17 65.395
152 1065 28 25.516
153 1336 33 85.427
154 978 14 3.064
155 889 6 73.268
156 1190 14 94.633
157 1093 28 32.980
158 1062 33 60.647
159 1093 1 82.746
160 1152 3 9.121
161 1412 22 27.931
162 1345 24 11.578
163 963 3 81.941
164 1059 57 27.597
165 1345 50 39.807
166 1119 23 47.456
167 1107 39 12.461
168 1119 57 93.433
169 983 59 15.150
170 1052 43 59.475
171 1112 5 93.737
172 1089 8 35.048
173 1225 33 32.172
174 1149 58 59.653
175 956 59 17.046
176 1379 1 19.659
177 1337 12 81.579
178 1390 11 84.023
179 1015 49 48.883
180 1364 30 77.584
181 1091 53 83.722
182 1386 44 30.174
183 1243 39 90.507
184 1081 15 25.986
185 1304 21 4.463
186 1183 31 32.791
187 1071 17 94.955
188 1368 44 52.845
189 1177 31 71.845
190 1166 38 44.762
191 1424 53 89.707
192 1384 42 81.632
193 1216 41 70.230
194 1250 11 76.153
195 1351 12 62.987
196 1378 23 7.320
197 1420 33 96.906
198 1372 7 98.271
199 1368 32 43.856