165
1 5 4 91.17
2 426 9 75.027
3 175 27 42.658
4 1354 18 90.047
5 223 31 44.728
6 512 8 87.203
7 839 16 29.918
8 809 10 46.326
9 557 8 47.199
10 1238 12 16.649
11 958 29 77.678
12 463 2 76.25
13 232 42 86.346
14 840 20 4.666
15 534 32 43.048
16 796 27 67.22
17 1034 22 25.641
18 881 8 1.421
19 774 8 24.719
20 298 29 88.221
21 972 51 58.28
22 1098 2 9.252
23 145 11 2.614
24 881 31 43.905
25 684 58 74.007
26 1147 34 63.194
27 806 32 96.537
28 118 43 79.821
29 393 25 51.462
30 694 15 22.414
31 242 5 81.011
32 1099 44 6.08
33 1258 1 66.583
34 589 60 68.588
35 499 28 91.606
36 1402 11 61.903
37 735 50 51.08
38 991 3 20.23
39 609 5 71.851
40 221 34 39.301
41 796 27 44.043
42 455 42 75.629
43 128 4 39.225
44 327 35 20.565
45 1087 60 54.493
46 67 4 91.263
47 1298 11 93.7
48 1213 56 61.303
49 355 47 92.978
50 79 41 87.42
51 1071 23 53.013
52 664 25 68.423
53 433 59 36.304
54 790 30 48.267
55 582 17 75.057
56 1061 53 80.764
57 1217 39 61.057
58 1096 6 49.7
59 497 45 19.726
60 1365 10 59.015
61 1130 34 18.782
62 603 7 5.052
63 399 12 10.014
64 765 28 31.102
65 702 32 28.515
66 1270 20 66.108
67 563 5 75.373
68 1286 36 19.391
69 255 24 30.838
70 894 56 54.85
71 1375 29 99.051
72 1108 52 96.884
73 830 2 81.671
74 881 4 29.981
75 736 24 45.561
76 526 39 80.976
77 1238 12 63.769
78 743 27 11.505
79 167 18 14.429
80 557 8 75.418
81 1248 43 59.187
82 323 2 96.513
83 1253 8 52.038
84 1243 5 13.791
85 826 11 56.952
86 677 49 99.808
87 746 15 54.62
88 513 44 41.111
89 26 24 66.759
90 1034 57 44.106
91 34 13 12.382
92 1075 42 94.094
93 337 37 71.71
94 675 15 6.318
95 1234 1 77.239
96 413 6 5.172
97 364 20 80.957
98 676 15 98.737
99 251 8 84.786
100 54 59 60.533
101 1311 11 36.551
102 40 27 26.99
103 318 11 24.923
104 147 46 88.233
105 35 40 87.906
106 1150 20 20.18
107 48 57 34.898
108 452 7 38.886
109 671 32 71.965
110 1384 59 72.937
111 1414 34 83.619
112 217 54 48.468
113 1193 9 27.513
114 917 26 73.893
115 1095 15 26.662
116 994 9 40.455
117 920 23 28.012
118 1163 49 20.657
119 288 5 37.723
120 530 2 32.799
121 805 60 38.951
122 1033 37 37.414
123 959 54 64.124
124 188 36 64.216
125 842 50 92.872
126 1374 27 18.054
127 1255 36 11.529
128 515 35 43.744
129 74 24 28.093
130 1392 11 15.086
131 938 20 36.14
132 815 33 57.776
133 208 44 55.59
134 1115 33 82.573
135 877 47 11.447
136 700 22 39.508
137 1019 54 2.602
138 28 36 59.945
139 844 12 40.961
140 822 25 17.231
141 522 30 31.194
142 453 30 52.794
143 835 36 8.43
144 550 6 9.883
145 500 52 45.39
146 52 48 26.592
147 115 44 92.62
148 833 39 31.008
149 28 35 81.407
150 501 55 79.794
151 1139 59 25.075
152 618 51 95.537
153 978 43 22.129
154 353 26 3.878
155 517 40 36.107
156 1254 9 97.744
157 296 22 89.147
158 1194 40 69.615
159 59 53 16.843
160 185 33 43.272
161 59 26 43.54
162 1282 20 1.241
163 284 60 23.249
164 1211 16 73.317
165 283 28 70.018