200
1 721 44 6.986
2 1039 17 54.664
3 708 32 9.109
4 455 12 63.107
5 846 52 88.841
6 143 42 14.959
7 501 4 1.044
8 913 9 78.154
9 218 43 70.765
10 363 8 24.818
11 294 12 61.447
12 587 5 92.891
13 22 15 44.032
14 564 28 80.851
15 512 35 16.948
16 1238 24 88.012
17 1152 6 3.585
18 1195 45 41.443
19 1247 52 50.435
20 319 2 57.195
21 1099 59 33.89
22 1193 39 58.966
23 574 45 88.47
24 620 25 19.765
25 72 19 89.449
26 1430 27 72.44
27 501 31 28.616
28 212 30 18.405
29 1108 49 34.779
30 1354 48 9.16
31 890 24 38.632
32 1404 34 44.61
33 1121 43 76.962
34 1235 1 38.242
35 609 46 42.795
36 860 4 21.316
37 871 10 50.99
38 495 21 89.31
39 315 60 46.692
40 421 3 89.707
41 948 21 62.254
42 296 57 91.139
43 522 45 65.296
44 145 41 28.886
45 781 8 75.765
46 1096 33 86.308
47 637 29 72.116
48 235 8 40.266
49 1160 3 75.73
50 254 29 19.97
51 685 1 17.03
52 108 51 43.541
53 1285 41 91.156
54 654 3 47.101
55 80 28 60.01
56 349 40 0.52
57 1123 52 69.913
58 1006 37 45.347
59 1053 22 79.482
60 1430 24 49.205
61 1176 17 39.467
62 529 33 98.597
63 1299 54 30.01
64 856 42 78.701
65 1146 25 49.546
66 476 36 67.991
67 161 31 2.208
68 504 26 26.84
69 1326 2 88.216
70 995 21 58.942
71 58 56 92.619
72 1327 42 34.675
73 387 22 87.269
74 247 36 52.136
75 1049 51 47.222
76 1203 56 59.876
77 180 51 5.576
78 89 53 0.354
79 1405 10 54.679
80 357 33 77.072
81 46 7 61.205
82 666 6 29.929
83 175 8 60.674
84 692 51 94.005
85 74 9 12.267
86 709 59 97.992
87 639 13 8.559
88 179 56 64.406
89 929 39 44.444
90 937 12 46.43
91 1139 53 98.04
92 644 57 22.058
93 457 11 61.081
94 831 6 53.644
95 424 7 19.952
96 77 11 94.276
97 1388 5 83.395
98 47 49 71.863
99 507 11 91.941
100 93 51 82.774
101 388 59 7.694
102 1037 25 52.527
103 1106 23 78.991
104 858 57 94.946
105 1020 20 97.602
106 3 44 19.523
107 690 42 58.235
108 339 47 47.801
109 564 9 32.439
110 1192 60 93.641
111 115 56 81.029
112 479 56 67.359
113 504 38 94.436
114 562 48 53.099
115 967 19 96.535
116 831 37 70.97
117 668 47 77.212
118 782 7 41.929
119 169 25 65.378
120 136 12 46.364
121 845 7 81.53
122 869 52 25.018
123 51 27 14.347
124 1323 5 10.355
125 744 39 49.65
126 897 51 59.772
127 457 52 3.189
128 1325 47 27.382
129 93 19 52.452
130 209 58 18.303
131 125 46 98.644
132 1202 43 10.779
133 1277 52 11.207
134 791 11 71.991
135 564 31 49.258
136 1259 9 75.154
137 763 51 58.704
138 154 57 52.368
139 945 1 2.022
140 1249 37 56.879
141 1251 48 59.604
142 1022 39 98.07
143 1039 31 53.365
144 104 6 53.847
145 988 37 23.081
146 1068 38 44.168
147 249 54 8.502
148 1337 55 99.05
149 103 52 77.171
150 1222 40 87.511
151 520 28 76.491
152 799 15 23.232
153 686 21 3.064
154 740 56 53.068
155 1335 17 24.645
156 383 1 66.787
157 958 52 95.419
158 1189 55 15.203
159 1171 54 63.412
160 1394 51 42.633
161 797 45 0.318
162 623 36 10.024
163 971 50 45.477
164 160 20 54.971
165 532 20 27.052
166 1155 29 62.707
167 1325 46 25.947
168 62 31 10.161
169 1393 58 94.718
170 1439 1 20.187
171 486 6 89.569
172 1124 60 73.871
173 732 46 98.822
174 864 23 30.625
175 826 51 10.215
176 411 57 88.725
177 575 17 53.362
178 1025 14 15.844
179 641 22 82.122
180 396 15 39.683
181 802 29 15.88
182 1157 39 6.855
183 70 22 86.652
184 599 37 11.215
185 148 32 72.702
186 1123 16 90.152
187 822 9 99.487
188 371 6 93.743
189 732 21 25.919
190 444 59 53.627
191 1269 23 79.745
192 341 36 38.689
193 1338 17 78.274
194 349 60 13.282
195 498 54 14.026
196 1303 20 87.223
197 1348 33 43.6
198 1259 44 16.039
199 516 3 82.421
200 230 10 45.001
