200
1 1340 45 45.038
2 259 6 71.789
3 1003 28 24.755
4 471 22 60.763
5 36 4 57.844
6 263 56 74.491
7 941 18 55.878
8 555 50 44.857
9 170 28 19.504
10 1300 26 19.764
11 582 25 89.120
12 1412 6 77.717
13 716 10 9.080
14 1367 36 2.803
15 1217 51 47.760
16 1004 19 16.569
17 623 10 58.957
18 575 46 32.712
19 1377 25 85.485
20 18 28 18.263
21 1313 57 22.014
22 714 23 95.279
23 707 22 49.233
24 810 30 98.750
25 1367 30 96.687
26 436 29 60.632
27 1268 31 32.294
28 1104 32 89.723
29 763 56 11.050
30 1126 58 79.727
31 1208 57 71.737
32 1197 56 17.436
33 583 60 12.004
34 1406 39 71.856
35 351 45 62.627
36 620 32 61.274
37 194 50 7.128
38 1180 20 64.505
39 223 58 58.525
40 733 22 80.957
41 431 45 49.944
42 62 50 76.363
43 995 11 37.935
44 941 11 37.881
45 468 8 30.394
46 996 57 12.926
47 834 35 33.429
48 152 59 82.508
49 85 6 27.224
50 483 24 78.991
51 89 49 22.565
52 708 28 85.586
53 269 12 58.552
54 404 29 49.693
55 730 25 5.098
56 643 27 30.861
57 1229 5 48.109
58 534 60 34.480
59 355 38 99.539
60 158 59 9.489
61 928 4 59.660
62 155 48 14.995
63 601 28 81.112
64 352 42 98.229
65 857 25 14.906
66 539 46 38.368
67 678 13 5.420
68 1164 56 44.720
69 1066 2 51.951
70 1191 1 19.807
71 830 45 44.228
72 75 30 51.605
73 444 39 98.739
74 67 34 26.691
75 1193 53 43.987
76 1135 19 97.256
77 576 55 33.654
78 329 12 63.802
79 579 42 91.709
80 469 33 32.895
81 133 11 82.923
82 348 20 98.927
83 990 9 34.355
84 232 15 10.670
85 1242 10 74.661
86 319 49 96.918
87 1407 53 91.137
88 78 29 12.850
89 1262 3 7.317
90 326 52 95.414
91 26 35 15.415
92 1393 19 69.178
93 253 42 52.379
94 1018 31 59.174
95 1026 50 99.917
96 1039 23 5.872
97 49 37 53.014
98 183 31 88.587
99 1001 45 18.128
100 1103 8 68.164
101 590 46 47.106
102 299 35 61.590
103 995 36 77.532
104 1029 44 1.739
105 1193 18 29.468
106 486 26 28.396
107 1393 25 60.241
108 655 15 69.945
109 266 18 60.763
110 338 23 92.962
111 862 25 5.095
112 711 15 72.759
113 64 14 97.513
114 1203 47 48.985
115 691 6 65.196
116 389 59 11.704
117 248 41 98.916
118 1430 18 75.967
119 924 31 19.318
120 407 25 32.019
121 774 14 30.465
122 391 3 68.471
123 1018 32 74.606
124 339 21 96.639
125 870 27 33.616
126 368 49 70.019
127 900 52 93.001
128 85 50 81.595
129 482 31 58.298
130 726 37 26.749
131 1383 59 34.883
132 625 8 99.283
133 205 14 53.261
134 665 51 53.844
135 1332 50 30.828
136 602 46 55.176
137 1252 45 62.848
138 296 42 33.942
139 208 25 9.017
140 828 4 92.079
141 803 11 6.563
142 26 25 29.926
143 569 45 15.053
144 1381 14 78.691
145 889 59 35.788
146 848 12 3.953
147 117 55 33.832
148 75 10 9.957
149 756 41 76.758
150 665 60 62.314
151 1078 53 49.650
152 52 20 12.861
153 191 39 2.806
154 695 3 67.372
155 118 2 81.870
156 414 25 78.281
157 449 44 82.450
158 350 47 37.364
159 368 20 2.927
160 510 56 37.518
161 67 51 33.128
162 491 57 98.205
163 1023 2 72.957
164 671 32 77.069
165 753 5 32.397
166 156 51 77.120
167 1219 24 31.800
168 831 5 40.740
169 530 40 85.213
170 680 25 46.211
171 452 32 70.676
172 824 39 77.005
173 75 57 33.907
174 1200 45 1.375
175 49 50 6.071
176 1369 22 73.078
177 372 2 8.629
178 109 8 28.329
179 1020 10 41.909
180 688 17 54.814
181 458 58 37.239
182 468 31 54.529
183 1081 24 41.639
184 45 18 55.917
185 1296 18 51.642
186 227 37 71.976
187 705 46 17.764
188 1005 28 14.750
189 1268 13 4.321
190 1172 3 40.836
191 776 36 25.096
192 348 18 14.148
193 249 9 20.496
194 836 43 9.406
195 286 55 54.476
196 238 37 50.326
197 417 10 58.751
198 1347 46 1.457
199 994 22 88.048
200 534 34 8.426
