200
1 788 30 56
2 799 47 95
3 1351 30 98
4 372 12 15
5 1011 11 24
6 1164 13 63
7 1312 42 84
8 488 51 35
9 735 53 6
10 1152 18 1
11 1392 5 21
12 693 39 16
13 1047 6 90
14 1257 38 76
15 1287 51 63
16 853 26 86
17 750 32 76
18 186 29 59
19 925 28 85
20 802 24 36
21 691 42 14
22 329 21 87
23 1403 9 71
24 1038 11 65
25 1258 36 45
26 1052 11 68
27 407 29 8
28 385 31 8
29 983 10 8
30 1368 48 18
31 517 32 5
32 809 44 13
33 1227 57 64
34 406 43 3
35 1246 38 78
36 959 10 7
37 808 29 11
38 1091 43 32
39 638 45 59
40 502 28 27
41 488 3 81
42 453 34 91
43 901 11 14
44 304 12 86
45 425 44 56
46 815 57 78
47 967 20 74
48 9 12 85
49 772 30 21
50 136 25 78
51 1227 31 95
52 1312 29 44
53 68 46 81
54 772 22 20
55 458 57 98
56 137 52 88
57 1124 36 3
58 283 34 24
59 1413 3 29
60 1267 43 66
61 1415 5 87
62 456 32 45
63 970 51 68
64 181 1 78
65 145 1 75
66 1090 11 43
67 143 41 98
68 143 6 97
69 1354 59 42
70 908 16 95
71 772 29 8
72 1121 8 60
73 898 40 90
74 1332 26 26
75 366 37 63
76 644 12 36
77 462 19 65
78 734 27 88
79 1220 16 15
80 434 10 84
81 476 44 57
82 1035 29 90
83 1330 47 32
84 1011 59 20
85 814 6 9
86 125 46 63
87 1390 13 27
88 690 41 36
89 1265 5 46
90 324 29 95
91 1403 38 19
92 789 5 55
93 273 43 16
94 230 34 94
95 749 16 70
96 171 43 91
97 1260 38 79
98 1210 52 6
99 798 46 78
100 40 21 38
101 700 22 27
102 505 16 66
103 215 11 36
104 855 59 56
105 217 37 37
106 1405 26 22
107 282 55 78
108 947 1 79
109 996 59 97
110 776 15 50
111 1341 45 61
112 1069 15 23
113 1034 8 79
114 469 1 55
115 875 52 79
116 1127 28 15
117 433 21 38
118 875 51 67
119 698 5 36
120 452 18 65
121 716 3 35
122 541 34 73
123 934 2 76
124 875 39 48
125 323 26 11
126 701 11 60
127 47 34 90
128 387 25 66
129 698 32 5
130 118 34 16
131 110 35 59
132 1285 28 27
133 738 24 34
134 469 22 11
135 95 45 35
136 272 18 18
137 482 2 43
138 428 4 55
139 1379 34 48
140 711 7 16
141 228 50 66
142 875 36 72
143 304 59 20
144 329 23 98
145 449 26 67
146 818 59 97
147 266 15 96
148 130 41 14
149 1436 26 12
150 892 25 34
151 469 34 23
152 285 53 26
153 873 39 72
154 224 45 8
155 1258 37 67
156 1249 46 55
157 819 39 30
158 1231 38 10
159 925 8 7
160 391 31 37
161 1022 4 13
162 799 37 79
163 1368 39 20
164 718 4 91
165 800 35 17
166 122 6 26
167 966 35 31
168 965 53 22
169 668 28 43
170 199 8 32
171 943 3 20
172 1063 22 39
173 248 56 64
174 673 24 39
175 1110 2 78
176 379 1 24
177 1230 1 11
178 472 43 24
179 1057 35 79
180 633 48 79
181 1434 51 25
182 1319 59 48
183 612 22 94
184 378 55 79
185 1431 25 58
186 568 59 9
187 216 53 26
188 865 49 11
189 1069 19 73
190 220 9 48
191 549 50 12
192 63 52 78
193 326 26 42
194 1302 35 90
195 425 44 39
196 1228 28 16
197 632 16 61
198 1382 31 46
199 1262 41 76
200 344 31 32
