188
1 1351 56 73.495
2 1099 19 35.808
3 980 8 1.555
4 863 23 46.613
5 119 15 70.782
6 888 40 37.163
7 213 49 8.498
8 1430 27 10.322
9 1049 16 39.474
10 216 51 12.952
11 971 41 29.492
12 676 43 97.211
13 441 47 81.422
14 1343 43 3.164
15 657 56 90.664
16 496 9 61.389
17 36 19 14.129
18 673 1 1.553
19 101 19 58.072
20 1117 47 92.102
21 328 56 44.066
22 563 1 30.194
23 291 22 69.286
24 945 48 46.253
25 943 19 37.945
26 681 10 87.741
27 231 49 3.689
28 15 18 98.433
29 7 55 29.572
30 1016 49 15.522
31 270 27 41.693
32 1243 33 65.340
33 508 46 25.347
34 1396 57 50.526
35 84 45 88.474
36 316 5 85.988
37 666 24 96.231
38 817 48 59.646
39 662 18 62.426
40 1108 14 64.590
41 527 6 69.114
42 1349 2 74.028
43 1073 6 73.816
44 745 55 7.548
45 839 3 55.366
46 292 60 67.897
47 960 33 44.076
48 1247 38 11.317
49 205 33 79.630
50 834 14 50.875
51 225 7 41.002
52 954 1 82.757
53 495 16 96.618
54 84 25 67.987
55 1199 14 30.363
56 255 42 98.593
57 570 17 8.841
58 750 44 26.493
59 264 9 69.233
60 1075 50 35.602
61 249 38 23.130
62 1221 18 93.618
63 904 19 91.503
64 730 48 28.225
65 1305 32 8.976
66 173 52 34.482
67 1004 57 60.887
68 473 50 35.241
69 966 39 46.346
70 251 59 84.108
71 591 38 91.867
72 51 48 22.088
73 462 31 76.098
74 1315 19 72.985
75 1103 17 63.998
76 1102 18 90.497
77 61 10 90.720
78 858 21 49.996
79 295 8 79.837
80 782 17 12.150
81 94 18 28.378
82 1044 1 72.080
83 917 26 42.060
84 1143 21 47.815
85 64 26 58.097
86 6 15 54.694
87 949 29 49.986
88 79 47 58.888
89 365 33 69.077
90 1060 13 2.167
91 1027 8 41.053
92 728 35 42.682
93 307 32 1.873
94 515 13 62.156
95 668 17 27.504
96 921 35 48.296
97 1246 7 84.427
98 1335 15 73.368
99 956 55 3.771
100 310 21 54.656
101 1403 45 60.933
102 373 44 0.552
103 32 60 24.889
104 1234 56 17.342
105 1014 42 26.158
106 721 39 76.024
107 1029 27 81.369
108 1267 38 15.853
109 1179 15 3.407
110 512 47 91.919
111 1255 38 20.909
112 1373 47 57.987
113 952 37 28.830
114 310 54 12.084
115 354 39 92.253
116 85 35 22.942
117 312 31 30.057
118 840 15 97.951
119 754 18 11.821
120 126 2 49.731
121 329 3 11.969
122 1258 28 67.566
123 950 5 78.135
124 382 55 2.708
125 566 49 87.579
126 977 7 31.641
127 1256 14 84.855
128 313 4 70.614
129 876 14 16.906
130 785 12 76.093
131 965 55 7.434
132 532 11 81.061
133 824 37 41.593
134 1439 36 85.032
135 971 16 63.999
136 786 15 36.804
137 1126 56 28.427
138 1103 6 23.340
139 1332 55 75.882
140 1241 30 5.658
141 2 58 59.363
142 598 13 23.027
143 831 10 77.969
144 1325 39 20.631
145 1050 46 31.166
146 296 50 42.541
147 871 31 54.496
148 1171 16 71.884
149 889 58 52.393
150 378 30 93.068
151 329 6 0.546
152 1262 40 97.196
153 589 12 50.769
154 673 41 51.057
155 641 20 34.669
156 196 10 2.557
157 705 16 28.686
158 368 12 1.024
159 172 37 13.075
160 889 15 69.491
161 1058 26 29.834
162 540 43 77.879
163 1191 55 20.648
164 402 19 30.931
165 797 15 4.814
166 1434 10 2.880
167 973 11 39.339
168 691 32 21.963
169 286 36 88.584
170 1374 27 32.214
171 572 10 19.223
172 832 28 37.406
173 946 5 27.752
174 1341 44 62.636
175 943 12 2.615
176 478 13 52.675
177 69 38 20.378
178 587 41 63.021
179 645 34 76.692
180 721 16 89.612
181 771 24 56.476
182 893 23 26.124
183 183 36 54.998
184 1151 1 33.974
185 666 40 71.860
186 1032 42 59.649
187 453 22 13.117
188 1323 23 36.106
