200
1 255 58 62.382
2 256 35 45.416
3 234 29 43.08
4 223 19 26.791
5 256 28 16.676
6 265 50 50.257
7 244 44 61.332
8 241 20 24.103
9 233 26 34.501
10 233 28 28.695
11 209 19 20.762
12 221 37 54.705
13 247 34 39.029
14 253 31 36.451
15 266 40 46.168
16 223 34 32.62
17 234 37 29.556
18 249 21 23.475
19 244 18 18.43
20 237 33 32.343
21 221 27 24.017
22 238 38 37.234
23 232 38 33.979
24 257 24 40.561
25 262 57 75.813
26 232 54 80.165
27 244 39 58.8
28 250 23 28.147
29 273 23 21.701
30 241 32 49.615
31 244 14 12.872
32 228 35 39.444
33 239 40 56.978
34 220 40 52.137
35 251 45 66.827
36 255 32 32.806
37 247 18 20.473
38 283 42 61.228
39 229 31 31.36
40 231 32 19.448
41 254 44 86.576
42 259 30 43.913
43 263 28 26.845
44 239 26 38.554
45 236 22 22.043
46 249 20 14.687
47 236 41 62.579
48 231 18 20.34
49 250 52 79.469
50 244 21 21.62
51 252 32 48.326
52 230 17 22.088
53 234 46 50.077
54 217 29 27.292
55 264 43 61.866
56 231 46 35.929
57 239 33 48.542
58 257 28 30.93
59 251 23 18.92
60 250 32 38.36
61 225 35 43.449
62 263 22 30.083
63 212 24 26.668
64 236 23 21.467
65 264 40 48.957
66 257 45 79.545
67 260 38 48.951
68 222 44 75.913
69 248 35 42.957
70 254 29 36.937
71 238 22 26.821
72 249 39 48.858
73 231 27 29.933
74 226 41 59.415
75 232 43 40.589
76 228 32 51.441
77 213 21 29.23
78 230 28 37.471
79 262 50 85.753
80 245 36 43.163
81 238 42 57.561
82 234 36 46.495
83 239 33 52.22
84 238 37 59.68
85 244 29 36.762
86 209 33 35.027
87 215 19 28.951
88 245 38 56.244
89 265 35 37.807
90 250 28 38.97
91 239 43 37.352
92 249 21 20.302
93 224 10 15.713
94 256 38 55.024
95 259 36 42.752
96 226 30 29.749
97 240 43 58.003
98 231 40 30.316
99 213 44 50.178
100 232 30 32.209
101 217 44 46.133
102 231 30 43.259
103 252 35 55.405
104 244 36 42.331
105 234 42 59.226
106 229 49 49.391
107 236 27 33.481
108 244 41 53.978
109 204 47 60.175
110 242 25 40.341
111 238 28 43.086
112 230 42 57.898
113 254 40 48.742
114 228 31 45.37
115 239 44 51.108
116 271 38 58.957
117 234 21 25.157
118 251 29 34.298
119 250 29 44.958
120 202 56 63.401
121 237 29 49.167
122 241 34 44.599
123 233 25 32.222
124 258 18 20.467
125 248 21 22.571
126 235 50 58.109
127 220 29 37.812
128 230 40 39.118
129 231 38 34.657
130 249 29 32.759
131 257 41 49.289
132 244 47 60.46
133 245 35 46.905
134 236 27 28.865
135 213 27 41.336
136 228 24 36.799
137 214 33 43.344
138 250 35 42.393
139 235 45 79.551
140 220 33 45.549
141 230 19 25.778
142 218 41 54.026
143 228 26 22.985
144 234 48 61.709
145 230 38 42.148
146 238 14 16.368
147 254 41 41.437
148 256 48 57.18
149 213 24 31.964
150 242 29 28.675
151 259 38 44.548
152 237 24 23.946
153 252 39 55.669
154 242 37 60.899
155 248 19 19.857
156 254 39 44.625
157 238 28 38.582
158 254 45 56.841
159 208 40 50.472
160 260 33 36.277
161 290 25 36.409
162 238 32 43.353
163 241 21 20.478
164 250 54 69.511
165 243 20 26.193
166 224 44 52.294
167 212 26 19.469
168 249 34 49.863
169 197 20 22.62
170 245 33 46.48
171 206 45 58.475
172 243 40 50.59
173 229 43 31.852
174 263 26 37.042
175 213 26 40.225
176 250 32 40.104
177 253 45 60.718
178 262 35 34.555
179 205 47 39.274
180 248 36 51.326
181 228 52 81.264
182 223 17 25.181
183 231 26 33.908
184 248 25 29.183
185 218 45 51.954
186 242 22 18.587
187 263 31 55.08
188 235 34 35.136
189 214 32 23.882
190 241 40 50.251
191 252 36 46.885
192 233 27 48.45
193 228 45 45.46
194 249 38 57.497
195 259 24 27.253
196 269 39 52.788
197 219 24 23.955
198 222 36 37.833
199 246 42 61.009
200 257 40 50.479
