200
1 956 27 35.37
2 1297 38 45.22
3 717 10 7.9
4 1211 13 94.95
5 889 22 14.08
6 1319 10 18.6
7 943 32 39.36
8 850 39 53.43
9 1191 12 89.08
10 174 40 33.6
11 1176 14 71.47
12 1220 12 95.88
13 1088 28 15.12
14 408 19 25.08
15 1387 19 32.11
16 239 28 27.44
17 695 25 35.0
18 246 48 64.32
19 1181 13 72.0
20 1065 26 20.28
21 1176 14 70.53
22 1053 47 67.68
23 388 45 58.95
24 1206 15 94.55
25 996 27 18.09
26 868 11 10.34
27 1190 11 70.94
28 824 26 47.06
29 1150 22 15.4
30 1341 28 54.04
31 542 37 55.87
32 1005 23 13.57
33 1382 36 70.2
34 871 12 17.76
35 1166 41 81.59
36 655 23 25.3
37 1151 44 22.44
38 122 31 53.63
39 1194 10 97.7
40 233 43 49.45
41 1195 20 36.8
42 335 31 31.31
43 1069 10 10.8
44 1194 15 73.88
45 280 22 11.44
46 758 16 8.48
47 335 37 48.84
48 1290 31 55.8
49 1216 10 95.06
50 93 11 13.86
51 1135 47 81.78
52 848 33 32.01
53 1290 15 29.25
54 1348 38 52.44
55 1221 11 20.35
56 94 44 27.28
57 1099 45 71.55
58 1023 39 54.21
59 467 30 18.9
60 1308 29 33.93
61 1211 44 78.76
62 1088 17 19.38
63 1185 11 74.9
64 586 34 58.14
65 1210 14 88.88
66 929 39 65.13
67 875 31 62.0
68 916 17 8.67
69 715 21 36.96
70 1051 32 39.36
71 736 25 34.75
72 1196 24 15.12
73 98 22 25.74
74 609 34 61.2
75 586 37 32.19
76 1340 26 13.78
77 52 18 22.68
78 790 31 29.76
79 469 32 42.56
80 171 42 30.24
81 539 36 54.0
82 1179 13 84.67
83 1175 13 80.92
84 1217 12 75.9
85 990 10 12.6
86 1105 34 66.64
87 1218 36 22.32
88 246 39 40.56
89 1078 27 43.74
90 1131 15 7.5
91 72 15 13.05
92 1202 10 89.74
93 1118 14 15.82
94 141 10 8.3
95 611 49 78.4
96 572 23 43.93
97 1020 32 38.08
98 1222 34 36.04
99 1355 18 18.54
100 1073 22 20.24
101 576 35 63.7
102 912 13 25.48
103 1202 10 98.45
104 696 38 66.5
105 1199 12 80.97
106 114 32 34.24
107 1031 18 21.6
108 480 43 47.73
109 157 38 58.9
110 715 34 46.58
111 1153 21 24.57
112 564 36 33.48
113 514 48 57.6
114 128 44 41.36
115 471 47 73.79
116 1217 13 85.16
117 937 19 15.77
118 961 27 36.99
119 193 32 24.32
120 1274 37 19.24
121 1230 15 22.2
122 1222 13 88.92
123 327 40 76.0
124 1219 13 95.92
125 723 17 19.55
126 683 24 26.64
127 474 23 31.74
128 67 43 77.83
129 636 27 31.05
130 1102 22 15.84
131 951 13 23.66
132 1203 11 79.58
133 1239 13 24.96
134 41 21 11.55
135 930 37 51.43
136 1175 10 74.82
137 768 50 28.0
138 424 33 59.07
139 1120 39 55.77
140 948 11 15.51
141 438 24 24.24
142 963 23 29.21
143 1175 10 83.52
144 1070 34 30.94
145 670 45 74.25
146 848 46 73.14
147 779 50 53.0
148 1223 14 93.64
149 753 35 29.4
150 134 39 62.4
151 403 23 24.15
152 1035 22 32.78
153 648 38 58.52
154 315 21 16.8
155 1219 30 54.0
156 1420 15 28.5
157 1065 24 42.0
158 1069 44 69.96
159 490 23 22.54
160 1185 14 95.91
161 803 15 22.95
162 1391 26 16.64
163 1178 14 97.78
164 1362 34 35.7
165 1405 12 10.56
166 1003 36 24.84
167 1319 44 69.96
168 1182 14 74.23
169 1171 45 46.8
170 853 10 19.8
171 858 28 31.92
172 1200 13 82.13
173 338 47 69.56
174 844 39 61.62
175 271 16 11.36
176 1277 41 80.36
177 546 36 69.84
178 254 37 21.83
179 403 15 20.25
180 205 14 10.36
181 447 41 82.0
182 1424 28 26.32
183 287 11 11.88
184 695 20 36.0
185 1048 19 21.47
186 1351 45 88.65
187 264 36 21.24
188 593 27 37.8
189 599 27 47.52
190 1084 50 27.0
191 532 43 84.28
192 1193 42 32.76
193 374 49 71.05
194 1230 24 42.96
195 687 45 27.9
196 1323 13 24.96
197 641 11 9.68
198 84 50 47.0
199 1393 19 28.88
200 1192 12 87.08