200
1 957 30 79.648
2 1318 49 29.856
3 1196 4 40.699
4 509 27 26.422
5 1243 33 99.494
6 414 8 71.712
7 823 14 50.666
8 1336 28 15.555
9 1415 8 25.939
10 408 53 63.403
11 797 40 26.044
12 533 22 87.436
13 1332 57 12.690
14 872 10 16.898
15 1176 37 13.158
16 71 28 37.279
17 100 13 19.625
18 357 10 82.158
19 194 51 54.526
20 1171 42 97.705
21 1272 18 75.684
22 1216 39 74.866
23 1225 40 26.036
24 1320 24 41.156
25 1387 11 8.227
26 589 37 44.813
27 295 51 45.342
28 1192 8 49.973
29 687 42 54.463
30 287 13 25.142
31 367 56 97.413
32 1030 53 88.162
33 181 38 66.532
34 1335 43 11.444
35 772 1 40.359
36 932 55 15.555
37 1274 47 60.449
38 1259 47 65.319
39 1281 17 1.329
40 1134 38 82.424
41 148 6 58.647
42 928 23 66.252
43 33 16 31.500
44 1299 58 95.606
45 1409 25 73.130
46 740 55 86.608
47 1084 42 58.277
48 747 38 97.494
49 1112 26 46.795
50 521 47 55.249
51 1266 53 23.154
52 694 35 81.531
53 901 23 53.779
54 797 49 90.851
55 288 57 11.033
56 1388 6 85.837
57 5 53 3.842
58 50 54 74.954
59 1085 48 91.277
60 503 12 20.144
61 140 57 38.540
62 918 57 72.348
63 261 7 55.007
64 1045 35 19.171
65 1132 18 19.325
66 538 4 16.992
67 1004 26 86.868
68 1008 42 5.478
69 404 48 91.579
70 1206 9 87.287
71 854 47 86.765
72 1401 13 90.704
73 290 45 95.769
74 474 26 87.437
75 1283 23 1.529
76 121 45 67.556
77 881 34 66.692
78 1391 5 16.628
79 857 14 38.374
80 1050 37 31.360
81 433 44 22.724
82 998 27 96.954
83 614 43 35.116
84 724 54 1.636
85 1415 55 6.906
86 1183 56 28.943
87 644 18 53.352
88 379 42 54.603
89 342 58 13.744
90 706 59 47.013
91 1284 16 22.792
92 498 42 21.345
93 371 14 10.082
94 525 14 59.133
95 795 43 63.788
96 800 39 99.356
97 900 23 97.084
98 1077 58 87.773
99 1271 29 88.928
100 473 20 25.150
101 487 13 56.397
102 876 9 71.908
103 207 30 17.554
104 1287 11 47.570
105 340 46 59.950
106 709 27 29.375
107 838 39 60.637
108 210 31 81.115
109 800 1 28.939
110 1419 22 69.173
111 480 51 38.505
112 346 5 98.448
113 1058 55 94.473
114 1439 32 85.690
115 1128 32 58.925
116 555 54 91.367
117 1363 1 77.409
118 618 54 80.394
119 1064 43 28.481
120 1288 34 11.146
121 963 34 62.735
122 908 56 76.197
123 1280 17 1.133
124 664 34 54.867
125 795 45 47.200
126 785 16 97.056
127 226 2 6.745
128 263 21 22.833
129 145 12 95.065
130 946 10 27.093
131 351 18 17.928
132 1264 55 51.170
133 301 8 62.899
134 1254 36 80.315
135 20 7 13.890
136 399 56 25.525
137 97 10 69.256
138 1390 35 59.434
139 5 53 65.790
140 1071 20 83.753
141 246 7 34.952
142 963 48 21.928
143 909 40 37.779
144 605 46 92.643
145 1172 22 27.910
146 700 51 78.595
147 805 39 1.617
148 1014 21 14.595
149 7 35 39.161
150 1102 55 43.367
151 1174 17 24.981
152 613 36 85.947
153 194 59 90.788
154 852 18 12.596
155 93 21 13.982
156 547 25 14.809
157 866 15 63.825
158 1232 27 94.514
159 777 49 84.971
160 605 35 41.269
161 370 29 51.913
162 477 28 14.443
163 462 48 78.750
164 782 26 93.962
165 1430 29 19.089
166 1031 6 75.570
167 4 17 76.483
168 538 46 39.263
169 1168 1 66.435
170 1303 30 75.756
171 856 31 19.281
172 644 11 56.581
173 38 58 5.693
174 855 5 83.715
175 368 18 26.683
176 1370 18 51.975
177 647 56 49.902
178 1128 30 64.920
179 372 43 4.215
180 1434 17 55.072
181 1413 52 29.510
182 1056 35 15.786
183 1059 34 65.162
184 1247 46 64.154
185 973 38 68.853
186 401 40 11.695
187 1136 5 96.260
188 1046 40 19.442
189 6 16 24.747
190 1084 9 74.400
191 237 34 41.096
192 1116 32 14.653
193 1115 23 5.625
194 231 37 0.626
195 1147 41 9.185
196 704 19 41.739
197 844 11 18.211
198 616 28 0.610
199 1163 59 12.116
200 848 1 75.812