200
1 312 18 43.651
2 123 45 19.847
3 1383 50 10.336
4 880 45 62.936
5 625 3 56.179
6 1181 8 57.122
7 43 30 73.202
8 303 37 47.417
9 1234 6 56.05
10 941 35 94.392
11 766 43 50.323
12 575 1 36.902
13 596 24 38.122
14 582 51 50.142
15 708 59 96.46
16 1385 59 16.767
17 799 1 12.632
18 670 31 23.903
19 489 28 88.785
20 355 35 36.295
21 870 7 40.251
22 1234 14 35.781
23 1396 36 53.355
24 622 12 69.039
25 983 2 30.067
26 955 2 90.966
27 543 7 65.46
28 933 11 58.762
29 552 27 90.046
30 261 10 3.023
31 720 33 68.035
32 825 27 52.127
33 46 15 60.143
34 1144 17 54.281
35 1205 4 62.125
36 1247 18 71.388
37 820 56 30.791
38 1164 39 82.482
39 537 8 50.434
40 651 33 7.715
41 456 58 16.074
42 742 5 97.074
43 839 53 5.083
44 977 46 51.584
45 967 26 58.393
46 1160 39 66.499
47 210 26 40.872
48 1290 5 7.71
49 349 42 3.524
50 817 45 82.264
51 313 51 61.57
52 861 40 92.54
53 264 25 61.002
54 1261 31 2.53
55 1313 49 87.462
56 1260 51 37.952
57 1182 22 96.417
58 78 19 18.685
59 357 8 49.696
60 632 35 70.516
61 195 32 16.283
62 616 28 19.615
63 885 21 8.579
64 286 21 84.195
65 921 19 90.96
66 1237 43 63.283
67 691 32 95.046
68 702 45 7.66
69 1184 58 5.6
70 591 51 29.555
71 393 56 44.354
72 106 34 5.583
73 854 54 87.71
74 329 58 4.887
75 1404 20 50.978
76 1142 38 20.727
77 662 58 69.842
78 256 38 69.361
79 394 57 52.847
80 418 42 93.713
81 287 51 92.292
82 941 4 26.576
83 892 11 80.844
84 592 25 81.49
85 1132 56 42.489
86 405 1 52.864
87 1370 21 51.576
88 750 42 48.806
89 658 43 98.56
90 257 17 93.236
91 532 49 98.691
92 996 45 5.273
93 1118 50 5.943
94 252 39 10.074
95 21 1 51.739
96 357 57 69.193
97 1434 37 52.031
98 60 55 52.989
99 798 59 16.609
100 780 31 68.513
101 849 35 30.197
102 321 14 44.514
103 898 40 91.52
104 1271 38 3.151
105 737 11 65.442
106 200 54 25.791
107 43 34 32.68
108 1415 11 11.054
109 743 38 88.089
110 899 8 92.012
111 1043 4 80.685
112 422 45 82.169
113 711 47 54.799
114 359 32 17.135
115 679 13 7.697
116 1153 40 83.458
117 392 8 70.71
118 798 5 95.701
119 1235 21 8.36
120 207 27 41.252
121 1165 28 22.864
122 6 48 41.296
123 1067 18 47.387
124 1276 25 33.657
125 559 45 91.018
126 647 44 67.349
127 1302 54 44.533
128 1391 38 51.102
129 1231 9 14.278
130 897 42 84.852
131 180 45 78.294
132 93 52 11.214
133 1238 60 73.739
134 658 43 47.97
135 412 30 95.655
136 882 33 34.546
137 62 4 59.48
138 1162 55 13.411
139 811 53 85.422
140 1225 26 53.504
141 1214 38 20.482
142 224 27 64.459
143 793 16 28.396
144 123 10 23.552
145 1111 16 53.764
146 394 12 65.997
147 1011 12 55.584
148 832 16 22.781
149 56 13 73.878
150 1163 56 40.334
151 771 37 85.067
152 570 29 32.538
153 147 40 46.402
154 558 17 94.583
155 339 15 74.809
156 1038 55 83.049
157 671 23 12.56
158 192 45 20.188
159 480 33 21.729
160 1357 52 60.906
161 857 1 73.05
162 1401 26 3.156
163 175 60 71.64
164 214 22 1.453
165 564 3 30.122
166 1432 34 77.445
167 1308 46 85.2
168 204 30 35.693
169 1330 57 81.248
170 477 28 50.227
171 944 17 84.474
172 380 24 72.345
173 739 8 20.788
174 1424 48 12.638
175 787 50 22.626
176 447 35 52.24
177 1036 46 86.702
178 920 60 68.65
179 1126 16 62.323
180 1436 49 47.494
181 1259 51 97.658
182 732 17 35.1
183 776 54 51.29
184 30 5 32.765
185 1190 16 39.802
186 1154 30 34.788
187 1174 35 31.407
188 16 54 96.492
189 587 41 83.168
190 1297 32 18.285
191 638 6 62.087
192 1249 9 52.786
193 502 42 58.188
194 1142 39 29.896
195 1128 41 29.387
196 196 55 35.684
197 1103 25 50.632
198 820 28 65.828
199 364 26 70.648
200 1045 8 56.504
