200
1 1408 46 48
2 746 24 59
3 365 18 69
4 1351 28 88
5 149 54 25
6 211 16 62
7 822 34 11
8 265 33 7
9 1023 35 45
10 771 26 68
11 120 57 20
12 419 38 57
13 116 26 60
14 815 18 19
15 349 16 5
16 1118 47 22
17 568 29 14
18 1264 18 61
19 659 31 33
20 1089 5 81
21 1320 57 49
22 782 60 76
23 37 44 88
24 1053 23 58
25 588 31 23
26 1 48 31
27 517 20 7
28 518 55 5
29 1299 50 9
30 665 21 13
31 812 24 44
32 814 15 52
33 1008 14 14
34 537 41 13
35 1018 53 81
36 115 49 43
37 8 60 53
38 1414 27 69
39 1344 40 64
40 395 39 24
41 1137 31 45
42 1367 45 35
43 1093 9 36
44 353 43 97
45 644 60 32
46 827 56 64
47 986 22 6
48 1100 35 93
49 1144 31 93
50 371 50 62
51 1340 3 52
52 449 58 93
53 1308 11 67
54 1308 32 27
55 372 9 25
56 1194 41 58
57 558 54 20
58 195 36 37
59 352 13 77
60 1175 24 73
61 617 10 47
62 510 9 55
63 65 36 74
64 1267 51 65
65 1326 53 49
66 316 3 90
67 844 5 11
68 792 13 56
69 1314 54 14
70 847 42 36
71 359 45 53
72 625 29 28
73 1019 60 4
74 324 17 1
75 711 22 86
76 10 57 56
77 1 37 1
78 1143 50 2
79 107 24 38
80 595 35 62
81 617 7 42
82 643 51 43
83 417 50 34
84 142 21 85
85 1407 49 40
86 798 45 70
87 465 57 51
88 1336 58 57
89 774 5 24
90 44 15 55
91 499 8 84
92 417 3 45
93 1175 18 79
94 223 35 77
95 443 39 2
96 830 28 25
97 543 9 74
98 1377 29 51
99 445 59 43
100 631 59 80
101 521 37 9
102 1121 15 26
103 860 55 55
104 967 30 11
105 71 42 25
106 40 10 53
107 946 37 90
108 630 11 19
109 1091 33 34
110 361 36 18
111 432 56 39
112 623 10 19
113 1352 26 80
114 270 15 53
115 88 51 79
116 936 57 50
117 1330 56 60
118 378 19 71
119 616 36 8
120 649 52 19
121 1367 26 30
122 640 12 81
123 159 46 43
124 91 14 25
125 890 23 44
126 995 28 21
127 528 21 66
128 151 20 68
129 6 57 63
130 784 33 7
131 1364 28 5
132 1265 51 63
133 1178 47 60
134 713 34 87
135 505 33 33
136 1194 18 9
137 994 26 88
138 464 1 84
139 147 40 54
140 633 3 49
141 140 57 62
142 222 51 11
143 158 35 25
144 318 14 4
145 744 46 67
146 650 52 70
147 1090 3 7
148 519 7 17
149 1019 37 3
150 1173 6 55
151 104 5 71
152 173 8 23
153 484 30 83
154 744 55 30
155 410 55 97
156 733 7 27
157 340 2 41
158 1308 14 24
159 220 10 97
160 807 36 3
161 1116 39 62
162 766 13 2
163 268 57 79
164 1414 52 35
165 978 45 98
166 1195 46 97
167 513 13 44
168 359 46 64
169 34 16 54
170 41 11 15
171 1076 46 69
172 699 47 60
173 1363 24 76
174 454 58 87
175 622 59 78
176 1383 54 78
177 257 30 15
178 85 22 75
179 1145 19 9
180 560 47 67
181 1406 52 48
182 1216 40 57
183 446 23 13
184 827 34 53
185 252 42 76
186 197 54 84
187 864 13 44
188 742 8 82
189 799 19 37
190 922 2 19
191 1370 16 33
192 915 36 61
193 1020 27 4
194 389 33 32
195 1049 55 17
196 826 52 86
197 947 41 45
198 76 59 37
199 215 13 14
200 1184 45 97