200
1 1224 21 49.47
2 695 34 1.627
3 48 4 74.43
4 1245 27 81.052
5 864 17 95.449
6 460 18 49.491
7 1258 43 59.109
8 473 55 67.531
9 1335 50 87.359
10 897 35 23.94
11 640 33 38.63
12 1342 9 10.316
13 632 38 53.721
14 645 19 1.86
15 923 21 90.228
16 238 53 14.149
17 519 9 79.754
18 98 40 82.377
19 392 3 8.103
20 952 51 4.315
21 612 57 34.861
22 403 56 85.666
23 1098 21 65.517
24 1331 56 31.715
25 956 60 62.147
26 236 20 56.388
27 1261 38 19.388
28 1004 29 1.705
29 106 25 54.051
30 383 50 41.578
31 269 24 13.51
32 218 15 7.206
33 672 29 45.903
34 1050 45 61.082
35 1242 28 89.935
36 742 1 22.09
37 1086 57 6.482
38 970 19 1.109
39 203 36 52.158
40 1267 41 33.479
41 355 22 1.431
42 316 15 93.101
43 1311 15 65.589
44 1005 36 6.393
45 280 54 45.898
46 590 24 2.077
47 830 20 93.349
48 1206 15 60.153
49 1259 23 90.998
50 368 27 12.109
51 1433 53 16.712
52 628 29 51.244
53 1353 35 95.097
54 1099 24 12.198
55 849 6 67.313
56 1315 57 73.355
57 1366 55 86.103
58 410 38 18.557
59 1010 54 1.556
60 324 2 6.868
61 73 50 76.712
62 508 59 68.268
63 546 14 64.854
64 1351 53 40.585
65 1374 31 80.93
66 273 33 65.042
67 1408 46 17.327
68 848 4 89.337
69 1080 17 71.665
70 978 36 5.336
71 1166 54 35.204
72 116 38 33.125
73 1275 37 65.354
74 125 45 90.045
75 784 4 63.942
76 547 23 99.301
77 678 15 61.017
78 671 54 29.662
79 51 54 22.588
80 375 8 88.182
81 190 42 79.672
82 286 28 8.533
83 928 11 15.271
84 1363 26 77.413
85 127 9 23.847
86 388 44 15.016
87 624 50 15.698
88 953 2 82.486
89 504 21 73.515
90 380 14 34.632
91 60 46 24.309
92 153 25 63.053
93 1211 23 27.086
94 555 59 59.909
95 21 55 35.38
96 710 53 29.442
97 335 54 88.812
98 1190 44 80.937
99 1354 43 56.254
100 53 8 69.505
101 715 1 87.489
102 884 35 86.089
103 731 9 35.746
104 151 60 86.26
105 1045 34 91.115
106 1276 16 18.003
107 1341 10 94.829
108 393 44 25.027
109 38 36 80.484
110 639 40 17.289
111 664 48 71.264
112 757 35 82.23
113 1424 60 3.726
114 284 22 93.238
115 578 10 17.206
116 731 5 1.171
117 603 60 17.383
118 172 4 0.674
119 739 35 36.927
120 1022 45 42.135
121 391 23 55.208
122 619 22 1.902
123 1369 5 86.378
124 1226 25 71.165
125 496 12 69.551
126 581 29 84.618
127 977 54 7.684
128 360 55 47.401
129 535 45 99.209
130 1098 31 13.108
131 789 55 43.486
132 1054 57 58.064
133 36 51 65.52
134 64 5 38.311
135 879 31 4.143
136 774 46 54.684
137 341 29 2.016
138 264 43 92.398
139 272 19 87.056
140 413 42 47.065
141 463 37 55.806
142 487 6 54.197
143 912 58 99.756
144 920 40 32.058
145 748 49 73.926
146 791 17 66.042
147 1405 58 82.662
148 916 37 76.438
149 527 7 98.365
150 459 35 98.167
151 44 11 66.853
152 22 23 80.127
153 1229 60 87.89
154 463 32 17.462
155 803 28 6.677
156 777 51 91.858
157 837 15 61.584
158 376 40 44.385
159 1203 15 86.517
160 94 7 77.974
161 980 37 17.824
162 288 36 63.977
163 1311 38 85.59
164 763 4 55.555
165 377 22 83.763
166 11 25 55.255
167 908 40 84.163
168 249 27 61.169
169 491 60 58.409
170 673 59 48.114
171 640 14 62.427
172 394 36 91.036
173 197 52 59.523
174 209 22 68.505
175 686 26 5.17
176 369 11 35.722
177 1418 44 27.958
178 555 29 98.201
179 58 40 86.005
180 1215 36 94.295
181 1315 45 61.476
182 736 53 70.568
183 795 12 39.382
184 182 2 9.025
185 35 42 86.812
186 1367 59 4.344
187 847 40 24.791
188 1361 6 34.808
189 993 21 7.546
190 1339 35 17.947
191 940 33 88.255
192 910 14 59.756
193 868 28 52.249
194 127 32 33.31
195 33 54 57.739
196 297 44 35.894
197 603 30 67.149
198 1162 6 71.733
199 339 60 9.201
200 467 16 20.349