180
1 1047 52 83.689
2 1405 47 75.62
3 682 37 30.377
4 437 50 83.572
5 428 43 41.303
6 210 48 9.542
7 1103 18 92.661
8 325 45 3.366
9 716 7 52.635
10 1011 35 25.124
11 12 45 24.478
12 1210 1 28.929
13 886 23 67.35
14 196 48 82.735
15 470 6 68.549
16 676 27 47.456
17 591 26 74.634
18 32 56 16.514
19 766 44 22.056
20 1346 49 45.899
21 919 29 21.988
22 1260 15 96.247
23 1057 2 47.356
24 598 48 83.09
25 417 21 87.523
26 28 54 50.375
27 1414 5 52.47
28 521 28 47.153
29 1148 3 6.266
30 230 21 4.097
31 1407 42 51.703
32 596 43 14.748
33 258 46 28.998
34 1055 50 93.488
35 1205 14 56.095
36 826 25 71.582
37 510 55 17.013
38 379 59 87.395
39 131 51 26.867
40 959 55 77.66
41 120 55 81.005
42 807 25 11.419
43 1306 57 49.853
44 449 51 20.133
45 272 14 93.168
46 1341 59 97.419
47 907 38 25.271
48 301 2 66.078
49 83 56 87.514
50 796 8 45.47
51 1435 10 70.43
52 282 6 36.859
53 197 8 59.983
54 356 51 26.453
55 227 16 17.302
56 1164 52 73.31
57 636 51 68.59
58 513 38 69.417
59 535 57 96.928
60 1132 17 1.294
61 358 18 41.477
62 416 29 77.836
63 481 45 39.207
64 507 15 80.212
65 1347 8 24.012
66 307 43 24.43
67 1407 22 47.189
68 430 31 74.631
69 1043 37 48.375
70 1 46 85.747
71 619 7 17.104
72 299 39 82.729
73 807 14 74.714
74 788 30 8.884
75 532 25 48.962
76 347 45 47.389
77 1014 45 90.767
78 1310 53 25.731
79 840 37 25.019
80 928 53 46.212
81 864 46 45.87
82 472 15 91.989
83 838 32 71.326
84 173 51 62.325
85 1157 3 78.234
86 52 7 55.427
87 1258 8 34.937
88 1238 46 27.196
89 1038 34 18.271
90 134 7 52.189
91 683 43 55.319
92 1304 42 75.476
93 706 14 29.084
94 723 11 22.803
95 298 16 75.036
96 176 45 52.095
97 1126 35 27.325
98 470 9 13.764
99 577 4 65.051
100 1376 29 75.122
101 995 47 79.706
102 1332 29 44.42
103 108 3 35.835
104 808 21 37.235
105 817 59 83.267
106 196 23 23.126
107 509 7 98.061
108 304 7 85.112
109 1013 42 36.888
110 1410 36 11.022
111 1273 22 68.685
112 1048 15 48.227
113 69 34 40.616
114 1358 29 42.445
115 916 13 19.906
116 1134 24 29.702
117 1045 20 6.303
118 631 31 88.581
119 280 12 94.592
120 710 36 4.99
121 1260 37 18.643
122 255 45 38.731
123 1174 36 22.607
124 813 33 20.406
125 293 56 63.241
126 5 55 21.766
127 623 11 29.492
128 361 24 77.2
129 1209 49 3.876
130 1260 2 55.232
131 100 35 75.631
132 830 36 41.652
133 231 23 92.555
134 283 28 64.512
135 1053 16 59.0
136 321 41 43.301
137 539 8 16.575
138 973 39 30.716
139 328 24 82.387
140 403 22 61.508
141 116 59 91.421
142 1014 20 20.138
143 670 41 79.201
144 931 8 37.628
145 1117 7 41.872
146 200 37 5.201
147 730 56 10.937
148 992 21 77.118
149 1196 56 79.525
150 150 6 96.996
151 764 26 51.126
152 463 27 13.422
153 493 23 49.335
154 442 56 79.286
155 1411 39 65.758
156 1081 48 65.397
157 805 47 58.808
158 160 45 95.856
159 24 48 95.615
160 144 22 36.33
161 1015 19 48.297
162 452 11 66.026
163 782 47 83.127
164 731 13 96.541
165 575 57 98.447
166 615 32 46.427
167 551 14 41.898
168 1327 8 56.727
169 930 34 6.898
170 407 56 75.156
171 234 53 91.792
172 604 29 66.785
173 1173 27 14.482
174 148 37 55.938
175 1108 14 53.633
176 230 42 16.782
177 688 1 84.542
178 711 32 91.112
179 975 2 54.483
180 659 44 59.833
