200
1 1331 19 68
2 304 24 2
3 259 15 47
4 1202 50 67
5 268 41 70
6 180 38 63
7 36 38 60
8 529 36 85
9 175 45 8
10 13 10 52
11 583 52 38
12 664 41 24
13 1029 48 11
14 702 52 39
15 822 35 30
16 694 9 88
17 1118 12 53
18 514 4 10
19 1288 60 62
20 180 42 35
21 666 9 64
22 59 28 77
23 538 28 6
24 247 25 1
25 378 56 49
26 498 58 73
27 871 25 97
28 78 57 48
29 73 31 14
30 533 41 81
31 414 8 64
32 254 29 78
33 504 14 89
34 478 16 38
35 1174 5 77
36 929 53 62
37 1163 47 76
38 179 43 87
39 300 48 20
40 126 45 73
41 383 20 87
42 27 25 72
43 1192 53 47
44 1332 4 42
45 492 23 49
46 1370 11 74
47 741 12 4
48 1211 15 12
49 596 20 97
50 174 8 32
51 825 26 37
52 5 12 36
53 1210 51 48
54 227 13 2
55 132 43 58
56 91 37 78
57 190 50 39
58 1428 8 1
59 486 30 30
60 198 55 15
61 679 24 43
62 1345 20 21
63 45 24 52
64 860 6 91
65 743 2 54
66 1331 26 2
67 1008 7 95
68 29 47 34
69 428 33 46
70 488 49 30
71 101 11 12
72 306 59 81
73 557 38 98
74 547 31 86
75 946 23 15
76 311 54 46
77 1410 7 66
78 663 19 54
79 468 36 46
80 257 42 74
81 1031 12 6
82 655 58 38
83 1095 8 86
84 198 58 2
85 376 17 4
86 390 49 74
87 292 11 9
88 824 30 54
89 274 32 97
90 774 56 69
91 204 9 39
92 60 34 99
93 1258 10 53
94 1014 51 76
95 285 43 41
96 120 7 76
97 899 45 11
98 1059 2 90
99 32 3 99
100 371 15 46
101 492 16 61
102 1379 58 18
103 601 57 76
104 1228 51 13
105 960 19 33
106 218 48 68
107 393 46 29
108 1415 28 95
109 1069 53 83
110 634 25 47
111 748 16 5
112 904 12 57
113 1091 20 88
114 1177 5 63
115 853 19 63
116 181 38 50
117 1331 10 53
118 1118 20 26
119 1391 2 69
120 763 42 60
121 870 42 94
122 986 19 90
123 602 41 8
124 1260 4 31
125 26 35 76
126 635 41 25
127 108 19 6
128 385 21 70
129 671 17 44
130 436 38 7
131 800 21 94
132 1038 17 69
133 587 27 95
134 207 48 8
135 14 40 14
136 1330 26 27
137 253 53 17
138 671 8 50
139 1041 10 28
140 990 47 80
141 698 49 54
142 441 7 11
143 791 24 74
144 1187 10 42
145 761 58 54
146 715 6 51
147 1170 30 11
148 399 50 31
149 1196 53 18
150 1059 12 2
151 31 48 57
152 504 11 19
153 1325 19 98
154 1259 20 22
155 1374 53 47
156 472 41 67
157 658 13 75
158 703 46 51
159 928 29 21
160 501 41 32
161 108 42 24
162 1241 52 91
163 127 28 8
164 179 44 97
165 424 53 13
166 39 18 77
167 616 45 78
168 597 50 48
169 460 57 47
170 246 19 73
171 250 30 1
172 164 13 44
173 1341 58 49
174 71 14 55
175 653 16 70
176 259 37 35
177 800 50 17
178 1346 59 75
179 854 31 18
180 1288 54 35
181 657 21 8
182 132 28 78
183 80 19 79
184 1257 59 52
185 18 59 95
186 705 31 60
187 803 44 44
188 665 57 54
189 1124 18 86
190 641 16 3
191 865 34 2
192 1149 28 20
193 969 6 75
194 73 8 36
195 124 42 70
196 395 49 50
197 1011 18 70
198 52 47 63
199 1245 14 69
200 846 21 97