179
1 985 38 66
2 848 44 22
3 688 31 42
4 682 1 32
5 311 23 27
6 965 44 41
7 605 16 69
8 1079 38 19
9 806 13 42
10 535 29 96
11 809 13 2
12 1143 24 17
13 1418 22 31
14 370 5 63
15 1295 9 55
16 212 36 64
17 783 51 18
18 253 14 32
19 1097 48 84
20 653 55 60
21 423 50 62
22 139 10 48
23 765 16 68
24 317 53 89
25 1107 8 91
26 833 55 26
27 273 20 42
28 1105 56 28
29 77 23 52
30 492 60 42
31 743 52 63
32 577 22 58
33 487 54 55
34 1011 39 58
35 1152 59 24
36 732 19 76
37 534 50 64
38 1284 23 30
39 885 51 21
40 1315 6 44
41 595 9 56
42 520 11 54
43 281 26 70
44 1051 15 4
45 349 1 83
46 6 5 41
47 1391 57 9
48 248 2 78
49 1327 45 57
50 855 30 79
51 267 14 73
52 499 4 87
53 1049 53 24
54 294 29 7
55 238 39 46
56 250 52 43
57 181 4 3
58 848 60 31
59 527 60 56
60 669 49 90
61 722 4 84
62 531 25 63
63 814 30 83
64 1141 56 65
65 659 50 56
66 676 9 90
67 1348 40 23
68 15 53 62
69 55 36 69
70 205 35 87
71 1252 21 97
72 8 30 3
73 469 49 17
74 713 10 6
75 47 37 3
76 872 8 33
77 593 46 48
78 439 25 74
79 1334 48 83
80 448 45 25
81 862 4 4
82 908 50 21
83 45 17 11
84 3 7 23
85 925 10 81
86 67 49 91
87 770 28 92
88 1273 8 66
89 1116 11 97
90 1231 48 58
91 1266 51 28
92 1141 26 8
93 318 40 48
94 1129 10 75
95 229 42 64
96 804 41 54
97 750 51 53
98 546 22 11
99 1010 53 81
100 722 52 99
101 892 24 31
102 1062 10 91
103 723 35 14
104 669 51 52
105 347 56 53
106 780 51 22
107 860 29 89
108 836 43 80
109 611 4 87
110 836 20 33
111 1243 9 6
112 23 33 18
113 1304 39 36
114 434 31 47
115 1247 29 97
116 25 9 26
117 1021 24 91
118 352 34 24
119 1179 22 24
120 676 44 83
121 231 48 80
122 460 35 64
123 224 25 10
124 848 44 10
125 1022 27 83
126 600 26 21
127 1317 60 3
128 198 55 88
129 932 20 93
130 1182 18 15
131 149 50 95
132 67 21 26
133 1224 41 8
134 788 34 50
135 1158 7 37
136 432 50 68
137 98 28 3
138 1370 8 77
139 1387 49 59
140 686 14 37
141 493 7 93
142 859 27 83
143 1286 5 35
144 193 51 62
145 1352 21 67
146 32 20 25
147 1255 12 32
148 1344 6 49
149 777 24 70
150 693 36 8
151 383 6 29
152 925 10 66
153 545 52 90
154 282 12 45
155 533 13 78
156 755 47 23
157 71 35 29
158 651 51 5
159 358 56 86
160 1129 39 59
161 1221 44 33
162 986 13 58
163 1249 43 69
164 1229 45 11
165 1420 16 79
166 560 48 89
167 1187 22 90
168 1238 43 52
169 556 59 27
170 649 13 90
171 1388 34 31
172 274 7 18
173 874 49 94
174 1341 37 94
175 290 47 26
176 796 55 57
177 30 60 94
178 963 49 22
179 137 57 26
