199
1 1041 56 5.868
2 582 37 10.461
3 200 55 28.246
4 413 33 3.784
5 1231 24 2.541
6 802 7 49.694
7 549 51 56.806
8 926 16 19.725
9 693 32 66.866
10 838 15 24.972
11 546 19 34.369
12 1164 20 49.169
13 257 49 45.38
14 558 20 77.008
15 571 39 52.466
16 241 14 2.966
17 618 24 40.312
18 1176 5 89.304
19 866 4 69.89
20 1308 6 34.627
21 602 52 71.269
22 1078 44 61.449
23 232 45 2.834
24 1400 18 95.032
25 461 42 1.073
26 1357 14 93.752
27 1311 13 80.491
28 1214 43 48.988
29 66 52 10.886
30 1006 11 65.01
31 332 25 8.421
32 8 46 9.815
33 189 54 51.91
34 367 2 26.515
35 1245 36 60.713
36 454 11 54.81
37 1192 20 96.421
38 65 21 32.316
39 967 47 64.199
40 1190 17 77.643
41 541 9 98.338
42 551 57 70.354
43 886 25 87.255
44 556 6 46.894
45 301 17 18.55
46 856 60 81.691
47 661 16 3.531
48 764 21 36.041
49 996 21 75.21
50 570 56 76.295
51 1380 39 7.794
52 513 46 7.752
53 402 4 83.553
54 298 14 6.766
55 476 14 1.394
56 956 58 3.269
57 890 26 38.011
58 122 39 11.43
59 250 18 37.907
60 621 46 7.819
61 1325 42 11.255
62 349 1 7.769
63 1148 32 1.513
64 556 5 36.96
65 848 37 22.181
66 1202 51 12.788
67 652 44 42.328
68 442 37 47.396
69 867 54 95.017
70 1118 13 78.754
71 418 43 62.655
72 382 3 24.393
73 479 32 37.967
74 922 3 15.958
75 904 5 31.254
76 1277 21 40.501
77 239 47 25.853
78 1410 41 80.611
79 149 28 82.068
80 1433 25 15.247
81 975 21 15.073
82 536 16 90.848
83 1340 24 34.53
84 862 30 97.791
85 273 29 49.254
86 448 10 48.444
87 642 28 29.367
88 1132 59 46.987
89 1012 15 4.54
90 1394 46 87.565
91 689 25 80.292
92 683 38 28.916
93 120 38 91.957
94 27 40 78.619
95 1329 37 38.316
96 269 50 89.508
97 598 18 46.706
98 370 11 73.791
99 995 25 4.82
100 938 51 31.608
101 1423 24 15.739
102 430 18 95.768
103 1205 55 38.816
104 135 8 72.15
105 374 23 29.769
106 1264 37 64.977
107 264 60 77.301
108 1315 41 3.392
109 1331 48 58.89
110 1245 7 30.074
111 579 15 26.264
112 917 29 97.788
113 807 13 90.765
114 426 18 93.564
115 147 49 95.923
116 454 42 35.684
117 956 24 1.2
118 354 30 25.539
119 1151 55 42.484
120 192 8 13.782
121 924 17 5.724
122 659 38 25.577
123 1300 37 27.331
124 470 9 53.184
125 675 15 48.529
126 828 52 9.305
127 1438 36 25.511
128 821 58 91.837
129 1191 11 87.362
130 655 37 91.229
131 426 19 74.474
132 1095 41 77.429
133 1289 45 5.7
134 47 8 55.742
135 157 26 39.027
136 125 20 62.975
137 1054 35 82.393
138 474 55 69.694
139 768 50 22.736
140 1436 50 7.351
141 1039 37 35.476
142 915 53 35.75
143 493 58 94.052
144 620 20 91.289
145 295 48 83.016
146 832 58 19.234
147 102 51 44.076
148 1395 43 18.165
149 283 10 90.798
150 191 35 2.908
151 728 54 40.809
152 754 20 18.14
153 317 9 2.967
154 1436 5 59.531
155 1064 2 69.55
156 701 52 32.996
157 65 34 64.394
158 1335 35 16.29
159 773 16 37.325
160 548 2 7.315
161 1069 58 19.953
162 1039 55 32.417
163 1298 52 32.91
164 1409 10 70.2
165 194 11 97.921
166 1286 23 40.225
167 1016 27 40.315
168 1021 36 99.271
169 964 10 66.733
170 100 59 93.073
171 525 18 63.586
172 552 2 72.826
173 818 46 29.252
174 1027 48 21.689
175 1421 35 59.621
176 696 3 13.922
177 144 46 43.162
178 46 46 19.411
179 828 23 98.775
180 883 31 38.816
181 544 24 13.411
182 688 23 2.43
183 153 23 39.763
184 640 2 23.383
185 435 16 60.909
186 796 22 43.211
187 784 3 49.004
188 1432 31 14.293
189 841 59 58.484
190 1372 29 25.373
191 528 27 86.68
192 529 28 97.073
193 1359 51 37.67
194 1169 59 61.985
195 494 10 77.276
196 1098 52 87.301
197 125 12 97.522
198 530 7 77.7
199 274 37 79.019