178
1 389 6 68
2 189 7 64
3 1061 41 82
4 1117 47 98
5 1088 6 33
6 342 11 79
7 23 26 37
8 1065 15 19
9 1407 47 19
10 70 6 17
11 132 20 92
12 102 11 63
13 461 5 86
14 554 7 46
15 738 41 50
16 1246 20 80
17 753 25 84
18 408 37 36
19 621 11 34
20 1388 9 57
21 154 53 13
22 619 22 90
23 1261 28 76
24 1197 22 4
25 1122 28 47
26 103 40 10
27 1179 14 86
28 146 17 13
29 574 6 95
30 445 45 79
31 1128 32 59
32 193 60 74
33 611 2 28
34 1117 29 1
35 1027 41 30
36 985 38 2
37 285 58 5
38 861 28 72
39 932 13 29
40 826 36 66
41 701 41 87
42 1233 25 63
43 248 44 49
44 1144 24 87
45 1431 40 29
46 1346 4 63
47 611 19 51
48 797 3 32
49 1060 24 59
50 659 42 97
51 762 32 79
52 1243 53 90
53 932 38 91
54 219 40 28
55 1226 55 33
56 1296 60 27
57 1435 38 87
58 1185 38 4
59 162 19 17
60 105 25 57
61 1311 37 68
62 380 29 93
63 396 58 25
64 1249 42 41
65 822 27 16
66 195 26 99
67 1139 42 96
68 969 34 97
69 625 36 32
70 278 15 13
71 846 59 15
72 1075 37 17
73 1407 13 29
74 1248 9 61
75 1071 39 92
76 339 55 78
77 69 5 41
78 105 18 85
79 599 40 57
80 350 56 56
81 1241 38 64
82 1118 1 38
83 1345 24 98
84 962 28 82
85 258 28 98
86 878 16 69
87 185 60 52
88 132 41 22
89 558 34 39
90 39 31 35
91 1162 51 5
92 103 8 49
93 883 1 75
94 1219 33 52
95 956 48 14
96 124 14 2
97 393 43 68
98 1237 34 50
99 1405 26 70
100 453 57 4
101 334 6 40
102 736 47 57
103 141 31 74
104 1187 42 93
105 1383 7 70
106 477 12 90
107 679 8 33
108 1242 51 6
109 153 50 84
110 986 17 50
111 295 43 14
112 216 51 57
113 740 42 72
114 1212 59 15
115 684 34 80
116 1035 24 68
117 1210 60 98
118 623 19 80
119 1104 30 36
120 632 31 36
121 531 46 90
122 344 54 8
123 1396 59 31
124 190 16 41
125 141 55 94
126 456 2 78
127 1038 20 43
128 338 24 69
129 657 2 45
130 1119 13 7
131 1101 35 5
132 1436 29 31
133 248 36 54
134 404 44 1
135 1002 34 32
136 1312 11 32
137 594 13 28
138 1119 34 89
139 285 49 46
140 987 28 39
141 1270 22 41
142 558 6 17
143 183 36 61
144 17 11 37
145 694 53 47
146 250 21 39
147 1390 12 91
148 181 48 92
149 655 23 94
150 5 13 48
151 510 12 16
152 803 31 20
153 856 21 6
154 1092 55 92
155 769 54 28
156 154 9 76
157 174 3 51
158 1172 46 4
159 63 39 89
160 104 46 74
161 521 29 11
162 436 7 27
163 876 46 33
164 169 56 57
165 392 33 92
166 416 4 87
167 658 35 71
168 1283 22 28
169 155 28 77
170 1359 14 97
171 284 30 45
172 777 22 53
173 957 58 92
174 1236 42 28
175 679 23 81
176 1209 57 45
177 1208 53 16
178 899 53 3
