200
1 8 7 89.862
2 1331 25 10.925
3 293 9 27.574
4 1304 37 11.763
5 1312 32 54.223
6 1126 39 84.781
7 1418 20 26.609
8 300 15 47.899
9 1132 50 77.473
10 1 49 49.743
11 327 57 47.903
12 1423 28 6.103
13 363 52 16.51
14 421 16 92.11
15 500 16 82.036
16 813 43 30.03
17 90 53 8.711
18 348 40 48.143
19 695 8 72.973
20 1273 13 62.604
21 609 40 77.194
22 715 29 85.613
23 751 49 49.155
24 304 20 44.019
25 661 51 86.866
26 304 35 2.393
27 1191 25 55.932
28 975 12 93.557
29 1343 9 3.28
30 553 60 33.014
31 301 22 26.394
32 96 50 17.208
33 837 59 74.031
34 692 50 10.086
35 277 50 53.138
36 575 13 9.292
37 563 55 60.704
38 927 6 49.04
39 1267 48 39.623
40 65 5 58.23
41 982 22 98.318
42 49 57 11.9
43 1109 47 16.505
44 936 52 24.086
45 1190 20 48.764
46 897 15 58.555
47 851 44 5.709
48 1153 31 28.679
49 1317 6 44.9
50 602 57 12.541
51 1247 39 2.971
52 145 44 87.824
53 359 10 92.787
54 1262 60 52.355
55 646 39 28.227
56 177 48 19.636
57 673 20 10.949
58 1021 58 89.068
59 174 42 62.414
60 326 1 82.887
61 37 5 37.612
62 220 60 6.331
63 482 45 49.167
64 1197 33 35.021
65 872 34 29.548
66 1135 60 19.807
67 1412 44 90.345
68 491 57 50.705
69 557 28 9.448
70 421 44 59.681
71 838 59 5.444
72 420 26 8.713
73 548 54 92.66
74 682 43 92.051
75 495 59 56.706
76 1286 42 37.425
77 519 45 38.72
78 709 34 72.903
79 409 42 64.064
80 1001 13 7.39
81 453 58 28.225
82 106 32 71.761
83 399 29 47.099
84 1067 17 73.168
85 389 3 61.445
86 1262 25 11.248
87 1068 52 34.75
88 884 47 96.053
89 354 5 11.47
90 1185 43 43.453
91 1030 37 77.781
92 499 25 24.306
93 339 12 41.741
94 318 42 24.353
95 1298 32 83.883
96 1124 5 68.172
97 1426 24 15.509
98 679 55 53.499
99 127 27 70.741
100 985 14 83.218
101 311 53 83.036
102 422 23 17.745
103 1379 25 98.556
104 625 51 67.423
105 1238 2 31.307
106 864 20 15.014
107 159 10 0.199
108 1044 38 84.991
109 1114 3 20.555
110 1012 17 36.926
111 1381 45 74.592
112 567 25 52.958
113 1309 20 12.084
114 1130 51 57.564
115 105 23 46.848
116 512 37 65.499
117 902 23 12.67
118 448 59 9.745
119 499 36 27.35
120 280 30 85.161
121 546 35 22.253
122 963 22 29.871
123 1320 27 21.175
124 493 7 0.33
125 623 12 73.684
126 1369 20 17.747
127 1303 29 49.133
128 603 43 33.853
129 972 44 95.951
130 828 55 88.741
131 485 16 42.174
132 723 17 89.003
133 1098 6 15.633
134 363 45 92.218
135 165 16 62.045
136 348 39 35.891
137 576 37 35.245
138 1437 17 32.398
139 598 57 82.796
140 745 33 73.931
141 167 11 91.673
142 493 45 55.618
143 940 38 40.115
144 1058 54 54.11
145 721 28 3.108
146 558 35 61.44
147 1264 52 18.456
148 918 31 8.592
149 470 8 58.651
150 834 3 54.111
151 1257 52 99.519
152 313 52 14.577
153 195 51 91.219
154 292 20 75.621
155 1129 44 39.924
156 1396 27 14.346
157 543 8 1.412
158 484 34 51.893
159 1064 50 80.721
160 609 9 24.091
161 329 31 67.679
162 1120 15 39.648
163 1229 34 16.931
164 832 30 90.361
165 1016 47 86.442
166 607 1 83.017
167 993 10 71.375
168 222 21 94.897
169 541 18 34.722
170 918 52 76.217
171 391 55 23.817
172 1083 30 66.099
173 425 25 37.415
174 1126 50 81.43
175 583 52 43.802
176 447 22 28.558
177 972 50 51.491
178 1098 50 69.469
179 968 6 63.549
180 628 13 10.817
181 11 39 50.222
182 1287 59 34.912
183 1157 19 5.885
184 1323 49 35.947
185 960 57 1.964
186 350 37 87.088
187 73 35 51.44
188 485 35 39.531
189 172 55 90.059
190 1323 3 33.625
191 1098 49 89.187
192 1092 16 95.296
193 784 43 13.107
194 650 59 54.233
195 1207 8 44.891
196 1112 6 79.898
197 406 12 38.164
198 1027 54 8.979
199 463 2 23.154
200 7 1 75.276