200
1 902 25 26.181
2 601 35 54.906
3 1060 48 92.686
4 285 59 38.81
5 831 13 11.464
6 178 9 67.732
7 797 1 76.214
8 840 32 76.366
9 408 28 64.534
10 893 31 72.43
11 824 16 75.099
12 671 28 52.023
13 1076 12 27.509
14 798 45 18.848
15 128 1 21.227
16 1076 50 22.269
17 155 10 66.972
18 456 49 82.853
19 1059 32 61.287
20 991 12 20.705
21 1194 35 76.663
22 1294 39 54.991
23 183 17 87.718
24 1017 7 21.002
25 924 53 98.866
26 641 46 4.846
27 148 24 59.406
28 1429 39 35.612
29 412 35 51.32
30 74 25 31.528
31 1160 57 68.698
32 676 33 79.227
33 909 31 97.872
34 301 21 77.925
35 599 52 10.326
36 22 7 37.177
37 819 38 4.259
38 1136 31 17.841
39 908 13 24.057
40 1088 45 88.003
41 687 41 49.704
42 1430 4 41.817
43 915 20 17.36
44 700 56 78.076
45 1355 44 82.938
46 1059 23 79.124
47 103 39 97.789
48 914 59 74.975
49 415 55 31.04
50 1364 47 53.501
51 1418 44 11.981
52 1065 20 65.665
53 1174 36 40.8
54 443 25 76.502
55 894 54 25.08
56 1189 30 63.399
57 850 22 87.11
58 121 11 35.274
59 610 5 63.362
60 788 11 69.079
61 907 60 33.608
62 165 42 55.821
63 602 21 30.593
64 460 15 20.235
65 1214 48 64.597
66 604 55 45.624
67 975 34 50.353
68 292 57 56.964
69 620 10 30.036
70 588 13 93.217
71 865 50 75.498
72 891 28 59.846
73 410 51 97.615
74 920 19 97.778
75 178 42 81.816
76 953 25 76.085
77 988 4 12.475
78 1403 12 95.872
79 165 37 7.571
80 1122 14 27.666
81 1409 39 18.159
82 861 53 23.34
83 73 19 98.441
84 643 25 87.541
85 854 56 83.133
86 1036 43 24.129
87 679 55 22.753
88 1157 31 27.833
89 1134 42 99.52
90 272 34 1.573
91 1279 1 76.012
92 235 47 18.378
93 822 55 80.295
94 941 17 78.645
95 192 28 99.416
96 826 28 95.663
97 1017 42 78.208
98 309 37 28.7
99 881 52 72.069
100 935 28 56.738
101 417 17 14.375
102 228 22 3.105
103 1173 14 30.62
104 585 60 39.977
105 496 32 93.322
106 215 22 71.568
107 994 54 41.366
108 1254 29 94.204
109 779 20 31.127
110 540 53 7.223
111 1232 32 32.781
112 103 49 36.676
113 574 26 72.287
114 325 54 67.484
115 1021 49 0.723
116 596 46 93.688
117 1250 25 26.384
118 821 31 56.817
119 1081 59 30.353
120 825 11 54.437
121 1364 56 95.589
122 318 33 11.134
123 707 24 79.115
124 1052 34 18.282
125 949 38 30.114
126 583 9 47.852
127 57 28 25.737
128 487 48 12.019
129 808 37 87.096
130 1080 34 55.232
131 302 3 93.664
132 1298 18 87.764
133 165 35 78.77
134 527 1 29.325
135 162 7 0.312
136 846 15 56.793
137 740 23 80.042
138 828 33 63.128
139 56 33 16.497
140 989 25 58.319
141 341 55 28.193
142 479 40 67.235
143 1171 46 44.184
144 829 47 46.898
145 285 4 45.427
146 692 15 23.873
147 345 12 76.378
148 337 57 64.421
149 338 59 57.33
150 671 57 79.485
151 1414 12 91.518
152 1350 4 18.251
153 1328 12 34.798
154 1046 10 6.769
155 325 50 88.033
156 436 50 20.856
157 597 44 13.96
158 881 32 57.18
159 484 31 59.845
160 398 30 79.01
161 390 36 35.066
162 637 45 23.195
163 1330 30 40.606
164 274 31 19.638
165 936 26 91.856
166 1050 39 76.629
167 1196 1 12.872
168 610 22 63.253
169 863 21 70.724
170 476 36 22.976
171 961 31 22.388
172 708 28 30.897
173 128 30 48.309
174 901 21 41.524
175 1201 35 68.444
176 745 58 7.788
177 1 40 4.766
178 1313 30 50.059
179 854 53 72.92
180 1369 34 94.985
181 410 56 74.35
182 418 40 18.963
183 648 53 59.764
184 902 56 1.456
185 1371 7 74.24
186 1011 22 49.276
187 41 14 10.361
188 572 6 17.982
189 1025 59 55.753
190 1438 41 72.516
191 421 24 91.166
192 888 53 22.062
193 1362 33 5.112
194 1211 37 5.951
195 945 29 24.76
196 516 37 15.466
197 538 15 72.379
198 539 48 36.729
199 1104 45 90.895
200 87 3 99.374
