200
1 212 36 27.444
2 1209 15 60.343
3 97 14 32.394
4 1030 14 29.369
5 801 7 42.857
6 884 35 92.20
7 932 15 64.686
8 593 34 8.722
9 341 23 13.761
10 150 14 45.544
11 675 46 70.162
12 76 16 38.518
13 737 26 42.573
14 195 13 37.611
15 642 32 44.243
16 209 4 72.659
17 827 33 86.212
18 366 1 22.416
19 977 5 14.701
20 118 47 9.730
21 369 48 90.871
22 430 15 34.402
23 756 42 40.224
24 892 34 13.608
25 457 46 91.496
26 1260 16 23.227
27 855 33 39.809
28 713 50 67.279
29 1134 3 6.861
30 404 2 76.410
31 1033 25 48.2
32 1291 46 53.408
33 993 7 78.59
34 909 53 35.819
35 340 16 7.394
36 1123 59 86.838
37 949 45 1.261
38 34 18 60.864
39 1314 27 58.259
40 496 18 8.510
41 767 16 30.817
42 302 54 95.919
43 240 58 66.831
44 360 44 28.116
45 1415 33 41.186
46 1120 31 79.26
47 514 5 20.976
48 1098 45 18.213
49 39 45 31.76
50 44 1 47.866
51 818 43 72.377
52 891 7 29.936
53 296 41 46.303
54 156 55 24.700
55 11 9 53.147
56 1003 15 55.408
57 764 22 41.127
58 399 16 37.444
59 991 52 29.259
60 1085 40 91.146
61 129 33 66.674
62 1209 19 46.830
63 1092 40 9.54
64 519 13 43.502
65 1224 7 66.241
66 1075 58 49.249
67 425 30 22.835
68 500 50 40.263
69 783 23 26.529
70 1245 50 20.76
71 708 37 65.585
72 541 20 49.720
73 1065 52 57.514
74 132 44 18.265
75 802 40 62.558
76 610 2 26.819
77 1401 2 68.906
78 126 32 64.533
79 167 20 45.967
80 771 41 88.463
81 487 40 94.737
82 720 52 45.980
83 1226 59 94.194
84 1407 5 15.473
85 357 45 80.334
86 1261 31 86.752
87 1004 27 50.486
88 89 55 41.652
89 736 17 5.663
90 595 38 63.191
91 66 57 4.567
92 466 43 89.314
93 840 17 77.140
94 941 19 71.474
95 925 51 75.885
96 460 10 65.937
97 266 51 78.477
98 134 31 88.286
99 206 3 48.82
100 877 42 45.626
101 195 57 24.984
102 554 10 93.742
103 836 14 98.297
104 419 36 73.647
105 400 39 97.78
106 1419 51 65.687
107 106 1 1.55
108 804 39 72.264
109 134 13 44.772
110 394 37 37.318
111 259 18 22.679
112 1341 49 36.776
113 737 52 43.544
114 496 52 60.500
115 819 18 47.979
116 260 43 79.160
117 651 24 86.157
118 527 50 32.146
119 1350 6 90.932
120 541 18 45.83
121 866 59 21.513
122 842 50 19.726
123 1230 24 21.974
124 1112 19 72.71
125 1417 29 84.291
126 281 15 92.874
127 244 25 23.487
128 1004 24 14.700
129 453 49 8.271
130 396 41 61.355
131 892 15 61.832
132 895 46 40.796
133 326 49 3.102
134 1001 3 95.835
135 662 8 35.915
136 920 43 78.870
137 271 45 75.793
138 1030 8 67.427
139 159 36 36.494
140 1279 4 6.810
141 1375 26 7.956
142 1226 23 57.534
143 1230 25 62.424
144 1277 17 44.762
145 989 53 46.772
146 274 48 5.852
147 261 22 24.661
148 184 11 35.182
149 1109 17 65.89
150 895 22 49.141
151 515 18 33.270
152 703 43 7.165
153 918 53 95.187
154 1411 23 41.646
155 1210 10 62.435
156 379 11 72.704
157 308 43 29.768
158 658 43 3.604
159 850 28 75.492
160 1282 54 64.165
161 442 15 90.733
162 319 25 20.832
163 788 1 10.681
164 722 43 85.169
165 1088 40 72.117
166 1221 28 82.770
167 1170 42 47.991
168 743 36 22.26
169 133 1 11.468
170 1045 28 22.222
171 1205 49 14.846
172 383 26 93.52
173 382 52 52.793
174 668 35 80.287
175 1136 30 82.240
176 120 36 31.129
177 89 22 92.417
178 213 10 10.843
179 586 39 80.459
180 1354 35 82.6
181 818 23 23.692
182 149 8 81.461
183 1346 27 32.455
184 1229 39 92.25
185 1266 30 59.708
186 1280 2 62.165
187 856 54 56.221
188 396 8 44.896
189 347 57 49.907
190 360 24 4.493
191 1278 50 55.514
192 714 41 21.692
193 707 41 91.151
194 901 50 78.682
195 606 45 15.163
196 488 51 17.444
197 646 28 29.560
198 832 51 98.830
199 407 55 58.518
200 420 30 38.165
