200
1 1333 5 61
2 155 18 47
3 776 47 56
4 1356 56 86
5 1058 51 60
6 904 47 46
7 1174 28 26
8 1014 18 28
9 195 9 92
10 189 24 54
11 685 26 50
12 1035 50 54
13 971 35 37
14 394 9 16
15 256 34 94
16 586 49 74
17 360 32 7
18 952 35 43
19 108 9 85
20 484 39 26
21 63 60 2
22 951 11 46
23 1402 41 66
24 928 11 73
25 1272 46 26
26 431 48 71
27 1427 53 52
28 1272 16 33
29 1242 2 31
30 546 53 1
31 1195 42 83
32 1420 34 29
33 547 45 88
34 824 59 74
35 1115 54 12
36 336 52 24
37 975 49 98
38 1101 49 37
39 1210 13 18
40 186 32 54
41 99 26 9
42 1347 36 90
43 647 55 85
44 520 50 5
45 1023 45 45
46 256 40 7
47 983 41 63
48 1057 14 18
49 953 34 25
50 541 58 21
51 503 48 42
52 581 9 41
53 388 42 50
54 306 4 39
55 806 32 95
56 443 40 1
57 537 51 87
58 575 14 71
59 846 27 48
60 251 43 36
61 1253 24 74
62 686 51 34
63 1177 46 31
64 706 44 33
65 1127 58 30
66 328 46 72
67 1310 59 14
68 448 2 61
69 1120 21 94
70 800 30 77
71 313 9 66
72 504 30 37
73 1095 11 4
74 26 21 70
75 64 47 64
76 360 41 36
77 986 54 84
78 44 35 41
79 1053 36 86
80 78 59 30
81 1194 40 40
82 378 13 47
83 158 25 65
84 174 47 81
85 981 52 41
86 191 48 36
87 1261 52 99
88 88 49 48
89 521 42 11
90 877 47 83
91 661 45 92
92 1316 30 54
93 190 43 80
94 33 44 37
95 1135 5 84
96 1021 32 86
97 1023 20 68
98 561 24 2
99 1310 18 76
100 1417 57 33
101 662 6 47
102 1404 32 13
103 1344 33 12
104 631 51 15
105 655 30 12
106 380 13 99
107 909 52 38
108 1308 55 61
109 740 30 71
110 587 45 97
111 236 38 46
112 66 24 42
113 896 32 64
114 1180 11 24
115 1276 54 47
116 1381 27 97
117 1328 40 60
118 317 35 40
119 1332 44 40
120 942 12 73
121 186 42 6
122 16 53 97
123 1267 32 24
124 736 29 66
125 250 7 93
126 1437 23 74
127 569 52 25
128 1334 41 62
129 859 31 77
130 645 48 58
131 667 51 23
132 917 59 16
133 712 43 73
134 785 12 68
135 36 32 99
136 411 14 51
137 705 52 98
138 633 8 85
139 423 35 59
140 105 58 1
141 524 8 1
142 748 16 80
143 1142 50 58
144 1174 15 77
145 232 10 3
146 511 50 9
147 505 1 75
148 1040 21 61
149 327 4 47
150 51 44 42
151 665 12 25
152 70 8 46
153 1097 4 35
154 228 23 34
155 624 24 48
156 257 16 93
157 305 59 6
158 916 23 9
159 60 49 25
160 160 48 85
161 942 16 38
162 816 1 83
163 161 59 83
164 936 46 5
165 315 22 98
166 867 50 46
167 1078 25 34
168 1412 5 62
169 239 58 42
170 1338 1 38
171 191 47 29
172 1143 26 15
173 1075 30 6
174 105 4 99
175 1430 9 24
176 1201 15 42
177 234 47 30
178 742 14 57
179 844 58 99
180 193 6 1
181 565 18 29
182 1299 2 30
183 371 41 79
184 701 36 31
185 154 52 28
186 525 23 94
187 295 43 12
188 148 52 7
189 742 25 25
190 1409 51 24
191 83 22 30
192 407 19 34
193 836 33 93
194 11 49 68
195 554 50 36
196 951 33 29
197 1417 5 39
198 1095 50 15
199 42 25 92
200 89 38 61