200
1 760 9 14.997
2 982 50 8.009
3 639 8 24.753
4 1221 36 31.97
5 843 55 73.121
6 674 37 53.72
7 1361 33 5.253
8 278 51 17.755
9 1312 4 96.165
10 1042 39 65.438
11 575 56 41.045
12 515 29 78.113
13 1156 60 68.889
14 1248 41 80.67
15 960 36 36.45
16 157 56 16.588
17 506 56 45.915
18 179 21 78.234
19 719 38 91.244
20 1123 10 2.975
21 1325 25 65.499
22 613 39 46.622
23 855 19 72.736
24 923 45 36.431
25 858 28 11.995
26 1435 28 15.984
27 115 56 68.93
28 812 4 16.832
29 10 11 70.617
30 1098 47 26.355
31 70 34 90.812
32 82 16 9.32
33 1193 21 33.814
34 80 52 69.699
35 357 23 46.85
36 828 51 58.577
37 555 50 11.507
38 67 58 3.736
39 1251 47 26.674
40 754 45 24.595
41 732 21 47.246
42 166 28 1.494
43 361 56 66.449
44 818 34 63.922
45 28 46 44.639
46 1035 13 41.93
47 568 47 41.728
48 133 37 64.261
49 400 38 55.73
50 781 38 26.955
51 1343 12 2.93
52 836 56 36.852
53 245 38 58.905
54 953 34 61.977
55 601 34 33.214
56 233 12 40.369
57 619 49 93.658
58 88 39 90.528
59 1245 18 38.509
60 274 3 97.313
61 905 41 63.604
62 662 38 83.849
63 1097 32 44.749
64 289 32 9.918
65 488 49 20.632
66 1354 7 6.998
67 1225 17 80.638
68 808 42 32.867
69 421 49 9.148
70 605 9 87.373
71 389 52 75.822
72 400 52 97.195
73 649 9 36.721
74 877 20 23.701
75 995 32 60.777
76 469 50 77.592
77 1181 47 10.562
78 681 28 39.66
79 1390 44 20.336
80 327 49 23.724
81 1310 11 98.222
82 1078 50 85.466
83 601 20 22.266
84 1253 7 92.426
85 1364 11 22.502
86 92 9 99.753
87 1121 7 45.282
88 45 18 8.255
89 124 56 70.018
90 544 27 17.591
91 417 30 19.289
92 704 53 11.8
93 922 25 14.644
94 1153 33 80.765
95 1249 48 92.241
96 539 25 90.268
97 867 50 83.512
98 103 54 92.389
99 575 41 55.764
100 800 27 87.976
101 343 45 33.815
102 1241 44 43.858
103 965 40 73.083
104 674 13 61.414
105 275 1 99.362
106 775 57 29.636
107 71 33 82.146
108 618 43 30.922
109 1318 60 46.393
110 997 49 55.893
111 1078 3 41.162
112 219 54 65.86
113 1350 56 63.98
114 708 37 10.461
115 354 2 31.47
116 257 48 10.844
117 1246 25 67.825
118 922 24 19.239
119 580 4 73.136
120 520 59 46.247
121 434 42 28.813
122 1067 55 97.927
123 346 56 60.529
124 1012 55 36.445
125 730 2 60.805
126 659 58 24.939
127 565 38 43.42
128 1337 26 47.273
129 811 26 77.835
130 582 10 32.821
131 182 3 42.992
132 806 60 31.915
133 535 5 54.949
134 899 47 94.728
135 616 15 32.716
136 1280 11 80.497
137 915 29 83.119
138 966 51 49.673
139 1360 44 51.911
140 429 47 13.594
141 50 1 33.256
142 444 12 91.349
143 1354 10 73.607
144 803 50 17.926
145 1408 8 53.355
146 1254 5 97.261
147 1426 21 36.705
148 153 43 5.033
149 1363 18 3.691
150 933 7 88.787
151 984 53 77.121
152 109 12 81.8
153 1267 13 71.013
154 891 16 13.62
155 1225 1 95.666
156 350 46 56.153
157 1417 5 11.222
158 936 16 22.183
159 1407 18 92.557
160 991 48 52.532
161 535 11 73.765
162 566 35 1.101
163 1054 25 40.025
164 1417 58 60.014
165 1280 25 24.482
166 177 39 67.316
167 538 36 4.186
168 494 55 72.963
169 715 55 22.657
170 10 54 1.521
171 996 36 39.893
172 378 41 75.243
173 680 27 44.619
174 602 52 53.127
175 808 22 18.102
176 1216 55 52.548
177 1000 17 38.304
178 776 9 31.485
179 618 53 13.631
180 200 20 76.794
181 606 53 52.631
182 726 41 71.005
183 1076 2 67.088
184 597 56 57.791
185 813 22 48.86
186 463 49 45.562
187 598 39 8.287
188 16 54 50.423
189 1307 47 21.065
190 356 1 47.974
191 393 35 33.912
192 145 49 60.591
193 560 23 92.138
194 44 53 51.108
195 1159 21 37.331
196 752 10 96.647
197 390 34 63.876
198 1128 22 73.741
199 353 36 82.899
200 1169 25 78.552
