200
1 1330 44 51.776
2 1048 60 16.344
3 256 38 8.069
4 1301 22 14.107
5 415 6 33.276
6 54 53 92.947
7 471 44 41.736
8 96 25 54.758
9 713 42 35.657
10 1231 3 72.586
11 18 21 40.42
12 972 52 3.439
13 327 58 44.106
14 650 9 38.751
15 1256 25 43.417
16 285 14 65.179
17 230 22 88.963
18 1313 58 61.195
19 338 23 81.087
20 78 52 82.047
21 513 28 74.477
22 701 20 77.282
23 1258 22 3.368
24 869 22 87.21
25 912 44 99.037
26 262 38 98.371
27 750 41 78.836
28 670 38 31.494
29 1305 53 4.054
30 355 12 20.37
31 273 60 32.164
32 1090 29 10.333
33 187 48 73.963
34 1005 57 49.054
35 1430 32 54.049
36 816 25 4.3
37 608 6 17.919
38 491 53 45.619
39 315 25 52.618
40 331 40 61.05
41 762 32 82.762
42 389 33 62.069
43 680 59 56.869
44 1106 38 67.541
45 791 53 76.253
46 32 5 77.014
47 490 19 58.353
48 546 38 89.319
49 1288 9 82.193
50 472 16 49.741
51 818 18 65.563
52 249 29 32.323
53 288 54 1.42
54 1092 11 56.337
55 1077 25 22.967
56 482 16 89.688
57 67 58 5.614
58 1232 9 72.434
59 92 59 70.884
60 509 9 57.953
61 1061 19 40.392
62 281 20 61.972
63 934 6 49.819
64 1235 5 46.798
65 597 50 70.199
66 1172 38 55.31
67 682 12 62.895
68 625 21 21.942
69 401 38 11.709
70 527 18 65.736
71 383 43 2.224
72 785 14 80.223
73 585 9 62.853
74 892 43 62.652
75 1182 27 56.34
76 370 15 55.188
77 1078 33 24.17
78 756 10 84.459
79 1291 42 17.282
80 517 60 87.267
81 1421 32 36.037
82 872 44 31.304
83 937 38 77.347
84 366 16 5.017
85 1334 32 83.878
86 1184 8 8.625
87 313 4 73.905
88 1398 30 93.052
89 227 44 47.89
90 1333 28 47.463
91 118 30 84.462
92 1110 14 62.215
93 597 53 34.162
94 1325 46 15.239
95 212 51 52.438
96 381 39 3.821
97 888 58 41.422
98 515 3 77.9
99 520 7 98.162
100 58 30 82.367
101 798 56 33.693
102 1085 4 11.657
103 462 43 34.536
104 50 5 37.628
105 926 49 95.612
106 437 57 43.557
107 974 17 31.325
108 1195 49 60.832
109 502 14 43.66
110 731 48 63.76
111 1263 55 59.221
112 1170 23 1.15
113 1141 18 37.033
114 893 57 85.187
115 516 43 14.23
116 1142 59 25.563
117 1107 2 53.248
118 1118 51 85.339
119 761 31 95.517
120 1335 12 50.841
121 442 46 34.618
122 1166 48 95.785
123 289 21 37.375
124 560 13 22.353
125 1349 25 78.357
126 551 39 3.827
127 1165 42 11.74
128 1348 31 12.582
129 1266 35 38.689
130 226 55 45.551
131 1419 45 44.159
132 321 9 72.775
133 152 10 66.357
134 1063 1 85.349
135 368 4 92.099
136 718 29 79.38
137 480 15 85.81
138 315 50 64.835
139 983 56 36.753
140 628 1 62.904
141 304 40 66.845
142 501 58 60.542
143 606 60 41.284
144 1395 50 21.29
145 1126 3 38.18
146 1296 28 3.408
147 465 3 24.308
148 1066 43 48.841
149 1341 39 27.622
150 491 21 39.024
151 825 56 73.141
152 1051 2 45.828
153 1365 28 30.414
154 243 34 48.137
155 1029 42 23.754
156 1078 2 87.304
157 568 8 39.256
158 343 56 44.179
159 859 36 94.614
160 68 41 46.386
161 142 15 86.058
162 806 47 56.478
163 201 41 90.095
164 874 44 2.673
165 949 46 77.941
166 469 3 43.324
167 686 34 52.26
168 1221 53 19.509
169 1152 49 94.575
170 213 12 57.845
171 573 57 93.159
172 212 30 14.329
173 1104 30 32.054
174 681 12 30.278
175 1149 58 42.319
176 859 33 77.493
177 1352 46 88.092
178 180 26 60.597
179 405 28 8.878
180 83 4 9.684
181 735 43 31.08
182 1361 57 51.539
183 1310 28 74.711
184 1432 43 18.056
185 1329 35 47.595
186 885 57 68.115
187 1246 43 42.231
188 1428 1 29.444
189 10 60 53.475
190 718 16 38.508
191 1158 31 83.646
192 1370 43 59.428
193 52 49 42.394
194 1289 42 22.329
195 1144 44 44.671
196 366 54 92.595
197 353 29 18.225
198 508 40 52.027
199 1302 41 15.355
200 534 42 99.657
