200
1 90 27 48.078
2 118 19 86.774
3 103 3 6.584
4 91 52 23.249
5 93 8 18.379
6 102 40 83.39
7 108 18 80.27
8 99 23 55.92
9 91 55 48.871
10 90 5 24.738
11 92 14 75.623
12 108 3 60.321
13 99 16 20.844
14 93 28 12.086
15 88 56 53.282
16 91 38 60.763
17 106 47 88.611
18 114 46 52.228
19 111 52 85.544
20 110 8 13.153
21 105 44 5.671
22 91 51 81.746
23 94 24 38.04
24 117 17 3.604
25 110 28 61.774
26 103 26 29.453
27 82 56 32.926
28 96 26 36.985
29 90 1 61.691
30 112 5 43.328
31 100 34 21.91
32 99 20 91.266
33 104 45 36.436
34 91 4 13.956
35 108 25 6.105
36 95 57 41.628
37 89 42 52.717
38 91 19 98.486
39 104 54 82.14
40 90 20 94.627
41 101 25 2.211
42 89 7 51.565
43 79 51 17.621
44 90 32 87.81
45 95 24 93.748
46 107 56 32.599
47 93 28 35.273
48 105 51 90.511
49 92 24 79.779
50 104 5 23.205
51 90 30 9.475
52 81 8 91.787
53 110 44 44.602
54 99 58 25.656
55 111 29 67.471
56 94 17 65.076
57 107 1 34.308
58 98 43 32.866
59 99 16 82.028
60 96 11 20.755
61 98 21 70.381
62 118 42 2.505
63 82 26 64.959
64 117 6 8.985
65 98 3 57.764
66 99 16 34.454
67 92 15 74.322
68 106 2 14.225
69 86 18 87.943
70 106 47 55.892
71 108 24 99.821
72 98 1 55.658
73 111 49 94.568
74 87 7 84.589
75 121 46 26.876
76 88 36 85.724
77 103 46 2.042
78 110 56 26.312
79 104 51 57.71
80 119 45 82.314
81 86 49 37.822
82 108 25 33.115
83 118 55 56.824
84 99 36 95.747
85 96 52 96.52
86 112 41 44.799
87 101 39 22.148
88 102 37 32.082
89 105 53 14.876
90 103 37 89.414
91 85 54 20.434
92 88 43 8.62
93 82 19 41.255
94 86 13 56.695
95 91 28 16.036
96 97 39 4.16
97 100 2 43.754
98 104 53 14.099
99 94 40 55.862
100 96 14 22.787
101 102 57 34.739
102 100 22 1.519
103 99 1 45.703
104 89 21 89.995
105 91 32 46.566
106 93 57 17.747
107 91 5 57.498
108 109 55 48.514
109 88 16 33.438
110 92 46 24.037
111 96 37 48.956
112 113 57 92.686
113 108 6 5.319
114 94 29 29.955
115 103 54 74.556
116 109 24 67.7
117 116 57 48.841
118 99 37 40.138
119 99 44 79.078
120 87 17 36.019
121 105 26 39.253
122 100 39 57.245
123 100 6 58.785
124 107 46 54.092
125 118 36 85.01
126 98 41 90.243
127 112 15 95.487
128 100 40 56.344
129 98 31 56.624
130 82 56 59.794
131 98 17 65.813
132 91 53 60.861
133 87 41 54.031
134 92 6 81.189
135 109 26 86.976
136 122 18 25.817
137 98 48 3.768
138 93 7 79.229
139 92 12 28.344
140 91 28 31.359
141 86 27 59.229
142 99 14 63.691
143 108 22 27.834
144 104 17 30.663
145 116 28 48.482
146 98 40 98.999
147 109 15 33.551
148 114 42 20.181
149 89 58 70.166
150 108 45 10.954
151 108 15 21.758
152 104 2 18.046
153 92 56 9.205
154 108 37 80.932
155 109 29 85.689
156 99 56 99.581
157 91 11 47.845
158 85 43 10.42
159 89 37 22.817
160 98 4 79.169
161 107 18 23.644
162 89 50 79.019
163 105 30 55.792
164 89 57 59.685
165 93 57 64.693
166 88 58 7.969
167 105 50 68.025
168 109 15 76.434
169 92 42 49.93
170 116 45 4.899
171 88 44 21.731
172 96 57 96.518
173 118 1 41.043
174 93 43 18.522
175 114 17 25.655
176 100 18 10.652
177 108 38 73.343
178 105 22 65.615
179 106 28 44.079
180 96 24 95.064
181 116 13 15.168
182 102 36 28.874
183 105 39 92.719
184 90 15 75.59
185 100 41 44.951
186 121 52 96.853
187 87 57 93.862
188 99 22 58.132
189 91 42 63.229
190 101 7 75.523
191 95 21 81.66
192 97 55 67.685
193 91 19 20.71
194 100 52 90.406
195 96 6 59.061
196 100 22 58.458
197 91 24 65.888
198 101 47 32.881
199 96 40 12.984
200 100 45 77.581
