175
1 1264 54 18.216
2 438 60 11.046
3 1068 49 82.124
4 137 39 46.747
5 294 12 62.906
6 945 24 28.702
7 881 22 72.766
8 18 47 57.033
9 1433 57 30.411
10 1087 23 69.388
11 831 27 75.672
12 1059 45 7.419
13 1129 30 66.557
14 980 13 24.831
15 1221 44 92.774
16 759 18 24.194
17 1352 21 93.935
18 418 11 72.685
19 1029 20 92.293
20 192 52 21.946
21 753 7 69.041
22 847 41 21.61
23 1211 4 10.918
24 576 47 61.372
25 512 9 88.37
26 612 54 33.237
27 1283 13 57.004
28 275 2 68.489
29 1268 5 86.721
30 1244 45 56.636
31 666 47 55.387
32 479 27 93.787
33 981 9 10.091
34 106 56 72.608
35 912 31 15.038
36 633 39 15.791
37 49 39 12.86
38 863 45 60.128
39 625 39 19.73
40 909 46 22.456
41 1079 51 24.36
42 664 56 65.309
43 652 38 38.793
44 528 59 36.016
45 894 43 53.454
46 812 52 74.458
47 537 8 30.148
48 1185 22 82.071
49 315 28 51.421
50 823 30 67.095
51 960 59 61.056
52 776 36 42.167
53 624 25 33.215
54 730 16 52.267
55 1230 5 3.332
56 420 59 70.548
57 177 11 65.096
58 80 53 72.043
59 1007 58 69.264
60 771 50 0.46
61 659 29 62.656
62 1044 40 89.777
63 686 8 42.094
64 93 18 13.073
65 104 57 7.398
66 1149 29 67.525
67 1384 14 20.577
68 1345 7 93.03
69 1340 31 82.365
70 348 30 76.966
71 193 59 41.071
72 187 43 48.58
73 1286 29 47.685
74 854 47 81.233
75 925 46 62.511
76 1243 29 31.407
77 467 3 25.428
78 202 41 71.232
79 1427 31 99.746
80 1309 31 51.542
81 1068 48 39.875
82 861 31 39.395
83 55 45 68.938
84 1246 44 46.08
85 584 5 64.039
86 1276 4 26.187
87 1241 35 65.082
88 1107 10 26.949
89 1398 1 56.212
90 766 26 80.312
91 336 10 26.154
92 127 2 2.622
93 1149 31 31.329
94 999 48 32.226
95 1409 50 51.001
96 997 13 41.384
97 424 58 1.137
98 1142 53 92.369
99 370 33 28.837
100 59 47 19.69
101 1000 31 34.386
102 368 17 50.517
103 531 54 6.998
104 729 37 78.08
105 42 57 33.736
106 1355 18 70.656
107 70 39 70.643
108 624 31 89.355
109 914 56 99.529
110 577 21 47.037
111 448 42 33.152
112 387 5 28.849
113 645 25 52.33
114 347 1 11.334
115 1209 26 39.19
116 1218 33 25.109
117 731 20 15.825
118 730 59 58.304
119 860 59 63.787
120 1035 37 60.76
121 767 41 19.671
122 288 60 87.896
123 1134 1 50.213
124 336 54 87.943
125 272 52 67.852
126 1033 41 45.454
127 825 6 67.063
128 1299 1 20.498
129 954 14 32.298
130 432 50 78.467
131 1399 35 80.658
132 748 54 65.931
133 680 35 73.779
134 418 4 18.287
135 244 35 32.753
136 519 15 64.228
137 23 21 62.556
138 515 30 38.255
139 128 49 85.461
140 1131 17 7.643
141 302 35 69.701
142 931 44 35.926
143 599 25 45.476
144 726 22 25.932
145 1057 55 26.788
146 299 10 36.335
147 659 3 7.803
148 1158 33 34.827
149 1164 4 6.312
150 1335 11 15.752
151 202 38 65.656
152 87 28 62.037
153 169 29 58.22
154 940 53 0.884
155 234 49 17.579
156 1335 17 84.746
157 743 27 48.886
158 184 14 7.218
159 1211 46 65.459
160 1026 21 35.283
161 570 34 88.062
162 1248 53 41.991
163 653 27 37.877
164 825 26 57.532
165 186 52 96.625
166 189 28 12.211
167 1363 26 91.987
168 457 39 25.681
169 1248 12 63.331
170 1000 58 46.234
171 1061 11 44.21
172 1196 43 68.973
173 77 52 62.335
174 293 45 58.596
175 1347 52 54.996