172
1 1114 60 50
2 965 47 78
3 784 31 71
4 52 5 69
5 36 57 64
6 637 24 93
7 717 51 69
8 922 54 6
9 1440 30 53
10 940 44 45
11 1098 4 41
12 122 33 36
13 61 28 6
14 1222 15 32
15 1239 28 36
16 712 16 80
17 357 32 82
18 1420 39 92
19 1419 40 79
20 1102 17 69
21 729 12 70
22 768 22 76
23 1035 38 25
24 907 46 33
25 990 49 29
26 1368 27 55
27 198 33 87
28 126 29 51
29 158 40 11
30 1066 10 76
31 127 53 66
32 76 37 54
33 1044 52 41
34 1422 51 69
35 954 53 11
36 141 37 47
37 370 4 76
38 740 12 88
39 119 5 95
40 366 26 57
41 155 8 57
42 1217 15 64
43 202 12 39
44 368 22 74
45 534 36 34
46 265 49 1
47 1007 16 39
48 600 9 28
49 845 42 24
50 81 22 60
51 1411 44 48
52 1127 9 49
53 1148 10 75
54 65 30 76
55 856 6 58
56 776 11 44
57 287 47 13
58 153 49 28
59 72 23 65
60 491 7 45
61 326 33 83
62 660 37 97
63 416 53 32
64 523 37 29
65 898 31 14
66 1238 23 4
67 438 8 65
68 135 11 87
69 323 5 88
70 451 4 20
71 1154 15 41
72 809 22 54
73 294 38 58
74 1105 14 51
75 1346 21 82
76 936 31 19
77 340 48 94
78 99 58 99
79 307 30 82
80 1136 22 17
81 113 32 37
82 1014 60 71
83 840 35 64
84 1235 50 89
85 858 48 6
86 924 4 16
87 1356 10 62
88 764 35 15
89 1175 58 13
90 784 41 56
91 1114 17 51
92 480 37 56
93 1424 45 35
94 745 15 28
95 1216 20 60
96 842 37 26
97 1196 18 2
98 1385 57 90
99 939 37 20
100 1070 21 42
101 376 26 31
102 1406 20 29
103 609 7 66
104 511 27 67
105 732 51 96
106 993 12 49
107 1068 46 34
108 242 9 7
109 747 39 50
110 994 10 59
111 1037 16 70
112 941 59 37
113 45 9 62
114 207 1 43
115 929 11 21
116 132 7 68
117 815 21 53
118 1269 48 37
119 88 38 31
120 1374 1 80
121 161 60 95
122 987 10 12
123 241 22 22
124 703 37 47
125 1436 21 1
126 1021 41 78
127 939 18 54
128 968 47 54
129 946 1 14
130 885 58 23
131 63 58 41
132 1290 54 66
133 706 19 13
134 929 53 63
135 687 16 35
136 998 36 57
137 1148 26 81
138 1087 28 3
139 918 21 90
140 1059 49 57
141 390 10 93
142 1310 46 81
143 1018 20 61
144 290 4 59
145 580 39 12
146 110 30 17
147 468 58 5
148 176 18 67
149 5 17 7
150 959 43 21
151 956 21 66
152 1398 51 56
153 134 44 48
154 166 51 67
155 1236 30 60
156 449 4 3
157 747 21 78
158 815 15 50
159 366 59 53
160 123 60 48
161 312 48 41
162 1170 22 35
163 197 21 1
164 1101 5 74
165 1255 26 81
166 528 56 79
167 679 38 67
168 79 13 38
169 3 48 2
170 1239 56 56
171 1064 31 60
172 1198 26 98
