181
1 714 3 1
2 995 38 64
3 164 3 71
4 1007 43 19
5 172 31 85
6 529 24 89
7 59 36 49
8 930 15 76
9 233 33 2
10 672 44 72
11 193 56 74
12 1320 60 28
13 1438 11 54
14 852 27 39
15 311 30 59
16 605 46 45
17 1051 53 30
18 86 39 93
19 455 45 3
20 462 33 94
21 1435 55 89
22 565 23 56
23 690 20 51
24 1413 24 91
25 410 23 61
26 865 39 74
27 1204 27 43
28 275 60 92
29 295 36 79
30 957 24 89
31 745 22 84
32 178 34 91
33 977 35 85
34 1186 56 63
35 226 6 95
36 1221 35 48
37 405 39 69
38 714 18 76
39 317 16 81
40 521 31 73
41 554 32 99
42 445 40 39
43 86 24 83
44 308 55 92
45 1193 6 64
46 596 8 61
47 210 36 96
48 937 45 2
49 249 54 73
50 1243 51 51
51 26 33 63
52 1059 28 93
53 502 28 31
54 1332 14 82
55 1322 25 11
56 667 60 68
57 758 43 87
58 1157 6 85
59 242 46 6
60 840 45 7
61 1431 21 72
62 844 57 67
63 765 2 20
64 553 40 98
65 519 16 3
66 429 38 5
67 173 1 50
68 398 47 1
69 630 26 38
70 990 47 27
71 430 50 73
72 454 13 94
73 1308 60 40
74 212 11 53
75 921 12 69
76 437 42 45
77 1178 16 55
78 769 52 21
79 467 50 6
80 649 44 39
81 1205 32 1
82 1381 42 17
83 655 28 41
84 1201 23 59
85 915 57 74
86 1302 33 42
87 986 9 35
88 1002 4 9
89 1366 14 55
90 1107 20 46
91 1107 3 14
92 441 46 59
93 191 27 12
94 798 50 61
95 721 22 52
96 172 47 34
97 1428 49 64
98 1231 20 52
99 803 39 74
100 143 3 67
101 195 39 66
102 1399 18 94
103 32 45 46
104 425 1 94
105 424 54 70
106 376 56 42
107 424 32 98
108 505 48 30
109 167 13 3
110 1417 38 33
111 472 9 49
112 1043 35 51
113 25 17 78
114 932 18 15
115 961 21 43
116 1299 17 47
117 173 49 58
118 1274 36 72
119 1204 20 55
120 426 5 44
121 1006 28 38
122 61 3 82
123 947 20 80
124 107 39 73
125 1342 16 57
126 725 45 80
127 350 20 51
128 673 5 88
129 1187 3 47
130 1105 53 85
131 1423 49 21
132 835 39 78
133 115 40 74
134 294 56 4
135 31 9 84
136 892 45 87
137 892 55 95
138 894 5 84
139 336 29 43
140 31 57 11
141 686 4 54
142 353 36 79
143 666 47 31
144 1276 11 61
145 177 14 6
146 313 6 80
147 743 53 45
148 1290 45 33
149 801 24 20
150 1378 27 35
151 1274 28 9
152 1184 51 58
153 1053 14 58
154 890 10 53
155 1128 32 75
156 205 19 6
157 744 10 96
158 560 25 70
159 732 13 62
160 171 30 85
161 916 51 55
162 363 34 47
163 271 29 66
164 295 22 90
165 1141 14 59
166 102 14 84
167 13 55 35
168 254 26 2
169 324 35 33
170 64 6 1
171 235 8 1
172 892 24 37
173 372 40 12
174 1334 23 91
175 692 48 48
176 806 9 37
177 1205 57 62
178 1207 30 73
179 1209 12 37
180 347 3 16
181 1200 40 16
