200
1 337 21 20
2 360 19 20
3 1235 8 14
4 1363 4 12
5 336 3 17
6 1342 6 5
7 380 8 10
8 345 32 24
9 770 22 21
10 561 15 24
11 550 3 13
12 1238 8 13
13 233 9 19
14 1265 5 14
15 1363 6 12
16 1353 15 23
17 1397 18 25
18 384 23 15
19 322 28 24
20 703 17 15
21 20 14 18
22 344 18 17
23 108 7 18
24 437 25 22
25 219 31 28
26 169 9 12
27 505 12 17
28 528 16 18
29 914 30 32
30 81 23 23
31 1434 18 24
32 176 8 18
33 883 7 15
34 1278 5 8
35 709 7 17
36 402 14 22
37 503 21 18
38 282 17 20
39 155 3 9
40 373 7 8
41 723 8 17
42 28 23 21
43 1075 3 11
44 339 18 24
45 773 5 15
46 1105 13 12
47 521 3 13
48 1094 6 13
49 1217 31 28
50 80 18 13
51 150 20 15
52 1038 25 22
53 1168 5 11
54 1129 16 23
55 719 8 13
56 936 22 23
57 219 16 18
58 673 12 12
59 992 6 18
60 605 2 4
61 1124 22 15
62 1022 23 20
63 1180 25 22
64 1376 16 13
65 319 16 15
66 1304 19 19
67 1417 9 8
68 823 11 19
69 1245 12 19
70 257 30 28
71 62 25 19
72 127 12 21
73 22 25 22
74 485 10 6
75 240 17 19
76 478 12 14
77 580 17 18
78 822 15 14
79 1333 13 16
80 1336 8 13
81 1211 12 19
82 162 4 6
83 753 5 18
84 1080 12 16
85 858 17 17
86 533 2 16
87 835 8 12
88 1213 10 21
89 1137 9 19
90 1381 13 14
91 1087 22 19
92 744 18 17
93 640 25 26
94 1109 26 26
95 122 25 23
96 438 13 14
97 1243 26 23
98 503 14 16
99 555 30 31
100 491 4 20
101 631 11 14
102 814 14 22
103 940 20 17
104 512 10 21
105 763 22 16
106 730 9 19
107 1387 40 27
108 32 7 9
109 163 5 13
110 477 23 24
111 1272 12 12
112 984 30 25
113 209 37 28
114 951 26 27
115 512 33 26
116 714 19 18
117 1250 18 15
118 499 15 20
119 70 10 15
120 468 6 9
121 650 9 20
122 851 19 18
123 842 5 17
124 470 11 16
125 1243 4 9
126 608 8 20
127 1256 17 17
128 262 21 19
129 1158 18 16
130 1271 19 23
131 716 9 21
132 1024 23 20
133 404 18 25
134 1216 5 11
135 628 6 15
136 29 21 24
137 449 2 8
138 591 11 11
139 155 6 16
140 1152 10 5
141 709 5 10
142 317 17 15
143 461 7 8
144 942 21 21
145 481 4 14
146 862 10 15
147 1335 14 15
148 807 19 17
149 747 10 19
150 1170 6 11
151 780 18 15
152 598 14 19
153 141 16 19
154 668 5 11
155 39 31 25
156 1215 7 12
157 1054 5 9
158 358 20 15
159 679 11 14
160 780 22 16
161 580 28 26
162 1417 15 14
163 170 20 17
164 565 13 20
165 1276 13 16
166 1001 9 11
167 92 1 16
168 136 11 9
169 1406 11 14
170 944 9 9
171 545 20 23
172 1223 3 13
173 1301 13 19
174 1341 22 16
175 929 8 14
176 1335 4 10
177 992 13 16
178 940 24 22
179 201 13 16
180 1027 12 17
181 1332 6 9
182 962 8 18
183 247 21 19
184 267 21 22
185 179 11 11
186 231 44 32
187 843 24 24
188 1049 19 18
189 616 23 20
190 459 14 19
191 1169 22 21
192 538 9 16
193 122 11 14
194 717 21 16
195 865 48 32
196 331 17 14
197 831 15 14
198 914 12 18
199 227 14 19
200 1415 8 15
