200
1 64 36 83.774
2 651 48 1.203
3 143 46 50.223
4 1294 20 82.137
5 776 7 88.32
6 1036 7 98.778
7 838 30 0.032
8 436 14 36.626
9 353 26 28.489
10 173 31 39.444
11 602 31 13.834
12 1012 24 42.781
13 778 45 20.09
14 86 51 39.825
15 651 34 73.925
16 765 24 75.261
17 795 40 41.152
18 1212 50 25.398
19 1247 46 87.354
20 1011 43 52.95
21 925 27 5.526
22 209 48 1.408
23 368 7 78.219
24 994 53 86.14
25 457 35 71.834
26 1325 1 97.168
27 111 50 80.432
28 678 30 24.031
29 108 33 30.857
30 382 22 73.069
31 979 46 91.466
32 457 34 59.786
33 1292 47 41.818
34 1076 45 18.166
35 701 3 71.794
36 618 38 83.041
37 663 17 76.762
38 524 17 36.398
39 453 30 28.983
40 630 36 43.453
41 687 57 42.625
42 136 13 17.973
43 838 2 81.791
44 109 27 77.317
45 850 27 97.812
46 516 59 57.391
47 457 53 59.191
48 1401 50 13.379
49 110 34 55.429
50 815 10 21.335
51 1180 24 76.069
52 748 3 39.454
53 1141 3 2.896
54 162 29 84.054
55 529 34 62.962
56 323 17 13.452
57 682 16 10.762
58 674 44 96.258
59 76 18 58.707
60 1166 10 22.845
61 1061 39 31.35
62 262 34 25.041
63 1021 52 15.366
64 252 53 99.953
65 504 44 52.316
66 259 26 88.866
67 918 10 69.078
68 815 27 24.771
69 500 48 24.838
70 344 21 15.458
71 737 33 41.656
72 155 32 10.105
73 823 54 48.236
74 316 16 12.442
75 592 34 76.25
76 636 11 67.312
77 1111 30 78.017
78 774 37 28.668
79 577 55 87.165
80 290 29 74.603
81 313 40 45.201
82 1302 35 33.954
83 1032 35 76.472
84 1066 24 12.886
85 350 9 78.35
86 798 33 81.766
87 472 52 17.522
88 412 44 33.944
89 1163 56 70.698
90 1430 22 82.058
91 315 6 85.034
92 631 7 45.976
93 31 24 47.461
94 958 21 15.228
95 165 40 76.95
96 125 14 10.819
97 595 10 8.541
98 136 5 30.361
99 630 46 38.699
100 1160 57 24.32
101 1377 49 36.428
102 511 5 86.947
103 911 31 1.262
104 1275 3 49.927
105 1350 29 3.379
106 588 52 49.657
107 641 26 40.631
108 1371 21 84.398
109 809 16 37.604
110 676 28 85.215
111 75 43 26.687
112 362 52 55.266
113 963 53 49.877
114 908 5 98.598
115 1191 16 28.209
116 536 42 86.66
117 80 27 4.897
118 289 39 99.37
119 35 34 28.729
120 1210 31 13.386
121 734 40 1.534
122 542 30 85.891
123 822 54 77.199
124 413 59 22.844
125 1233 33 60.291
126 1206 37 24.457
127 1272 40 70.106
128 604 43 77.364
129 785 5 91.094
130 1410 50 38.731
131 1239 13 1.232
132 445 12 64.93
133 1401 37 85.827
134 8 41 39.843
135 786 4 73.411
136 821 39 98.288
137 362 58 58.387
138 35 8 76.655
139 353 36 90.214
140 1229 29 64.777
141 267 40 86.024
142 1203 53 0.043
143 17 32 78.369
144 998 10 87.966
145 331 37 93.921
146 563 27 33.788
147 695 29 34.094
148 895 45 43.293
149 1148 55 52.919
150 448 9 53.53
151 328 21 53.24
152 319 17 22.875
153 508 47 47.075
154 1400 43 64.079
155 917 3 49.024
156 1195 11 62.921
157 670 53 57.462
158 777 8 38.216
159 1419 34 23.668
160 542 24 42.676
161 140 30 10.293
162 1181 11 34.756
163 886 34 39.687
164 1294 59 46.04
165 73 12 67.123
166 449 24 16.381
167 957 10 41.671
168 231 28 60.262
169 1227 23 37.321
170 240 34 30.614
171 1194 52 33.823
172 929 51 63.216
173 368 35 46.834
174 781 50 75.128
175 158 35 31.701
176 399 23 23.211
177 273 38 33.248
178 146 50 17.019
179 665 13 12.746
180 837 16 17.508
181 1173 10 85.756
182 116 12 66.717
183 1027 46 68.168
184 163 35 36.277
185 860 33 22.188
186 51 55 70.377
187 203 17 82.371
188 585 21 46.339
189 1428 34 23.06
190 731 57 1.942
191 131 31 25.099
192 298 9 85.609
193 100 12 58.675
194 1239 31 15.71
195 1208 51 77.317
196 268 16 20.786
197 221 48 49.429
198 882 39 62.63
199 1394 13 4.971
200 687 30 68.168
