200
1 639 8 38.813
2 569 36 48.631
3 415 30 70.609
4 79 2 5.337
5 1391 26 35.215
6 66 42 93.381
7 999 1 83.818
8 176 14 87.309
9 1042 40 33.901
10 329 14 57.358
11 796 1 51.171
12 1046 60 3.982
13 799 57 21.615
14 1177 48 27.677
15 7 52 38.066
16 4 24 2.306
17 599 10 53.603
18 782 9 39.519
19 1330 54 49.1
20 313 43 89.278
21 206 47 63.722
22 1094 7 12.732
23 328 60 92.445
24 22 8 12.545
25 1318 13 78.717
26 1415 59 45.361
27 232 20 82.433
28 1374 30 96.635
29 762 4 68.375
30 1249 15 7.639
31 227 46 84.991
32 700 32 93.365
33 900 2 45.037
34 1267 50 79.838
35 817 58 42.386
36 717 49 26.011
37 902 29 60.234
38 1259 14 52.743
39 511 15 42.368
40 364 2 14.443
41 1274 7 49.252
42 136 29 63.027
43 255 31 49.633
44 184 17 37.276
45 453 27 42.985
46 42 56 78.726
47 786 3 35.741
48 212 23 45.838
49 290 2 5.731
50 223 31 2.874
51 239 51 65.181
52 1025 46 44.933
53 1088 52 28.227
54 183 48 1.146
55 436 58 21.341
56 927 25 67.486
57 395 4 35.373
58 1147 51 85.04
59 1198 30 77.846
60 1309 24 55.736
61 1184 31 0.734
62 1385 59 35.584
63 303 32 11.139
64 98 45 95.27
65 885 48 20.815
66 28 46 36.515
67 308 16 59.112
68 1440 52 92.045
69 510 59 99.333
70 403 53 60.437
71 1400 59 61.475
72 1055 3 45.521
73 768 27 32.241
74 311 4 19.907
75 784 26 64.361
76 148 2 54.551
77 991 26 40.429
78 326 58 37.706
79 988 22 4.06
80 1350 48 4.332
81 780 31 70.776
82 430 39 27.181
83 10 26 86.818
84 1334 39 77.664
85 925 56 51.336
86 278 33 36.248
87 473 17 93.416
88 1160 21 42.324
89 894 42 59.438
90 264 6 82.742
91 889 2 26.143
92 798 21 90.631
93 907 30 8.447
94 1371 3 46.184
95 79 34 74.904
96 897 3 67.629
97 1009 4 22.367
98 1003 30 79.438
99 227 33 84.241
100 20 16 95.907
101 37 26 20.246
102 79 52 62.586
103 110 31 47.637
104 1293 37 84.596
105 469 35 5.546
106 879 2 19.594
107 1413 36 64.344
108 1303 19 64.353
109 230 37 17.161
110 1 54 42.374
111 1180 49 56.752
112 883 19 75.848
113 188 60 59.424
114 1177 44 25.219
115 389 55 73.928
116 1264 48 97.556
117 131 9 37.654
118 1378 29 87.463
119 186 3 34.967
120 379 25 63.441
121 1003 12 32.414
122 871 14 0.771
123 485 12 85.479
124 397 44 26.271
125 1362 8 68.566
126 376 34 32.818
127 1028 55 30.877
128 1003 45 51.082
129 32 4 1.182
130 896 36 50.559
131 472 44 91.747
132 1175 43 56.497
133 67 14 6.997
134 55 41 20.894
135 1110 10 58.029
136 918 14 37.75
137 620 47 21.36
138 1318 50 74.719
139 1269 56 8.537
140 277 22 47.447
141 1334 7 57.428
142 769 36 74.076
143 385 3 5.739
144 950 55 67.761
145 341 4 7.392
146 341 52 52.645
147 559 8 97.653
148 441 8 72.207
149 913 58 23.872
150 1216 19 22.39
151 424 28 12.666
152 293 18 65.498
153 377 2 77.313
154 174 53 3.604
155 352 34 0.793
156 1325 36 20.971
157 779 53 19.984
158 1163 13 10.215
159 1369 59 90.992
160 1164 48 19.538
161 626 49 92.7
162 938 44 52.112
163 1220 11 99.549
164 314 25 56.826
165 1402 60 15.601
166 867 54 61.908
167 217 58 26.47
168 813 60 27.904
169 891 13 49.004
170 1173 42 62.782
171 80 39 2.073
172 665 10 51.536
173 1062 44 64.107
174 147 2 78.496
175 583 54 44.969
176 857 54 34.073
177 1053 55 74.164
178 579 27 28.88
179 1362 8 17.803
180 851 28 64.187
181 532 46 89.644
182 707 60 33.124
183 965 2 16.353
184 411 47 42.313
185 1034 40 28.185
186 791 2 87.23
187 825 2 23.785
188 982 12 53.274
189 1046 12 91.215
190 1124 37 89.053
191 78 8 11.806
192 655 34 93.309
193 1206 22 47.015
194 130 55 28.094
195 1017 57 37.416
196 46 6 39.056
197 66 50 51.0
198 524 23 84.033
199 745 34 83.0
200 8 42 44.204
