187
1 128 21 92.73
2 1038 11 69.663
3 798 9 96.809
4 1423 42 81.34
5 1421 56 37.045
6 357 27 43.627
7 1420 19 76.292
8 1372 14 88.584
9 1050 18 18.63
10 280 19 41.354
11 767 21 24.464
12 578 54 34.235
13 872 51 50.616
14 1335 33 81.689
15 18 53 78.278
16 439 60 48.425
17 1345 47 83.289
18 365 45 20.812
19 260 49 45.477
20 1390 21 91.651
21 497 6 28.816
22 1113 12 10.912
23 1140 11 33.986
24 1083 18 10.232
25 988 25 20.19
26 549 16 5.278
27 931 28 60.41
28 138 48 81.638
29 904 56 39.556
30 1045 28 44.16
31 237 5 6.622
32 140 32 79.786
33 155 24 87.6
34 865 25 91.987
35 1027 20 71.437
36 327 41 11.469
37 269 41 44.391
38 180 34 73.262
39 482 15 31.883
40 512 42 42.43
41 1432 16 74.197
42 545 51 18.391
43 582 12 15.528
44 905 42 32.859
45 615 54 39.69
46 1403 25 97.078
47 443 3 57.555
48 262 32 23.151
49 708 51 70.469
50 1177 57 85.299
51 37 17 20.506
52 1127 12 49.185
53 1414 35 48.459
54 182 5 51.377
55 893 26 12.559
56 1035 26 44.016
57 221 43 63.255
58 1347 19 8.188
59 20 34 88.359
60 1008 27 2.675
61 394 23 67.92
62 167 5 97.813
63 805 26 90.425
64 624 25 10.107
65 245 16 11.396
66 183 42 99.065
67 1368 2 21.451
68 876 42 6.26
69 902 40 38.143
70 664 20 96.595
71 1022 18 42.899
72 1121 18 30.101
73 600 10 5.213
74 1322 56 88.378
75 1348 36 34.455
76 485 2 35.362
77 1062 17 58.514
78 1183 23 24.319
79 1008 60 10.385
80 220 5 57.474
81 1154 55 96.017
82 498 34 13.948
83 989 38 25.713
84 480 1 59.362
85 432 41 43.408
86 602 27 40.811
87 1435 16 71.063
88 822 35 40.486
89 268 59 54.545
90 1121 7 95.043
91 392 18 66.897
92 916 25 22.91
93 954 57 73.781
94 1079 16 42.158
95 1217 19 61.032
96 276 20 96.894
97 279 9 52.382
98 444 3 32.628
99 693 52 71.672
100 1384 29 59.866
101 280 54 63.819
102 1211 15 41.334
103 925 31 24.166
104 1340 34 90.97
105 142 6 19.945
106 321 9 14.913
107 578 8 39.391
108 1397 13 86.865
109 500 58 18.247
110 999 28 53.545
111 1127 13 32.992
112 1186 19 58.011
113 795 9 74.128
114 425 59 62.21
115 1207 29 76.2
116 26 32 87.755
117 847 24 0.306
118 634 44 93.277
119 738 55 98.563
120 1004 40 47.19
121 684 14 3.908
122 1186 26 79.212
123 1354 13 64.177
124 939 49 14.329
125 149 47 63.306
126 170 6 3.349
127 1214 32 77.193
128 1226 45 22.519
129 1174 18 42.938
130 972 55 88.477
131 924 53 89.233
132 116 20 13.562
133 811 54 68.51
134 1140 10 54.417
135 1067 29 97.834
136 1000 41 61.775
137 529 38 45.839
138 253 19 96.131
139 1378 54 86.522
140 613 50 57.712
141 536 5 61.515
142 76 22 36.472
143 1278 45 95.393
144 1019 55 42.787
145 952 6 71.061
146 774 18 38.012
147 1005 19 38.567
148 58 17 70.358
149 680 36 26.364
150 905 48 17.931
151 83 52 49.133
152 299 11 73.557
153 261 50 4.066
154 537 40 75.338
155 1168 11 61.552
156 595 52 68.421
157 633 14 32.366
158 944 43 79.229
159 1269 30 90.377
160 128 41 90.535
161 141 9 13.278
162 503 17 59.838
163 584 14 86.968
164 649 52 30.599
165 1002 44 72.831
166 139 36 26.737
167 725 53 67.515
168 229 31 93.857
169 1169 17 66.0
170 922 56 34.509
171 325 32 28.609
172 470 4 80.898
173 1059 56 87.746
174 543 15 90.533
175 1259 13 12.793
176 788 46 21.597
177 605 21 4.948
178 523 57 16.479
179 810 39 58.384
180 780 31 87.435
181 1068 58 68.123
182 189 53 89.615
183 699 59 85.623
184 34 20 98.686
185 270 55 37.545
186 954 22 91.221
187 720 35 14.995
