200
1 244 47 71.592
2 1076 16 30.781
3 132 20 21.074
4 1320 46 34.114
5 902 34 75.111
6 908 12 7.968
7 1079 50 85.189
8 1152 58 18.502
9 810 40 95.453
10 178 24 37.755
11 759 16 91.881
12 1098 42 39.181
13 1439 34 42.67
14 460 23 12.711
15 418 5 30.843
16 1422 38 93.96
17 238 10 75.162
18 1295 17 36.069
19 447 15 66.832
20 107 10 56.924
21 1300 42 77.052
22 446 53 13.794
23 292 58 32.722
24 1377 35 21.315
25 801 34 51.363
26 881 38 82.188
27 1080 37 39.198
28 569 25 62.36
29 334 27 73.465
30 372 19 90.056
31 1264 28 91.934
32 103 15 11.634
33 422 17 40.96
34 816 2 48.669
35 1106 14 3.254
36 16 54 18.635
37 558 47 7.664
38 13 17 84.759
39 328 24 39.314
40 1110 38 41.986
41 1135 7 67.213
42 236 59 11.094
43 1160 48 4.877
44 1159 4 84.137
45 1288 57 32.964
46 1156 37 23.045
47 116 50 40.369
48 88 11 96.385
49 168 41 89.129
50 348 17 7.645
51 304 31 16.838
52 367 50 15.723
53 1019 15 28.747
54 1405 14 42.769
55 1369 30 39.187
56 1040 46 47.778
57 1240 13 43.763
58 1059 51 3.068
59 638 6 20.459
60 40 39 34.865
61 963 28 76.858
62 1108 20 5.576
63 1345 34 32.4
64 840 35 70.765
65 683 40 75.89
66 341 12 27.048
67 105 39 14.383
68 507 43 20.628
69 197 59 9.182
70 1026 2 60.151
71 1054 13 46.1
72 1287 15 60.355
73 343 51 95.219
74 1187 29 87.292
75 959 4 6.915
76 1105 19 13.644
77 642 23 47.73
78 127 31 81.473
79 1071 34 69.858
80 623 53 98.095
81 93 49 46.988
82 600 37 82.459
83 1031 35 15.058
84 863 52 33.951
85 1083 29 63.579
86 642 22 28.189
87 305 13 58.182
88 381 22 88.998
89 572 1 33.758
90 721 15 58.645
91 383 43 32.456
92 173 48 22.771
93 357 5 48.629
94 461 43 59.421
95 212 52 40.508
96 952 18 10.224
97 737 23 21.305
98 956 32 72.13
99 782 60 4.054
100 91 36 28.986
101 1332 36 41.657
102 458 57 97.35
103 968 60 22.271
104 690 25 12.54
105 497 21 26.106
106 1012 14 57.254
107 1226 40 97.578
108 880 29 67.8
109 1012 30 8.383
110 643 7 66.527
111 922 18 29.536
112 220 23 43.918
113 811 2 99.582
114 694 54 73.934
115 34 5 94.562
116 135 24 66.368
117 1111 23 53.966
118 190 5 28.767
119 563 35 80.843
120 1217 6 7.561
121 865 30 16.544
122 417 25 20.195
123 237 35 93.944
124 1273 11 45.585
125 1250 16 8.886
126 152 52 96.744
127 743 58 65.934
128 601 43 16.672
129 1412 35 36.757
130 212 58 51.557
131 1243 26 83.779
132 60 31 58.576
133 1278 36 88.456
134 1127 12 25.524
135 747 28 34.43
136 551 53 0.685
137 458 41 54.054
138 1332 53 5.185
139 482 37 62.321
140 34 52 55.054
141 503 27 23.436
142 1176 24 67.214
143 1233 54 33.418
144 682 38 65.66
145 475 49 65.626
146 597 55 88.501
147 620 2 26.214
148 282 41 78.489
149 1410 27 23.092
150 234 29 99.089
151 839 58 45.798
152 1385 42 87.911
153 1019 18 39.352
154 99 23 52.515
155 951 22 13.125
156 443 38 62.736
157 802 16 76.957
158 1276 18 11.008
159 327 33 73.22
160 112 22 95.859
161 458 30 3.016
162 802 11 15.837
163 856 46 12.887
164 636 3 83.38
165 886 50 69.73
166 745 49 36.095
167 933 19 53.791
168 427 20 17.52
169 1400 44 80.844
170 292 45 57.925
171 1276 6 66.195
172 1263 18 63.365
173 1160 49 5.613
174 1006 31 32.936
175 459 58 84.205
176 1080 7 81.824
177 304 27 58.287
178 473 46 3.395
179 238 19 29.959
180 578 20 61.913
181 877 41 53.57
182 1371 4 93.039
183 97 38 34.67
184 519 54 80.095
185 103 1 83.725
186 1252 39 48.294
187 676 8 55.432
188 854 55 58.603
189 149 10 73.981
190 537 30 24.659
191 1155 35 12.567
192 1210 7 6.637
193 473 41 37.48
194 1344 28 77.311
195 962 13 8.734
196 646 5 55.441
197 568 56 81.1
198 769 24 46.762
199 727 51 57.868
200 947 21 13.58
