185
1 977 8 79.533
2 604 7 32.368
3 569 25 37.9
4 1094 18 78.848
5 1152 18 1.725
6 398 34 8.986
7 624 50 71.736
8 1409 58 59.182
9 1191 33 40.938
10 406 45 16.468
11 728 49 93.47
12 101 3 54.354
13 1279 8 96.021
14 885 13 75.231
15 1424 39 87.897
16 1026 44 28.477
17 1086 52 78.604
18 372 51 67.21
19 263 11 8.756
20 1264 50 26.623
21 264 57 46.168
22 42 27 66.794
23 170 26 18.662
24 545 21 96.411
25 264 6 48.837
26 1072 14 45.353
27 916 46 85.165
28 83 35 54.836
29 683 22 77.646
30 369 22 58.311
31 716 25 75.262
32 951 54 88.46
33 696 7 19.736
34 348 52 90.546
35 184 32 24.671
36 982 44 30.544
37 1358 55 25.72
38 617 58 16.476
39 1101 24 68.847
40 1298 31 50.168
41 1239 1 36.868
42 1105 5 5.164
43 535 11 68.871
44 905 57 77.497
45 879 9 68.359
46 1277 40 98.044
47 1440 56 74.27
48 871 6 94.326
49 1406 58 54.598
50 397 53 65.755
51 1313 1 52.653
52 521 9 91.917
53 1117 9 5.308
54 24 10 35.644
55 847 4 36.127
56 1167 20 39.871
57 568 4 89.327
58 266 33 86.278
59 1115 44 94.952
60 145 43 36.445
61 1053 15 57.591
62 1431 25 60.192
63 683 53 34.922
64 150 57 32.054
65 504 51 19.957
66 597 43 41.149
67 39 33 32.336
68 805 34 64.731
69 782 20 24.943
70 589 9 72.696
71 846 38 25.442
72 1425 60 97.734
73 523 21 92.002
74 291 25 5.12
75 1157 53 84.877
76 489 59 29.587
77 956 10 13.778
78 544 28 79.217
79 1084 45 98.221
80 438 4 61.154
81 1132 51 81.074
82 1133 35 10.544
83 177 53 21.463
84 1245 42 21.849
85 1029 4 92.712
86 221 42 12.635
87 827 46 98.331
88 1326 3 85.622
89 103 31 14.42
90 285 36 24.387
91 1232 38 6.247
92 500 36 26.023
93 1164 47 57.275
94 818 58 36.799
95 1251 57 36.245
96 1273 18 19.389
97 577 55 53.633
98 1143 60 84.18
99 998 37 71.603
100 1136 18 10.532
101 445 58 37.301
102 1239 22 70.693
103 1181 7 28.647
104 849 33 20.591
105 1162 44 65.599
106 793 53 34.403
107 1376 60 48.428
108 574 20 74.59
109 1417 9 68.633
110 343 4 50.916
111 111 33 47.951
112 238 36 44.191
113 771 44 78.181
114 583 4 81.783
115 919 30 37.948
116 1308 58 33.274
117 533 31 80.679
118 947 35 23.436
119 1013 48 11.665
120 318 56 8.353
121 701 7 73.01
122 963 40 94.569
123 982 15 39.075
124 1317 59 15.215
125 83 14 25.287
126 704 23 95.641
127 637 32 73.172
128 997 36 43.625
129 977 42 91.04
130 860 49 76.724
131 902 48 22.411
132 672 58 63.062
133 1172 56 80.773
134 493 28 29.604
135 1209 29 24.401
136 1317 26 98.294
137 1194 50 40.547
138 897 18 78.559
139 710 45 12.59
140 538 6 4.008
141 1156 36 95.864
142 1122 24 38.76
143 704 1 22.754
144 1326 32 80.893
145 263 51 33.087
146 1437 13 44.058
147 967 16 85.014
148 47 33 19.401
149 298 12 97.2
150 890 7 75.082
151 1344 58 42.355
152 754 41 28.453
153 66 7 4.385
154 1251 21 68.765
155 405 41 42.298
156 595 29 24.041
157 1253 42 63.448
158 14 14 98.518
159 1379 21 11.628
160 524 29 74.226
161 1202 44 66.827
162 374 28 93.632
163 212 35 36.375
164 889 20 43.383
165 963 49 55.938
166 892 36 24.45
167 1329 16 77.151
168 536 31 76.159
169 450 2 34.414
170 228 28 93.374
171 181 24 89.72
172 875 27 6.484
173 1170 12 41.157
174 257 35 32.307
175 657 26 2.821
176 1261 55 6.455
177 547 25 39.585
178 529 23 83.354
179 1145 45 95.149
180 219 34 81.15
181 518 53 12.553
182 714 15 50.813
183 1331 10 85.454
184 266 34 36.448
185 1176 49 43.717
