199
1 1212 48 16.171
2 1233 56 42.575
3 161 40 62.437
4 247 39 71.711
5 957 35 96.277
6 832 52 9.188
7 775 53 62.483
8 719 46 92.774
9 1296 8 73.551
10 1152 32 94.176
11 76 48 46.967
12 1255 50 54.646
13 1107 22 49.547
14 1314 10 79.897
15 364 44 63.611
16 1341 3 11.89
17 145 7 56.528
18 118 40 68.117
19 796 57 37.519
20 1285 18 30.5
21 1433 42 49.791
22 499 39 80.84
23 224 11 99.06
24 391 27 22.685
25 1141 26 14.411
26 1332 20 76.956
27 197 44 79.46
28 1162 13 30.159
29 24 48 28.869
30 147 56 51.351
31 1244 4 98.239
32 317 16 4.943
33 824 17 8.71
34 149 51 71.489
35 690 9 31.591
36 1278 13 22.204
37 36 52 78.301
38 1275 36 47.763
39 175 39 9.283
40 82 19 70.394
41 406 17 61.676
42 268 32 10.208
43 343 1 26.467
44 1327 29 13.394
45 804 38 44.327
46 1243 15 10.735
47 1083 43 33.222
48 1167 3 8.858
49 289 41 58.798
50 400 14 72.569
51 1023 5 47.05
52 1210 24 89.134
53 1300 4 46.626
54 680 18 80.255
55 135 56 38.524
56 835 45 39.306
57 859 48 19.707
58 397 43 95.484
59 1018 11 56.194
60 913 45 65.018
61 956 37 61.122
62 708 28 82.372
63 1161 18 50.628
64 950 1 84.69
65 652 38 11.381
66 1054 16 81.856
67 349 59 80.836
68 1020 33 40.404
69 54 25 69.24
70 518 27 49.276
71 1200 47 80.762
72 205 26 5.631
73 688 23 80.353
74 656 56 86.255
75 705 48 3.552
76 1438 30 11.913
77 830 23 48.819
78 545 4 69.352
79 1250 18 6.753
80 781 4 45.139
81 122 39 17.025
82 663 40 18.69
83 1421 1 33.774
84 656 15 37.688
85 849 38 89.826
86 953 25 43.417
87 1300 40 71.022
88 1047 33 84.037
89 1349 9 12.95
90 380 54 59.943
91 1376 9 31.035
92 1184 19 79.182
93 1025 51 34.285
94 355 43 13.192
95 1057 12 76.275
96 1274 31 48.358
97 598 32 30.463
98 550 32 27.618
99 56 15 44.351
100 369 36 22.413
101 314 30 53.334
102 1055 28 84.753
103 995 23 23.255
104 1055 35 21.313
105 631 16 79.71
106 170 48 40.661
107 657 47 57.545
108 769 35 63.625
109 1386 56 33.026
110 649 3 70.774
111 261 18 92.194
112 98 35 99.591
113 71 33 20.58
114 706 40 43.47
115 1079 48 76.885
116 463 58 17.02
117 436 3 28.496
118 373 17 9.649
119 158 15 30.439
120 1184 59 97.366
121 34 50 50.213
122 1007 17 27.253
123 330 25 42.419
124 1341 15 20.308
125 1207 1 26.766
126 1088 30 44.04
127 1013 12 72.529
128 1283 3 58.369
129 27 44 93.121
130 786 59 18.615
131 962 49 82.105
132 39 45 77.818
133 872 19 36.382
134 1260 32 34.753
135 186 11 32.535
136 1229 59 22.786
137 8 46 31.337
138 683 26 56.098
139 1382 34 28.601
140 876 59 92.286
141 438 19 43.609
142 1139 30 57.12
143 247 35 61.976
144 975 13 27.914
145 1236 57 29.462
146 932 4 24.383
147 481 54 11.014
148 702 7 56.93
149 625 19 11.977
150 370 28 85.477
151 1352 18 9.194
152 1278 54 96.966
153 1301 1 46.56
154 1029 52 34.248
155 6 32 90.345
156 76 49 35.457
157 548 52 91.784
158 667 51 10.917
159 776 58 74.798
160 461 15 57.349
161 642 51 90.63
162 951 58 66.241
163 1148 27 23.382
164 219 33 96.423
165 1401 7 97.807
166 971 3 60.253
167 1192 56 36.735
168 23 14 73.999
169 594 45 91.258
170 765 9 38.642
171 958 22 4.276
172 544 32 60.84
173 30 29 48.863
174 120 26 26.913
175 904 13 96.136
176 1246 57 7.645
177 238 38 73.754
178 942 2 51.896
179 1108 23 51.168
180 1324 21 94.912
181 282 18 95.502
182 1137 19 97.943
183 66 13 31.066
184 107 33 91.435
185 616 19 2.736
186 277 4 24.453
187 257 20 68.869
188 1190 11 6.857
189 1094 8 97.767
190 372 49 77.013
191 529 15 31.522
192 700 17 4.921
193 752 2 34.127
194 714 43 7.472
195 776 56 24.679
196 134 24 85.239
197 1439 8 5.286
198 1193 46 96.951
199 137 4 21.077
