200
1 828 18 39.22
2 390 15 71.175
3 289 22 80.358
4 208 60 15.622
5 1172 21 91.259
6 620 5 28.397
7 319 46 80.653
8 261 53 8.914
9 843 60 51.581
10 421 38 37.213
11 251 18 2.67
12 897 13 90.628
13 1303 20 77.049
14 872 18 73.12
15 1004 12 8.562
16 1323 27 31.666
17 701 40 84.477
18 1186 28 16.53
19 609 53 70.364
20 540 58 92.051
21 805 17 19.921
22 125 29 19.194
23 12 7 89.367
24 1414 51 68.181
25 675 45 55.834
26 490 44 41.039
27 1437 50 72.505
28 1190 10 63.901
29 443 17 52.931
30 1240 8 0.256
31 812 54 96.75
32 192 46 90.997
33 603 35 51.182
34 960 1 97.8
35 1161 19 70.835
36 763 55 31.322
37 1237 57 59.717
38 59 1 94.472
39 574 53 71.999
40 125 45 89.069
41 1273 31 1.483
42 109 35 43.188
43 114 55 20.006
44 367 36 78.277
45 146 24 84.727
46 1426 1 13.893
47 472 4 21.332
48 363 51 59.82
49 101 20 99.7
50 449 16 58.841
51 597 27 19.302
52 430 10 35.221
53 526 15 18.508
54 1023 33 77.245
55 1132 13 24.674
56 938 16 12.936
57 1421 16 75.347
58 682 28 10.937
59 47 12 65.444
60 482 30 67.894
61 443 54 49.628
62 626 10 12.299
63 1023 38 16.575
64 833 17 15.115
65 1198 7 6.825
66 188 33 84.27
67 151 21 25.76
68 1023 19 74.582
69 617 57 33.203
70 259 22 81.193
71 224 42 80.105
72 789 30 64.302
73 370 21 19.985
74 207 3 3.7
75 1030 51 35.288
76 1144 6 3.676
77 252 39 78.301
78 207 23 76.766
79 970 16 40.858
80 967 2 94.937
81 897 4 79.092
82 1279 23 52.135
83 50 54 42.146
84 920 55 94.492
85 864 4 79.065
86 922 50 8.44
87 936 32 52.913
88 1254 35 93.741
89 1112 45 42.329
90 882 54 83.235
91 1325 46 18.103
92 1150 39 85.262
93 1296 10 20.79
94 1192 27 32.448
95 1280 55 49.185
96 862 2 72.234
97 433 27 21.856
98 316 45 94.607
99 199 3 72.714
100 560 4 8.952
101 66 48 42.874
102 878 56 34.201
103 750 19 60.671
104 276 44 38.277
105 616 32 9.301
106 1161 27 6.965
107 529 11 4.924
108 1034 10 60.103
109 476 59 2.391
110 479 37 25.063
111 1209 6 62.172
112 1172 15 87.942
113 670 6 99.715
114 391 19 59.682
115 1420 8 51.631
116 406 54 52.983
117 823 40 32.314
118 1249 12 61.056
119 790 46 64.94
120 1438 26 16.589
121 1005 21 64.567
122 756 40 41.314
123 61 39 83.985
124 829 48 91.635
125 1386 35 95.271
126 1210 3 81.883
127 926 14 72.672
128 702 22 72.941
129 331 51 90.931
130 1143 42 91.067
131 363 5 89.158
132 70 37 13.588
133 801 12 35.794
134 231 32 7.851
135 4 34 29.218
136 408 21 50.761
137 990 18 0.293
138 209 4 93.242
139 873 42 24.031
140 345 31 38.501
141 1000 54 48.45
142 1089 15 1.582
143 226 25 32.825
144 921 20 49.663
145 796 43 75.842
146 1119 46 88.377
147 355 9 22.314
148 1362 7 82.33
149 919 60 57.536
150 315 2 73.028
151 1003 49 44.837
152 1209 55 40.174
153 107 28 23.657
154 442 59 31.88
155 1223 30 39.825
156 70 29 38.685
157 1110 43 82.551
158 640 28 56.809
159 1415 17 43.557
160 175 30 80.631
161 796 18 74.933
162 100 49 12.686
163 606 56 22.426
164 617 14 85.753
165 469 39 36.309
166 75 27 87.238
167 1227 55 49.391
168 50 27 70.217
169 213 2 81.273
170 871 23 85.289
171 21 22 53.226
172 290 27 90.648
173 1332 55 80.372
174 856 50 27.515
175 131 10 86.604
176 967 35 17.336
177 1053 45 98.574
178 1022 20 77.098
179 408 43 18.198
180 80 32 67.776
181 450 13 2.023
182 748 19 85.102
183 1107 25 16.247
184 337 48 46.755
185 1292 49 53.178
186 1185 8 35.443
187 178 30 18.934
188 1079 41 35.059
189 467 37 62.508
190 1118 11 43.525
191 236 54 11.867
192 176 8 39.822
193 956 17 27.125
194 497 54 26.046
195 875 4 7.695
196 88 49 59.206
197 1333 13 11.832
198 957 24 70.251
199 615 52 54.749
200 759 19 46.648
