172
1 678 35 83
2 407 31 43
3 1028 25 18
4 1198 47 10
5 1211 49 30
6 568 2 59
7 91 52 22
8 630 56 67
9 615 9 19
10 1193 36 73
11 857 58 86
12 6 16 37
13 684 18 5
14 713 31 60
15 1394 56 14
16 74 39 9
17 715 30 75
18 933 17 39
19 400 30 58
20 1296 21 20
21 450 35 83
22 506 52 17
23 368 29 6
24 1265 46 53
25 885 16 48
26 1245 41 57
27 310 32 63
28 406 18 91
29 572 47 33
30 104 21 8
31 720 37 27
32 1278 45 17
33 197 22 27
34 908 29 13
35 285 9 49
36 126 20 31
37 838 32 43
38 824 9 63
39 483 50 86
40 370 44 24
41 501 38 99
42 18 27 64
43 1216 34 89
44 60 7 69
45 406 32 43
46 89 37 51
47 760 50 84
48 51 17 54
49 94 52 58
50 13 11 35
51 103 6 79
52 823 48 10
53 111 14 73
54 618 44 47
55 746 60 4
56 811 10 82
57 460 53 67
58 907 9 74
59 517 54 86
60 303 27 86
61 833 33 31
62 1248 6 85
63 822 59 37
64 939 4 81
65 461 15 25
66 728 41 4
67 711 19 80
68 579 48 76
69 1261 51 58
70 1052 29 56
71 150 16 54
72 605 23 41
73 1164 28 29
74 515 52 35
75 453 51 15
76 480 41 70
77 885 58 68
78 503 41 58
79 825 20 32
80 328 43 62
81 465 58 98
82 1223 18 80
83 95 26 10
84 920 3 73
85 1044 17 26
86 700 50 70
87 213 43 19
88 385 47 82
89 216 55 17
90 1253 10 55
91 219 32 15
92 823 21 94
93 962 27 5
94 1072 2 13
95 685 56 5
96 187 48 68
97 949 30 29
98 1106 25 62
99 825 13 22
100 794 56 49
101 101 15 45
102 1262 26 70
103 654 3 99
104 34 44 57
105 14 36 55
106 813 53 4
107 166 21 82
108 340 43 43
109 1317 35 10
110 224 15 4
111 265 16 38
112 529 48 60
113 1269 58 98
114 1105 15 59
115 1 24 13
116 975 22 38
117 691 13 19
118 344 7 77
119 775 34 51
120 153 19 42
121 691 21 58
122 1104 33 96
123 213 2 60
124 860 7 97
125 1034 16 17
126 415 15 25
127 1344 57 80
128 838 34 71
129 780 30 93
130 1387 30 40
131 401 45 81
132 850 2 13
133 1052 45 48
134 1044 58 35
135 1343 5 19
136 768 10 9
137 1398 59 38
138 1120 6 64
139 793 51 38
140 569 55 15
141 1091 6 86
142 1078 36 91
143 634 45 64
144 227 15 5
145 679 47 3
146 33 3 19
147 641 50 29
148 846 49 23
149 999 29 5
150 907 54 1
151 916 56 2
152 209 58 34
153 69 22 56
154 1207 10 9
155 87 41 50
156 1080 20 29
157 1380 1 63
158 1415 35 86
159 1061 23 82
160 229 21 22
161 84 39 97
162 83 58 46
163 1029 42 30
164 71 27 26
165 778 13 42
166 741 59 88
167 849 2 28
168 1076 2 2
169 630 40 79
170 1182 13 1
171 1070 48 59
172 1019 20 29
