200
1 906 21 2.281
2 394 39 14.45
3 175 52 67.283
4 1341 56 50.14
5 43 40 70.975
6 65 46 57.009
7 3 18 61.464
8 1349 10 69.339
9 794 39 26.514
10 1154 55 70.818
11 887 17 36.361
12 1374 29 6.969
13 976 39 21.653
14 23 29 72.371
15 423 51 32.661
16 813 15 83.91
17 1422 33 15.953
18 64 26 95.231
19 349 10 12.634
20 363 36 46.995
21 678 10 75.418
22 509 15 29.631
23 1320 29 77.053
24 943 38 39.774
25 379 57 32.81
26 1386 39 30.091
27 977 56 62.864
28 1361 44 7.674
29 578 11 59.68
30 1238 21 13.651
31 862 18 33.375
32 1195 10 53.592
33 1005 57 3.643
34 209 18 29.251
35 1090 36 85.728
36 1431 32 21.121
37 203 7 13.49
38 204 23 3.301
39 927 54 4.913
40 966 12 16.678
41 238 19 95.564
42 163 52 6.554
43 781 35 7.927
44 520 15 74.534
45 218 22 28.856
46 540 14 43.046
47 740 30 17.966
48 705 43 32.641
49 1363 48 56.026
50 311 45 78.847
51 1069 10 65.882
52 684 47 29.786
53 918 13 77.566
54 108 25 69.696
55 100 21 87.005
56 972 36 49.833
57 352 48 65.61
58 44 17 22.134
59 1041 13 5.538
60 371 30 51.599
61 521 7 29.626
62 156 15 28.55
63 209 44 42.94
64 559 1 82.942
65 139 29 51.806
66 60 7 11.795
67 1240 23 97.909
68 883 51 82.996
69 196 20 2.87
70 1282 52 67.512
71 526 57 1.19
72 172 51 92.028
73 920 4 99.743
74 705 32 37.188
75 1335 19 35.269
76 397 4 54.794
77 1072 42 55.395
78 30 17 23.338
79 186 20 37.91
80 1205 49 16.729
81 1134 9 59.967
82 663 13 65.667
83 78 25 9.528
84 713 25 40.922
85 1243 6 81.771
86 312 4 7.723
87 786 46 39.854
88 1391 16 42.665
89 250 44 56.914
90 755 31 26.388
91 365 49 24.952
92 688 47 66.244
93 671 4 61.809
94 1211 10 34.758
95 537 17 36.518
96 1200 58 60.766
97 411 6 21.068
98 995 44 21.351
99 607 37 34.288
100 662 10 95.999
101 117 4 38.528
102 733 42 18.487
103 234 54 42.241
104 697 42 58.116
105 219 56 14.833
106 1161 31 84.181
107 1374 41 55.948
108 1320 15 31.186
109 1180 52 87.044
110 279 27 26.004
111 777 48 83.635
112 755 58 50.455
113 968 52 43.322
114 705 21 61.265
115 414 44 93.508
116 361 13 99.586
117 1418 26 12.552
118 50 29 44.279
119 1399 6 10.85
120 486 4 15.929
121 457 12 33.942
122 1293 24 15.394
123 1197 19 26.233
124 156 13 31.187
125 643 23 86.43
126 570 13 65.672
127 1010 21 3.465
128 376 58 83.023
129 1362 50 44.199
130 1234 59 56.953
131 720 38 72.225
132 344 50 72.917
133 716 31 17.996
134 1372 50 31.022
135 1402 41 32.501
136 688 26 90.09
137 1132 57 47.509
138 1331 15 33.335
139 399 26 56.961
140 1372 41 71.264
141 1302 15 95.555
142 1310 14 16.257
143 1431 11 96.369
144 7 44 2.695
145 970 54 63.843
146 232 25 64.887
147 403 38 90.266
148 276 33 72.686
149 352 27 92.481
150 1401 50 4.961
151 429 45 10.577
152 696 52 3.793
153 987 60 21.275
154 149 9 76.528
155 500 15 92.457
156 526 60 8.603
157 411 11 81.901
158 467 51 81.54
159 629 36 59.869
160 858 51 47.111
161 286 35 11.254
162 300 52 75.806
163 1435 47 31.455
164 341 25 15.667
165 57 29 19.326
166 986 15 65.631
167 74 33 61.686
168 118 34 98.767
169 404 40 1.667
170 601 31 33.102
171 606 20 12.273
172 1349 25 48.491
173 1199 42 55.446
174 359 1 10.276
175 1250 30 84.883
176 516 11 37.403
177 1003 20 35.042
178 720 5 30.555
179 895 41 52.501
180 134 55 59.363
181 648 7 41.601
182 346 29 49.5
183 143 48 27.549
184 231 28 38.801
185 1238 46 48.085
186 1277 7 44.991
187 1408 51 85.333
188 22 32 55.854
189 1382 12 65.105
190 1246 1 17.655
191 327 9 25.626
192 1292 40 31.942
193 1327 42 91.276
194 607 3 76.626
195 622 32 14.082
196 163 39 83.711
197 1246 5 0.532
198 49 28 37.69
199 128 23 46.273
200 249 47 45.349
