173
1 146 59 90.382
2 62 58 81.083
3 1347 42 2.676
4 640 10 40.143
5 667 31 48.596
6 980 18 89.547
7 1170 34 81.248
8 567 24 73.782
9 8 12 91.206
10 632 12 56.858
11 1193 55 9.714
12 804 51 21.504
13 805 51 33.036
14 66 14 16.294
15 1008 20 33.216
16 1306 15 27.216
17 363 36 82.769
18 1234 31 4.05
19 135 38 29.972
20 18 17 18.743
21 775 39 15.179
22 1380 10 6.216
23 970 52 33.595
24 194 2 0.208
25 1040 16 17.32
26 1259 25 48.943
27 249 16 92.462
28 519 1 45.982
29 652 9 59.2
30 229 37 66.59
31 499 46 96.727
32 268 55 35.586
33 240 1 56.058
34 1216 42 53.005
35 621 20 4.218
36 374 45 3.241
37 74 48 57.782
38 1071 19 16.642
39 730 45 96.953
40 1267 34 72.378
41 1422 35 87.54
42 1250 31 61.12
43 370 48 92.101
44 364 16 2.208
45 644 32 5.518
46 216 35 17.208
47 1174 36 71.053
48 888 43 17.386
49 9 44 76.483
50 640 57 61.82
51 1192 38 23.222
52 1213 33 9.77
53 1333 26 34.634
54 969 39 67.602
55 1057 25 86.333
56 1141 55 1.188
57 814 42 46.603
58 1179 14 36.28
59 795 33 9.406
60 690 20 10.276
61 542 20 44.371
62 555 58 12.085
63 1429 52 25.261
64 293 26 65.745
65 528 15 75.768
66 73 43 58.894
67 753 42 60.751
68 1316 15 35.845
69 649 33 39.132
70 411 26 50.777
71 1030 42 93.959
72 1015 21 37.478
73 1114 20 13.889
74 244 13 27.547
75 798 43 36.704
76 1185 34 6.272
77 1083 10 3.891
78 692 60 86.941
79 410 18 33.16
80 990 50 78.208
81 968 37 17.235
82 955 38 42.387
83 502 37 56.646
84 469 58 88.549
85 64 2 59.375
86 29 59 93.108
87 340 37 51.265
88 948 60 87.697
89 111 9 76.737
90 474 57 69.716
91 75 41 26.55
92 768 21 95.516
93 528 24 52.54
94 1410 21 54.54
95 65 42 58.114
96 1247 17 14.505
97 1255 11 65.442
98 97 14 39.468
99 80 20 91.35
100 635 23 78.648
101 1337 8 76.133
102 902 41 14.43
103 606 41 43.935
104 1167 25 49.224
105 56 13 70.55
106 1336 37 42.574
107 650 17 98.157
108 1106 34 71.347
109 1245 9 6.396
110 209 35 12.629
111 1048 42 76.859
112 444 22 6.847
113 401 19 74.577
114 885 31 17.411
115 1428 17 98.496
116 61 46 63.309
117 509 19 41.14
118 1135 57 10.124
119 855 21 70.675
120 547 33 80.631
121 644 26 47.369
122 1194 15 73.66
123 668 14 88.358
124 607 46 11.034
125 1111 39 40.732
126 1239 13 2.16
127 216 59 68.691
128 759 60 8.019
129 1286 59 57.19
130 353 4 3.334
131 1050 48 0.69
132 759 26 40.343
133 810 10 10.898
134 771 55 40.402
135 384 14 33.121
136 299 3 15.422
137 447 40 20.209
138 1080 9 80.373
139 665 33 30.801
140 1084 1 7.542
141 1076 41 82.39
142 451 4 4.634
143 212 34 14.934
144 742 37 7.651
145 43 30 58.491
146 571 45 4.815
147 945 37 57.427
148 384 24 5.43
149 1058 54 70.004
150 1306 41 6.105
151 239 51 81.814
152 1261 53 58.0
153 433 55 54.622
154 971 50 39.984
155 228 12 20.47
156 224 15 75.156
157 1063 6 24.465
158 780 20 54.459
159 810 13 83.775
160 1326 4 7.61
161 500 51 1.641
162 878 21 14.919
163 814 53 84.208
164 483 9 29.459
165 1153 6 81.002
166 771 50 59.427
167 745 60 75.75
168 1013 45 40.835
169 916 23 86.06
170 125 1 96.658
171 1429 24 53.892
172 413 34 40.998
173 378 47 57.966
