200
1 25 47 3.158 
2 26 27 4.508 
3 197 57 23.140 
4 197 53 6.680 
5 183 36 9.250 
6 25 21 3.567 
7 28 59 1.670 
8 1418 46 0.825 
9 196 30 37.466 
10 195 59 2.314 
11 184 60 7.548 
12 13 60 7.256 
13 184 45 44.087 
14 198 27 43.319 
15 197 60 8.301 
16 26 16 4.849 
17 12 56 3.549 
18 183 56 35.955 
19 1416 42 0.335 
20 13 57 7.034 
21 195 21 9.764 
22 12 56 1.117 
23 1417 47 0.249 
24 1415 31 0.466 
25 1417 38 0.317 
26 1415 45 0.315 
27 25 44 2.934 
28 26 28 4.874 
29 28 36 6.266 
30 26 56 4.741 
31 195 20 32.539 
32 25 46 4.657 
33 1416 30 0.720 
34 185 33 31.201 
35 27 40 2.065 
36 198 28 18.085 
37 27 28 3.193 
38 11 58 3.780 
39 195 50 7.063 
40 15 55 12.987 
41 1418 52 1.109 
42 1415 35 0.976 
43 183 48 99.250 
44 198 28 36.095 
45 196 43 35.065 
46 26 13 2.076 
47 10 58 8.017 
48 197 26 27.733 
49 185 53 11.095 
50 184 60 4.778 
51 195 23 23.896 
52 12 60 1.171 
53 10 57 4.719 
54 197 32 0.364 
55 1415 21 0.532 
56 200 15 55.200 
57 1418 41 0.648 
58 196 16 29.369 
59 197 33 11.994 
60 12 60 5.393 
61 182 52 62.411 
62 198 17 43.400 
63 1416 23 0.524 
64 1417 57 1.119 
65 1418 53 0.585 
66 1418 24 0.686 
67 183 36 54.236 
68 28 18 4.524 
69 26 55 0.305 
70 12 60 8.456 
71 12 56 1.519 
72 10 58 10.970 
73 1416 53 0.456 
74 185 32 68.991 
75 28 44 5.059 
76 196 35 8.921 
77 196 51 26.770 
78 1418 56 0.324 
79 196 34 40.760 
80 198 41 14.019 
81 25 26 5.335 
82 1415 32 0.939 
83 1415 35 1.117 
84 10 57 9.553 
85 197 38 13.428 
86 1415 34 0.707 
87 184 60 23.528 
88 187 30 99.500 
89 1416 60 0.237 
90 25 32 4.032 
91 1420 20 1.250 
92 183 52 95.489 
93 28 20 6.695 
94 182 56 84.432 
95 196 55 26.244 
96 1416 42 0.765 
97 10 60 5.759 
98 27 51 5.487 
99 1417 31 0.775 
100 25 13 5.157 
101 182 37 28.808 
102 185 41 44.661 
103 27 19 1.772 
104 1418 34 0.360 
105 1417 26 0.469 
106 182 45 28.990 
107 185 48 39.862 
108 197 27 1.767 
109 26 25 4.097 
110 11 57 6.533 
111 28 46 3.928 
112 10 60 4.928 
113 184 35 17.256 
114 11 58 3.747 
115 28 24 3.824 
116 27 48 3.281 
117 28 33 7.306 
118 196 37 44.148 
119 1418 23 1.000 
120 184 38 62.952 
121 196 38 23.145 
122 28 60 5.558 
123 198 33 40.788 
124 1418 50 0.197 
125 25 53 2.699 
126 183 46 50.441 
127 195 47 40.040 
128 12 56 5.842 
129 183 42 81.674 
130 183 52 57.804 
131 184 45 52.921 
132 195 44 33.743 
133 26 46 7.222 
134 197 26 46.851 
135 1418 34 1.088 
136 10 59 8.298 
137 27 51 0.502 
138 184 43 6.197 
139 1418 37 1.073 
140 183 35 88.573 
141 184 48 78.206 
142 11 58 10.066 
143 185 48 57.936 
144 182 48 63.335 
145 1418 60 0.511 
146 26 34 5.497 
147 13 60 4.175 
148 27 48 0.134 
149 13 57 2.183 
150 198 54 2.047 
151 196 21 49.088 
152 13 57 10.437 
153 12 56 9.630 
154 1418 57 0.620 
155 196 52 26.125 
156 184 37 42.938 
157 1417 54 1.104 
158 182 53 93.908 
159 198 19 25.184 
160 183 44 79.661 
161 1417 52 1.051 
162 11 57 11.853 
163 25 35 4.295 
164 196 49 5.845 
165 182 49 98.196 
166 10 59 6.722 
167 26 25 2.858 
168 25 18 0.516 
169 197 20 37.224 
170 196 56 10.884 
171 13 60 11.679 
172 12 57 0.622 
173 27 21 5.505 
174 185 48 92.239 
175 185 48 64.759 
176 184 48 63.247 
177 30 12 7.751 
178 1418 24 0.497 
179 182 59 81.922 
180 12 59 7.810 
181 1416 40 1.023 
182 10 60 11.348 
183 11 56 8.694 
184 1417 29 0.194 
185 185 32 18.133 
186 13 58 4.635 
187 12 58 10.095 
188 198 41 24.013 
189 13 59 3.535 
190 1418 43 0.346 
191 1418 60 0.578 
192 185 31 44.351 
193 13 57 2.308 
194 1416 39 0.484 
195 26 59 5.734 
196 28 22 6.352 
197 11 60 11.901 
198 11 58 1.589 
199 12 59 2.863 
200 13 57 12.163 
