200
1 1049 24 83.571
2 1275 51 45.556
3 442 52 10.239
4 696 34 93.502
5 23 50 90.06
6 1436 22 0.181
7 658 7 77.61
8 49 53 18.472
9 1069 47 76.026
10 1108 13 17.749
11 980 37 56.888
12 905 19 36.562
13 382 57 36.228
14 1112 52 96.253
15 927 14 67.368
16 1067 43 91.878
17 1354 26 27.165
18 197 28 97.557
19 356 56 78.289
20 1200 7 89.681
21 1159 42 83.088
22 269 25 48.749
23 1240 30 30.613
24 955 27 28.452
25 295 38 89.532
26 717 59 83.899
27 924 46 85.807
28 1313 35 5.327
29 513 49 79.633
30 125 50 94.674
31 1048 5 49.639
32 1118 23 3.076
33 1385 18 9.969
34 1221 48 27.722
35 1327 2 38.363
36 894 45 6.088
37 572 37 53.42
38 336 18 8.701
39 1326 34 96.81
40 1064 12 7.933
41 1264 29 61.628
42 31 42 67.248
43 1019 29 86.583
44 542 7 49.89
45 1189 48 17.073
46 477 4 42.027
47 211 40 1.689
48 176 15 86.935
49 1253 32 38.653
50 206 16 3.879
51 702 54 63.315
52 287 40 79.288
53 899 50 13.125
54 168 7 82.447
55 879 36 64.746
56 1429 59 57.702
57 310 44 63.348
58 1075 10 64.133
59 2 29 20.043
60 737 18 15.573
61 1379 59 83.772
62 353 51 32.09
63 1 32 21.671
64 1070 43 4.93
65 1107 19 99.295
66 575 25 99.024
67 388 58 31.968
68 420 29 47.891
69 503 2 29.836
70 166 4 63.137
71 752 38 72.327
72 596 10 33.406
73 998 41 6.795
74 885 47 8.943
75 582 3 62.962
76 467 37 42.331
77 25 14 65.829
78 972 4 69.968
79 966 15 8.467
80 258 57 47.394
81 74 40 90.871
82 631 29 37.537
83 548 35 1.136
84 1303 40 36.698
85 751 30 25.936
86 858 1 3.483
87 277 41 67.417
88 798 22 2.354
89 684 15 5.391
90 610 54 80.005
91 703 50 78.183
92 125 43 73.824
93 1047 19 88.033
94 1205 30 1.563
95 189 43 20.795
96 1414 42 28.1
97 1213 7 25.59
98 1098 1 8.844
99 1378 36 40.611
100 1087 40 68.087
101 407 24 4.232
102 1171 45 86.426
103 199 20 47.368
104 583 1 88.552
105 46 39 47.749
106 831 8 92.36
107 154 59 85.715
108 756 53 51.211
109 718 20 77.642
110 149 5 7.65
111 1297 54 74.199
112 361 45 84.363
113 104 16 8.479
114 264 21 57.821
115 654 59 67.108
116 811 52 71.646
117 558 45 48.202
118 566 7 1.611
119 1171 55 13.645
120 123 10 49.34
121 1246 59 15.144
122 1262 13 94.476
123 909 37 43.085
124 871 11 39.798
125 375 24 45.351
126 1267 36 6.631
127 1395 48 81.005
128 101 4 71.535
129 519 32 49.688
130 929 8 63.607
131 906 46 85.713
132 136 53 99.983
133 926 36 45.612
134 294 54 16.823
135 1294 44 63.475
136 1026 49 62.683
137 1237 22 27.763
138 123 3 76.648
139 907 51 56.299
140 628 23 43.214
141 1299 23 53.756
142 1415 48 40.682
143 1269 44 77.772
144 1253 18 9.267
145 1110 28 80.922
146 1263 38 25.229
147 328 2 8.365
148 460 54 54.343
149 1057 3 72.672
150 169 44 66.06
151 1204 8 37.065
152 1369 11 84.571
153 50 29 31.69
154 432 21 20.672
155 446 20 15.572
156 434 53 17.471
157 1379 18 7.272
158 104 53 41.158
159 925 7 68.995
160 116 11 0.669
161 769 37 35.607
162 201 22 29.099
163 870 42 3.317
164 1376 2 63.567
165 1096 39 99.561
166 745 49 96.523
167 954 16 87.289
168 481 10 11.301
169 504 38 96.487
170 691 31 3.667
171 752 33 25.858
172 139 34 89.508
173 584 49 38.404
174 336 47 93.605
175 892 38 34.685
176 1155 3 9.038
177 1273 8 1.502
178 801 50 57.209
179 296 18 98.547
180 4 26 72.3
181 477 35 23.841
182 128 17 52.313
183 396 4 11.851
184 389 57 94.458
185 1267 6 86.981
186 862 9 32.631
187 367 25 47.744
188 1292 53 58.053
189 513 49 22.951
190 833 59 16.432
191 777 9 32.27
192 417 21 11.089
193 1281 25 22.861
194 382 20 30.816
195 1093 20 32.011
196 316 36 25.483
197 585 27 1.129
198 948 44 85.721
199 773 44 4.621
200 209 9 69.053
