200
1 350 14 90.6
2 388 28 61.4
3 406 46 39.0
4 401 10 2.8
5 90 47 50.5
6 353 1 87.2
7 1244 38 96.7
8 937 13 81.7
9 604 46 23.6
10 1381 17 67.5
11 11 16 71.3
12 1083 19 47.7
13 437 14 8.7
14 671 47 7.1
15 1156 19 96.7
16 299 30 1.9
17 786 13 87.1
18 326 18 93.4
19 616 1 59.6
20 304 34 10.2
21 1050 18 26.4
22 965 2 98.3
23 574 52 61.8
24 1207 7 54.0
25 642 22 44.4
26 291 25 20.4
27 1175 34 86.3
28 904 15 9.1
29 468 51 20.8
30 1348 46 39.5
31 176 7 64.5
32 1317 60 7.6
33 818 32 28.4
34 1093 35 66.7
35 1153 29 41.6
36 1111 11 26.0
37 564 2 3.0
38 824 30 46.9
39 527 8 47.7
40 140 41 50.5
41 220 13 34.5
42 895 37 19.9
43 1423 5 58.0
44 517 17 64.0
45 954 53 94.9
46 1198 35 68.3
47 1245 4 87.7
48 1281 31 40.0
49 608 16 27.8
50 766 29 2.6
51 1029 14 36.7
52 538 16 83.7
53 1293 58 38.3
54 1079 20 38.2
55 165 17 70.9
56 191 54 35.6
57 530 38 90.1
58 615 24 71.3
59 384 23 76.4
60 1393 12 45.4
61 1387 2 21.0
62 828 29 20.4
63 122 49 59.4
64 218 44 72.9
65 246 49 45.4
66 116 36 93.9
67 917 28 65.9
68 214 2 80.8
69 340 52 28.1
70 1319 30 98.6
71 1405 26 75.0
72 1125 50 64.3
73 104 15 20.1
74 661 36 39.7
75 134 41 57.1
76 18 22 77.6
77 1422 45 75.4
78 1021 48 88.8
79 860 24 56.5
80 1205 7 32.1
81 1093 43 72.8
82 524 31 91.6
83 716 54 54.6
84 1385 4 36.0
85 735 50 9.7
86 164 54 32.3
87 354 25 24.6
88 919 3 12.6
89 431 40 70.2
90 995 2 31.1
91 337 54 38.0
92 683 7 35.2
93 1032 60 87.0
94 786 17 93.7
95 333 55 81.8
96 465 2 30.8
97 331 25 6.0
98 816 57 47.4
99 620 24 65.0
100 339 58 58.6
101 1322 3 17.2
102 777 36 84.2
103 131 18 20.8
104 289 60 79.6
105 372 19 77.1
106 1150 18 20.4
107 452 51 83.6
108 1369 31 88.3
109 749 17 57.1
110 1095 43 74.7
111 504 24 5.0
112 154 13 41.2
113 80 54 66.2
114 292 9 22.0
115 1434 19 11.5
116 1116 39 63.5
117 768 4 67.5
118 479 58 69.0
119 838 39 27.1
120 1418 23 30.5
121 745 33 79.5
122 122 13 74.4
123 553 50 24.3
124 272 6 92.5
125 499 26 53.5
126 705 55 22.2
127 594 3 60.4
128 914 56 5.7
129 1092 54 36.2
130 840 21 18.5
131 343 54 54.6
132 531 53 40.4
133 1196 25 77.9
134 1317 26 26.8
135 688 17 62.6
136 598 1 89.8
137 921 28 37.0
138 237 32 8.7
139 299 14 26.0
140 1016 44 24.3
141 1199 9 75.7
142 629 32 25.4
143 711 34 11.1
144 561 15 72.1
145 602 21 17.4
146 410 17 51.3
147 1308 53 44.2
148 1423 23 57.2
149 111 27 65.3
150 198 15 66.8
151 1191 57 69.6
152 328 43 13.7
153 730 40 88.9
154 693 9 78.2
155 489 26 74.7
156 564 29 32.1
157 705 10 82.4
158 1254 53 80.9
159 278 2 85.2
160 926 57 87.9
161 777 40 3.5
162 593 51 94.9
163 541 42 80.4
164 1352 13 99.6
165 1054 46 1.5
166 45 26 36.3
167 618 51 85.3
168 640 3 86.1
169 356 48 85.5
170 259 46 85.3
171 831 56 54.0
172 294 40 92.9
173 913 5 82.0
174 399 20 89.6
175 1276 33 98.0
176 587 37 86.3
177 1191 60 58.7
178 1400 25 18.1
179 893 41 29.6
180 191 7 54.1
181 712 29 50.0
182 367 4 97.6
183 1202 52 59.6
184 469 8 6.9
185 1285 34 97.6
186 845 43 67.7
187 580 8 54.5
188 1336 20 55.4
189 123 28 35.8
190 287 4 6.7
191 300 5 62.9
192 934 49 76.5
193 201 39 16.7
194 1043 22 52.9
195 1009 5 53.1
196 583 11 13.9
197 158 28 1.2
198 994 44 10.3
199 134 6 98.8
200 926 24 94.8
