199
1 428 25 67.81
2 1160 55 29.27
3 937 56 22.39
4 138 42 12.78
5 174 20 7.18
6 779 18 27.33
7 189 13 41.56
8 30 19 6.87
9 232 12 78.06
10 1282 24 63.87
11 1386 29 82.11
12 125 50 64.69
13 1317 2 2.04
14 117 12 90.45
15 398 43 88.22
16 257 48 96.04
17 1358 25 95.88
18 1018 27 52.23
19 1005 3 49.06
20 933 1 88.97
21 1193 45 94.78
22 1404 22 61.27
23 217 2 28.0
24 1090 33 25.56
25 1290 55 61.46
26 941 33 26.66
27 610 39 6.53
28 1015 39 8.78
29 251 59 15.22
30 993 1 42.52
31 1183 21 45.6
32 1227 33 68.81
33 1425 2 9.67
34 990 34 48.62
35 828 8 79.77
36 1196 32 73.77
37 85 57 93.59
38 610 29 70.54
39 240 5 62.01
40 6 28 96.53
41 1217 56 53.21
42 1191 60 5.27
43 176 2 61.7
44 935 36 11.83
45 1126 11 27.33
46 449 6 95.61
47 1013 29 59.08
48 353 6 7.44
49 1205 24 8.25
50 1253 50 70.92
51 109 8 33.52
52 841 33 53.45
53 111 45 25.06
54 514 57 13.54
55 603 17 99.76
56 300 56 85.11
57 622 17 14.4
58 1133 32 36.97
59 156 30 27.68
60 898 51 15.83
61 1359 26 81.06
62 425 52 45.98
63 522 52 16.43
64 596 56 20.69
65 216 41 10.95
66 578 56 50.78
67 470 21 39.21
68 794 18 5.7
69 1067 18 51.99
70 356 9 68.22
71 1128 34 87.52
72 84 50 56.57
73 1144 54 20.68
74 18 3 16.96
75 782 50 98.89
76 360 26 60.66
77 852 3 3.35
78 1242 47 28.03
79 235 45 2.11
80 582 56 85.19
81 169 18 87.49
82 142 54 2.03
83 621 25 1.29
84 92 53 32.39
85 1131 22 39.29
86 1019 1 41.8
87 930 56 25.3
88 1302 41 39.06
89 714 59 63.07
90 1011 34 55.5
91 62 2 62.53
92 1236 56 99.54
93 1094 10 41.45
94 1056 1 13.13
95 866 43 56.58
96 1130 32 12.04
97 398 28 41.32
98 673 34 69.5
99 1057 30 61.24
100 387 6 89.5
101 1045 18 64.15
102 277 33 48.95
103 1134 38 21.4
104 1419 55 57.69
105 105 32 76.15
106 486 52 21.75
107 211 26 78.38
108 145 50 15.56
109 164 43 5.8
110 1038 18 10.48
111 1379 26 1.39
112 43 54 1.59
113 675 17 65.91
114 1037 30 66.97
115 914 13 33.09
116 572 21 94.9
117 761 12 39.01
118 986 48 14.28
119 988 4 18.09
120 1242 55 63.92
121 132 46 28.66
122 1111 42 72.16
123 723 52 97.85
124 657 18 13.49
125 123 46 5.54
126 994 1 33.01
127 119 45 3.16
128 1248 27 85.04
129 1027 6 58.27
130 910 58 99.72
131 1305 12 12.74
132 949 25 95.33
133 908 11 20.51
134 37 47 72.39
135 990 13 25.11
136 9 7 54.57
137 759 14 15.69
138 412 13 45.4
139 1411 3 53.58
140 1205 38 17.81
141 940 5 27.64
142 777 19 1.65
143 1217 3 14.75
144 857 29 85.06
145 525 35 68.3
146 449 20 94.88
147 806 14 94.71
148 1098 1 83.18
149 978 16 96.01
150 451 29 64.73
151 511 11 8.66
152 533 9 67.71
153 925 38 61.82
154 501 15 5.51
155 1279 9 96.87
156 879 22 91.85
157 923 4 52.49
158 911 42 79.54
159 237 59 46.17
160 329 21 54.3
161 679 22 40.31
162 1320 60 23.62
163 653 15 19.43
164 1184 34 37.84
165 357 17 73.93
166 979 34 81.68
167 1430 28 53.22
168 750 32 46.81
169 963 48 90.94
170 385 57 6.68
171 392 31 12.66
172 1277 14 59.33
173 772 18 76.66
174 1056 40 10.33
175 1218 41 23.09
176 1397 48 47.98
177 1343 23 30.91
178 1176 14 97.39
179 930 54 25.43
180 96 43 61.74
181 1374 53 66.68
182 769 34 64.15
183 573 42 71.48
184 758 1 39.75
185 430 22 55.62
186 259 26 53.3
187 1301 48 38.46
188 1094 10 98.49
189 446 24 34.94
190 538 24 41.09
191 41 24 11.55
192 474 13 57.27
193 342 51 71.77
194 784 25 61.78
195 1148 4 45.85
196 21 31 66.41
197 1198 28 72.93
198 278 18 30.3
199 709 17 61.71
