187
1 712 38 37
2 1335 40 83
3 163 55 82
4 1360 24 6
5 953 14 23
6 80 13 44
7 827 25 99
8 324 6 51
9 1308 38 14
10 79 26 48
11 1093 9 41
12 557 1 95
13 404 49 27
14 1402 46 75
15 83 40 42
16 1254 40 79
17 36 15 3
18 715 16 35
19 189 15 55
20 1130 57 30
21 918 3 57
22 15 17 36
23 394 20 65
24 612 10 41
25 419 55 81
26 491 34 61
27 367 34 64
28 1175 29 68
29 1110 4 67
30 1292 16 36
31 858 4 96
32 490 35 78
33 811 52 54
34 1211 24 18
35 704 31 91
36 1054 36 10
37 928 56 61
38 1111 24 96
39 399 6 83
40 1351 59 60
41 988 54 83
42 1413 55 44
43 1333 36 75
44 1057 37 40
45 1401 49 34
46 326 36 19
47 656 59 48
48 813 19 83
49 171 14 46
50 311 23 3
51 1263 46 33
52 1004 15 12
53 218 2 69
54 1154 42 10
55 1184 29 5
56 496 33 54
57 639 30 80
58 287 2 35
59 328 10 58
60 835 5 47
61 893 54 12
62 1088 44 4
63 326 37 33
64 937 32 80
65 642 31 35
66 1357 17 35
67 1187 20 73
68 45 35 15
69 1365 19 48
70 601 8 39
71 1379 46 74
72 1117 3 64
73 1268 2 99
74 1381 5 15
75 844 32 3
76 423 12 13
77 1378 16 13
78 647 57 74
79 679 56 28
80 1255 3 72
81 768 4 5
82 220 53 90
83 804 17 43
84 884 30 74
85 485 18 39
86 526 13 33
87 852 18 36
88 889 12 57
89 1106 1 69
90 797 43 20
91 1397 20 29
92 256 29 91
93 950 54 95
94 1303 43 10
95 1039 14 14
96 699 45 96
97 861 43 80
98 436 53 24
99 859 23 15
100 1374 32 38
101 144 49 92
102 523 6 11
103 212 45 42
104 924 27 31
105 22 11 96
106 1314 3 47
107 481 29 4
108 616 8 8
109 327 60 94
110 778 21 80
111 404 59 26
112 801 47 35
113 1108 58 28
114 1009 37 72
115 196 28 74
116 374 42 42
117 384 30 84
118 695 51 79
119 29 43 68
120 262 49 43
121 424 2 48
122 1321 20 28
123 5 53 85
124 1403 24 99
125 894 57 10
126 271 26 15
127 349 44 19
128 264 4 27
129 913 56 57
130 353 36 75
131 452 13 21
132 1192 15 87
133 304 54 78
134 630 47 44
135 526 33 24
136 1013 27 54
137 1233 53 17
138 18 10 56
139 436 20 83
140 308 5 17
141 223 10 69
142 370 48 28
143 135 6 4
144 73 57 18
145 1009 2 57
146 283 51 20
147 76 15 20
148 1064 56 99
149 1195 5 85
150 415 20 44
151 1157 53 68
152 843 1 36
153 241 33 69
154 786 42 22
155 531 8 32
156 1131 32 22
157 876 15 60
158 963 29 81
159 149 17 51
160 671 14 41
161 1271 51 61
162 46 7 87
163 1250 3 3
164 739 54 76
165 767 38 1
166 889 40 96
167 443 14 20
168 822 18 7
169 467 7 79
170 39 14 17
171 1399 37 66
172 60 9 21
173 32 39 99
174 589 11 66
175 172 27 47
176 1060 6 93
177 60 27 60
178 230 24 2
179 991 29 42
180 614 54 54
181 1162 31 47
182 774 35 46
183 702 48 55
184 1055 29 96
185 1023 59 67
186 323 1 25
187 872 18 94
