200
1 46 57 32.554
2 115 17 21.53
3 527 50 4.119
4 1390 4 74.468
5 957 36 91.476
6 137 44 75.472
7 904 51 97.565
8 1424 43 87.417
9 674 59 23.34
10 451 35 81.998
11 442 33 89.089
12 579 55 74.868
13 804 1 94.494
14 230 22 4.722
15 95 52 82.431
16 41 9 67.274
17 859 21 53.25
18 1340 26 54.468
19 1410 32 69.313
20 1142 14 85.669
21 1271 34 60.656
22 852 36 36.61
23 1179 27 64.554
24 213 25 0.817
25 326 50 53.412
26 1156 16 83.51
27 1188 36 92.245
28 592 37 1.628
29 641 49 81.673
30 1148 15 30.081
31 625 54 40.449
32 43 4 5.628
33 397 36 50.435
34 1152 45 37.346
35 134 37 67.122
36 635 47 40.544
37 282 24 98.004
38 1139 36 40.704
39 1221 21 53.647
40 788 16 19.556
41 817 48 49.85
42 1180 39 18.543
43 1290 32 6.034
44 834 35 67.605
45 1370 39 97.612
46 761 12 49.219
47 894 31 66.22
48 1003 39 56.822
49 322 26 10.71
50 26 49 25.012
51 184 6 33.146
52 533 39 92.898
53 175 28 78.354
54 287 58 91.483
55 379 36 97.587
56 398 53 52.747
57 291 11 70.376
58 670 53 53.349
59 235 4 36.766
60 533 50 25.503
61 207 40 6.82
62 210 57 57.983
63 382 16 21.531
64 802 49 43.134
65 248 20 24.694
66 1386 51 80.295
67 544 23 33.376
68 142 53 64.893
69 943 1 88.275
70 217 27 59.904
71 1071 4 66.367
72 929 17 32.96
73 909 31 62.255
74 914 41 79.382
75 1220 18 97.036
76 438 3 85.701
77 1278 18 74.7
78 1240 16 90.058
79 1172 7 44.987
80 1179 11 24.006
81 464 50 63.949
82 906 28 24.105
83 292 40 98.052
84 232 3 15.309
85 579 25 19.769
86 206 43 41.794
87 560 15 94.87
88 280 8 6.363
89 475 32 32.786
90 245 38 50.722
91 170 23 48.534
92 441 33 57.941
93 1319 30 75.73
94 174 32 99.676
95 753 41 52.027
96 1130 28 78.637
97 1089 50 72.767
98 1014 31 95.364
99 42 30 94.986
100 165 38 88.553
101 445 41 72.078
102 276 7 60.325
103 1230 48 48.623
104 852 3 2.454
105 1287 35 89.863
106 581 36 29.804
107 681 10 26.991
108 147 13 22.24
109 1340 11 44.389
110 1006 10 43.472
111 1324 60 10.136
112 411 28 47.236
113 1360 60 89.908
114 773 27 64.067
115 1194 3 70.806
116 375 39 64.577
117 7 36 53.369
118 697 9 45.974
119 1011 8 52.815
120 578 50 81.082
121 137 13 25.459
122 1159 12 61.454
123 627 42 19.865
124 425 29 75.367
125 917 2 87.727
126 861 16 65.414
127 40 13 99.079
128 172 40 93.244
129 36 20 49.448
130 110 1 33.735
131 692 10 88.771
132 917 16 99.383
133 1401 6 51.515
134 403 28 31.427
135 395 43 87.206
136 436 37 66.655
137 278 6 81.348
138 924 29 31.061
139 799 53 3.959
140 272 9 11.035
141 1061 15 39.243
142 1357 13 96.513
143 1330 52 72.142
144 1233 60 25.374
145 1365 17 33.402
146 183 1 34.288
147 929 51 57.747
148 1435 24 17.351
149 458 24 60.67
150 365 52 4.616
151 1220 40 35.005
152 1339 50 25.719
153 241 9 17.695
154 256 43 47.667
155 1219 11 69.415
156 341 58 14.984
157 68 40 75.408
158 224 7 62.434
159 547 28 86.83
160 291 14 92.21
161 142 58 96.636
162 797 8 10.019
163 174 4 15.571
164 370 19 47.411
165 295 21 37.353
166 1109 51 77.773
167 428 6 60.486
168 1353 32 39.538
169 887 3 70.342
170 768 37 32.557
171 1432 21 59.049
172 192 54 30.484
173 1274 47 39.466
174 573 4 55.507
175 1410 27 95.165
176 772 1 38.414
177 594 7 51.644
178 708 55 97.604
179 451 52 9.253
180 150 15 79.921
181 1167 45 16.812
182 1190 27 49.893
183 1022 8 10.066
184 94 4 21.606
185 441 30 84.011
186 578 39 19.947
187 645 51 41.556
188 96 9 54.788
189 1325 53 66.196
190 592 15 1.94
191 838 36 1.873
192 661 10 82.287
193 706 21 17.001
194 1235 59 24.856
195 862 19 49.68
196 809 1 70.453
197 611 55 20.663
198 1204 58 76.342
199 1328 23 64.027
200 618 49 23.326