195
1 790 21 29.694
2 791 25 80.179
3 1290 6 84.481
4 1160 56 52.78
5 815 15 6.96
6 1432 16 51.577
7 152 34 50.482
8 1353 12 55.666
9 1429 52 40.72
10 681 31 17.067
11 1275 11 97.243
12 496 20 21.903
13 252 33 69.446
14 412 31 34.517
15 400 43 98.609
16 83 18 66.127
17 200 53 30.808
18 1058 19 44.689
19 1345 14 2.013
20 155 8 35.685
21 1406 37 26.613
22 274 26 52.459
23 1378 17 51.568
24 952 53 73.92
25 693 8 3.766
26 773 3 53.404
27 936 35 72.287
28 780 30 92.424
29 513 39 23.505
30 312 46 65.008
31 614 31 75.078
32 1343 48 48.98
33 185 5 17.171
34 1321 56 38.642
35 777 16 79.873
36 761 25 58.509
37 1199 29 76.243
38 1253 43 29.486
39 1103 32 19.99
40 453 17 52.455
41 1422 13 75.143
42 1205 51 94.468
43 838 28 52.457
44 413 30 44.62
45 1146 5 4.836
46 628 48 77.186
47 169 7 79.271
48 1062 29 50.386
49 593 11 9.315
50 864 42 39.756
51 909 21 94.532
52 120 6 68.634
53 1396 9 80.348
54 533 37 33.329
55 532 42 98.824
56 474 35 21.493
57 206 15 54.9
58 532 28 30.368
59 477 4 41.509
60 1300 29 97.325
61 1012 6 91.228
62 290 17 50.674
63 1138 43 90.271
64 1421 12 44.574
65 704 52 85.465
66 881 15 81.637
67 1197 19 1.109
68 9 7 91.035
69 394 47 74.329
70 378 58 12.91
71 379 5 10.852
72 425 12 65.15
73 259 23 77.28
74 1381 49 81.884
75 101 6 23.092
76 229 60 6.003
77 1037 4 57.664
78 269 5 70.705
79 412 12 78.094
80 1227 43 76.181
81 1166 10 35.927
82 1319 13 82.81
83 183 13 96.729
84 237 46 63.594
85 812 2 31.592
86 69 32 98.422
87 264 33 1.177
88 1014 31 14.772
89 315 29 46.016
90 451 22 91.183
91 934 36 0.436
92 446 55 68.761
93 1328 21 77.543
94 298 24 37.111
95 1225 60 47.717
96 21 20 71.006
97 1254 1 93.667
98 1001 50 3.224
99 894 2 12.885
100 703 59 93.813
101 218 41 7.484
102 853 20 53.356
103 416 18 61.871
104 94 2 74.497
105 121 3 74.773
106 1007 6 23.938
107 857 48 13.874
108 783 12 49.89
109 219 58 21.382
110 442 35 55.328
111 1283 35 40.005
112 609 47 98.8
113 1206 39 96.96
114 122 13 34.484
115 1290 36 1.641
116 257 19 40.517
117 860 12 8.061
118 372 54 24.809
119 1121 18 66.372
120 206 30 27.428
121 362 55 81.632
122 1213 48 45.101
123 1128 38 27.57
124 521 57 76.734
125 151 29 61.441
126 137 48 44.263
127 231 25 84.957
128 1223 29 80.313
129 341 30 69.438
130 459 12 96.967
131 288 11 67.934
132 660 60 99.732
133 1223 6 28.645
134 50 40 56.896
135 653 16 31.113
136 1372 36 1.398
137 434 39 95.854
138 251 18 62.344
139 993 53 99.733
140 896 18 86.186
141 11 10 16.202
142 365 43 54.559
143 530 24 47.834
144 1032 48 23.189
145 539 2 84.656
146 1413 17 49.529
147 355 44 73.082
148 1283 41 35.365
149 219 48 94.781
150 1200 9 30.555
151 1357 32 42.522
152 699 59 32.905
153 446 35 14.841
154 1236 6 86.468
155 798 21 78.257
156 166 45 47.806
157 648 39 15.611
158 1293 51 96.327
159 781 44 68.095
160 212 43 53.667
161 66 1 73.418
162 1364 10 23.897
163 513 33 83.6
164 317 31 32.395
165 243 17 45.935
166 777 44 17.882
167 562 1 33.142
168 529 26 69.97
169 209 22 64.112
170 399 45 95.343
171 767 39 4.122
172 235 7 46.643
173 764 2 5.973
174 628 13 14.103
175 1108 21 93.546
176 903 30 32.446
177 302 37 89.558
178 795 25 42.751
179 1318 44 8.589
180 1165 58 59.97
181 1393 33 34.188
182 1026 22 27.058
183 805 21 27.937
184 284 23 37.366
185 279 6 1.449
186 824 45 13.208
187 898 32 66.014
188 513 20 29.131
189 654 36 31.551
190 1221 50 85.768
191 12 11 47.104
192 77 18 89.39
193 654 5 3.764
194 1024 9 15.178
195 43 1 33.249
