200
1 1386 33 41.941
2 847 32 47.334
3 1249 55 17.942
4 1412 38 96.301
5 311 31 90.213
6 393 54 72.656
7 365 4 67.271
8 626 20 30.103
9 976 37 29.921
10 885 47 91.383
11 1240 5 92.853
12 880 13 87.512
13 91 15 8.849
14 285 9 45.365
15 89 25 72.306
16 745 57 96.905
17 202 30 27.7
18 32 15 20.073
19 321 37 57.657
20 1262 10 15.005
21 1222 34 48.427
22 1402 27 21.143
23 23 8 20.389
24 460 34 77.256
25 644 42 78.233
26 1222 49 74.902
27 849 4 8.183
28 252 36 65.642
29 1263 30 5.084
30 1193 33 80.261
31 1069 40 24.016
32 1262 20 11.159
33 1242 46 1.411
34 636 17 46.09
35 82 15 23.584
36 224 46 57.424
37 1314 25 44.37
38 709 50 14.832
39 307 35 4.496
40 477 23 30.342
41 280 26 38.078
42 447 36 45.758
43 875 37 63.18
44 567 47 4.772
45 1100 42 27.709
46 1276 33 1.106
47 1319 28 61.319
48 1119 22 27.969
49 793 38 1.854
50 406 35 52.183
51 696 34 18.081
52 538 51 33.379
53 1159 18 65.128
54 807 48 15.432
55 406 21 26.281
56 847 34 83.923
57 942 26 94.806
58 156 33 21.126
59 493 53 71.433
60 137 33 79.702
61 748 46 11.747
62 753 1 85.122
63 1177 1 21.99
64 469 43 77.585
65 68 8 18.205
66 520 53 24.289
67 713 21 86.464
68 220 12 28.588
69 986 1 41.64
70 52 19 77.175
71 676 7 88.35
72 149 25 20.712
73 731 26 68.661
74 1387 20 5.729
75 1271 9 50.137
76 364 57 69.713
77 828 51 43.8
78 343 56 83.691
79 303 20 52.137
80 392 7 25.202
81 989 24 76.812
82 277 57 80.315
83 363 41 41.955
84 470 10 73.025
85 792 12 84.001
86 1076 28 90.412
87 507 46 24.189
88 328 11 55.657
89 1000 36 16.546
90 1003 27 3.615
91 123 17 65.324
92 990 37 58.04
93 625 28 98.372
94 952 11 11.778
95 586 2 73.023
96 509 17 54.26
97 407 8 99.371
98 1204 5 21.136
99 568 21 98.021
100 997 2 17.742
101 638 46 24.901
102 683 24 88.072
103 544 29 94.501
104 28 51 51.166
105 403 38 10.873
106 5 43 85.838
107 351 24 8.872
108 1033 33 96.361
109 133 53 70.565
110 600 37 38.688
111 591 55 78.557
112 182 26 94.891
113 604 52 22.275
114 1074 40 53.969
115 384 9 12.514
116 473 38 26.281
117 76 45 72.665
118 1145 18 36.277
119 1141 58 80.874
120 337 35 25.634
121 515 25 7.449
122 886 18 98.456
123 928 54 50.64
124 231 13 12.667
125 1279 32 85.355
126 163 25 98.002
127 864 32 96.284
128 968 13 23.157
129 1393 34 70.015
130 576 9 11.305
131 728 17 21.151
132 821 7 67.034
133 1434 53 26.014
134 905 34 14.777
135 826 10 89.045
136 1083 8 3.435
137 323 34 97.557
138 1068 38 12.169
139 1258 15 37.823
140 132 6 43.972
141 211 45 9.444
142 533 56 24.975
143 1224 31 80.654
144 15 50 88.106
145 1393 51 55.215
146 97 30 24.454
147 1013 36 19.709
148 1199 36 38.388
149 1128 15 57.294
150 583 1 19.022
151 206 4 19.921
152 574 37 72.246
153 1126 38 58.895
154 1243 2 59.622
155 597 10 43.243
156 1339 41 38.646
157 961 29 1.489
158 1262 9 25.701
159 508 35 59.305
160 1168 12 44.838
161 949 59 54.587
162 930 13 55.196
163 527 18 8.365
164 125 19 49.244
165 1271 26 80.462
166 745 16 89.284
167 1116 8 52.989
168 667 55 62.363
169 778 11 23.754
170 546 20 7.771
171 1099 46 32.338
172 1350 14 73.274
173 1091 31 12.216
174 41 24 87.181
175 477 53 18.138
176 383 19 38.166
177 333 17 18.557
178 776 9 86.718
179 1326 7 65.412
180 651 35 89.091
181 863 30 32.945
182 371 59 62.699
183 1004 44 8.946
184 1169 58 66.741
185 1052 49 79.067
186 651 12 91.709
187 410 47 63.69
188 549 17 46.006
189 492 37 94.419
190 310 40 7.766
191 883 39 52.928
192 793 45 93.64
193 953 22 2.475
194 1199 45 91.929
195 856 39 60.847
196 139 49 66.5
197 2 3 3.000
198 1 1 2.000
199 3 1 3.000
200 1 3 1.000