175
1 910 16 5.183
2 1175 45 80.093
3 1030 13 99.055
4 1219 56 7.427
5 1050 53 48.517
6 65 18 75.691
7 1236 12 86.824
8 1120 50 30.308
9 1005 36 46.695
10 718 39 20.725
11 707 39 34.729
12 224 35 56.892
13 80 46 34.637
14 73 44 19.349
15 1063 51 73.154
16 800 47 26.692
17 1133 30 6.948
18 734 51 8.296
19 571 2 14.675
20 672 14 57.155
21 1379 41 61.578
22 1432 26 21.272
23 235 9 99.544
24 1193 28 18.282
25 249 23 75.901
26 1180 34 3.291
27 85 30 63.994
28 124 57 16.868
29 536 13 56.692
30 1127 43 71.052
31 1009 17 55.016
32 1230 55 65.274
33 467 8 56.643
34 393 27 61.403
35 1393 24 4.204
36 526 53 74.634
37 692 14 77.638
38 697 57 42.62
39 333 53 82.684
40 1248 19 59.179
41 5 19 78.197
42 69 17 87.605
43 1349 3 52.363
44 171 44 84.014
45 980 35 60.365
46 277 28 28.058
47 1180 15 15.951
48 39 58 57.767
49 636 48 61.166
50 870 45 44.842
51 875 55 49.339
52 128 29 75.882
53 259 29 74.119
54 1092 59 37.374
55 675 36 35.816
56 593 21 61.046
57 400 36 1.205
58 1246 41 39.935
59 254 48 23.414
60 920 35 37.99
61 1063 46 19.172
62 583 34 52.111
63 510 48 39.061
64 193 19 63.146
65 21 43 81.671
66 797 9 17.083
67 791 9 34.509
68 681 34 94.233
69 1336 19 31.135
70 932 14 71.351
71 357 44 66.646
72 1072 14 60.803
73 1115 10 64.953
74 19 37 5.136
75 1354 26 42.377
76 815 49 55.581
77 1203 32 78.497
78 182 21 6.508
79 683 19 6.789
80 614 54 21.862
81 1109 49 93.942
82 793 9 92.055
83 1298 59 58.653
84 521 26 17.395
85 534 47 86.589
86 83 21 68.998
87 712 35 90.699
88 475 51 8.3
89 1104 42 51.771
90 838 27 71.918
91 502 33 26.627
92 461 3 91.392
93 288 29 14.259
94 271 33 82.182
95 1377 32 98.177
96 1033 46 35.471
97 253 26 52.483
98 233 56 1.662
99 1263 21 33.655
100 895 5 97.858
101 1050 57 42.167
102 182 58 68.415
103 459 6 50.828
104 339 35 80.934
105 197 34 47.419
106 1107 24 89.553
107 116 40 88.442
108 1143 40 18.331
109 183 13 38.704
110 260 4 67.535
111 1336 41 60.556
112 1153 19 30.742
113 712 28 33.834
114 465 30 28.904
115 1062 14 30.439
116 1353 51 67.659
117 393 25 40.419
118 952 9 56.271
119 999 31 94.838
120 1185 36 52.691
121 831 39 9.682
122 879 30 94.827
123 662 11 20.426
124 767 44 35.1
125 1357 14 10.195
126 41 55 91.933
127 32 60 47.94
128 1219 26 52.266
129 790 7 99.595
130 962 12 11.893
131 810 31 13.899
132 1386 59 43.118
133 895 38 98.565
134 727 49 32.929
135 547 38 95.015
136 852 60 38.317
137 109 36 99.546
138 591 56 17.966
139 313 32 26.786
140 376 25 41.184
141 867 27 58.209
142 723 57 43.484
143 546 21 43.478
144 193 47 82.036
145 553 33 94.972
146 1132 20 53.299
147 966 32 72.787
148 241 57 48.811
149 1067 57 72.69
150 1198 32 59.004
151 1205 18 38.467
152 1006 60 89.937
153 331 57 14.153
154 313 9 42.936
155 436 36 45.52
156 583 50 48.351
157 135 48 20.124
158 380 18 62.086
159 900 51 12.606
160 21 54 11.529
161 690 40 93.627
162 202 38 0.518
163 954 31 82.467
164 119 2 2.353
165 779 4 22.697
166 474 7 93.1
167 1316 58 83.624
168 215 25 57.347
169 276 31 69.139
170 438 50 91.979
171 50 57 28.318
172 200 9 35.848
173 754 49 36.786
174 607 10 30.023
175 1016 35 22.37
