200
1 402 38 10
2 687 33 78
3 620 13 22
4 1036 45 7
5 117 60 71
6 1317 38 47
7 506 37 46
8 1315 40 20
9 166 6 44
10 499 11 96
11 433 45 85
12 811 53 97
13 881 16 61
14 775 11 28
15 847 29 23
16 1109 45 85
17 1100 37 11
18 350 9 28
19 292 49 54
20 303 50 3
21 87 59 51
22 911 7 12
23 1437 45 99
24 1232 46 40
25 219 6 97
26 1052 16 37
27 173 47 64
28 813 24 52
29 756 19 49
30 779 45 30
31 580 17 44
32 1389 58 1
33 304 15 26
34 351 60 59
35 197 59 60
36 262 12 30
37 1096 30 79
38 885 56 11
39 162 55 64
40 1216 31 3
41 456 37 87
42 66 54 45
43 540 58 36
44 548 25 91
45 1028 46 13
46 1234 23 75
47 1163 5 58
48 305 28 45
49 453 11 32
50 758 20 86
51 248 25 27
52 1056 48 64
53 190 23 21
54 877 25 19
55 223 28 87
56 643 35 84
57 117 7 37
58 822 28 98
59 449 35 28
60 192 7 62
61 184 15 50
62 837 18 71
63 263 44 12
64 766 22 23
65 676 1 17
66 819 34 60
67 1438 58 75
68 195 21 3
69 1327 58 15
70 884 14 9
71 563 57 13
72 177 40 38
73 233 35 79
74 1314 56 81
75 588 3 55
76 79 55 2
77 999 43 74
78 1106 33 89
79 1105 36 48
80 371 48 28
81 237 22 19
82 357 1 85
83 482 55 34
84 741 17 79
85 486 27 52
86 1322 9 68
87 771 23 47
88 636 5 50
89 1010 52 30
90 930 20 59
91 564 2 76
92 647 48 42
93 502 21 17
94 1123 34 50
95 774 27 84
96 723 60 48
97 360 17 2
98 66 44 51
99 408 23 28
100 1254 23 37
101 1182 44 90
102 1089 51 93
103 908 47 26
104 1156 55 5
105 811 59 69
106 984 48 76
107 1243 43 59
108 496 53 16
109 451 5 26
110 286 29 15
111 541 26 76
112 502 5 81
113 786 1 75
114 1380 49 34
115 779 58 74
116 1436 41 62
117 278 15 10
118 359 10 82
119 201 21 48
120 670 55 85
121 1428 47 66
122 506 11 94
123 117 20 39
124 1167 55 18
125 404 13 91
126 313 51 6
127 747 44 42
128 804 19 43
129 681 52 23
130 1081 13 34
131 1138 12 33
132 298 30 21
133 400 1 38
134 673 43 83
135 564 19 22
136 663 54 94
137 1193 33 40
138 354 48 42
139 1006 13 68
140 1400 48 75
141 155 8 84
142 765 32 48
143 366 15 97
144 1067 51 59
145 589 57 46
146 926 32 75
147 1385 46 40
148 701 28 83
149 123 57 82
150 91 24 69
151 45 37 82
152 874 52 24
153 769 44 58
154 1029 7 60
155 1268 37 31
156 228 38 18
157 763 9 62
158 1390 42 7
159 1205 54 39
160 1110 45 21
161 943 47 31
162 1274 17 50
163 872 37 73
164 1241 16 51
165 615 4 89
166 561 33 77
167 1323 37 93
168 58 53 84
169 482 33 6
170 121 60 18
171 468 55 60
172 863 38 57
173 1418 22 97
174 37 34 26
175 1278 18 84
176 821 13 77
177 348 12 26
178 1094 36 97
179 1369 37 14
180 1404 21 73
181 647 45 61
182 1416 3 51
183 939 12 29
184 142 40 83
185 587 36 26
186 891 10 55
187 316 16 16
188 850 20 90
189 277 46 29
190 980 24 83
191 252 24 75
192 1004 44 8
193 1070 52 95
194 163 36 6
195 476 9 82
196 1259 33 8
197 1245 26 55
198 996 49 63
199 1158 15 34
200 375 16 46
