199
1 1040 13 50
2 1340 35 94
3 40 56 37
4 862 43 80
5 1092 7 61
6 385 22 17
7 392 1 64
8 297 21 52
9 182 35 70
10 1079 33 26
11 706 4 97
12 459 35 48
13 1067 28 29
14 1127 52 74
15 221 51 87
16 286 49 70
17 86 38 63
18 274 24 13
19 793 34 14
20 1240 21 1
21 948 8 84
22 1140 17 45
23 1125 42 98
24 1046 55 80
25 904 7 29
26 999 46 62
27 258 19 21
28 1340 21 72
29 758 59 72
30 1268 7 32
31 760 5 65
32 1192 28 92
33 484 8 13
34 1266 20 15
35 1064 29 55
36 827 52 68
37 554 15 61
38 1318 41 44
39 964 23 28
40 805 16 78
41 1208 42 80
42 1389 45 55
43 1074 10 81
44 1385 11 52
45 279 16 69
46 561 6 21
47 1201 55 6
48 1148 53 32
49 448 12 2
50 390 14 40
51 1272 4 18
52 208 24 58
53 1147 18 84
54 206 4 63
55 263 48 71
56 647 38 7
57 799 26 40
58 582 59 96
59 353 58 98
60 498 34 49
61 256 28 39
62 1388 45 15
63 657 9 78
64 594 37 58
65 82 46 26
66 284 39 76
67 1237 33 63
68 335 23 88
69 288 6 29
70 523 39 45
71 1084 17 5
72 809 37 16
73 1166 35 46
74 1070 59 9
75 1386 12 30
76 646 52 31
77 220 58 8
78 765 5 26
79 401 2 28
80 282 7 15
81 107 59 35
82 442 13 90
83 1074 27 18
84 1042 26 66
85 1089 59 74
86 509 39 73
87 1404 32 69
88 235 56 99
89 955 15 28
90 1362 12 41
91 998 13 8
92 599 33 93
93 24 36 6
94 1035 12 10
95 919 50 4
96 597 18 13
97 1362 1 32
98 703 6 38
99 5 58 3
100 1399 44 34
101 598 21 14
102 483 54 76
103 1075 26 18
104 148 21 6
105 303 44 21
106 646 48 77
107 1356 29 98
108 842 4 36
109 912 43 75
110 326 20 22
111 49 20 69
112 219 9 10
113 1381 5 31
114 661 45 97
115 1203 55 21
116 815 42 36
117 768 6 97
118 952 15 90
119 271 45 21
120 157 16 68
121 1293 57 52
122 380 36 37
123 733 1 21
124 1332 22 29
125 820 21 25
126 144 22 52
127 1416 31 78
128 1223 9 10
129 1040 59 34
130 967 35 75
131 119 50 70
132 1068 59 48
133 1327 23 52
134 422 2 38
135 29 47 70
136 89 1 69
137 4 28 98
138 1254 55 4
139 962 7 41
140 315 21 63
141 850 8 81
142 791 4 1
143 732 43 1
144 200 5 10
145 1218 56 6
146 905 44 10
147 1239 19 7
148 1203 33 12
149 467 9 33
150 633 40 10
151 1318 43 82
152 83 52 72
153 54 8 87
154 731 8 57
155 1194 21 33
156 1002 29 40
157 546 9 24
158 344 14 28
159 1347 35 40
160 723 57 12
161 642 44 2
162 970 9 33
163 43 28 19
164 161 57 66
165 1222 40 95
166 194 59 82
167 1107 15 39
168 661 1 86
169 384 56 30
170 766 46 10
171 795 58 35
172 645 11 5
173 818 31 61
174 509 35 13
175 976 40 61
176 911 19 52
177 581 13 19
178 180 18 33
179 5 19 78
180 1224 21 59
181 623 45 89
182 1060 50 12
183 275 16 77
184 611 3 82
185 218 17 3
186 798 13 81
187 874 11 95
188 404 55 20
189 280 38 73
190 439 26 45
191 840 31 39
192 1248 51 76
193 625 6 16
194 554 33 90
195 77 8 30
196 1198 39 36
197 1395 59 26
198 978 24 74
199 1112 28 17
