175
1 903 31 2.839
2 240 22 3.7
3 16 9 99.1
4 186 9 97.4
5 1193 4 66.66
6 72 40 99.07
7 1376 11 51.565
8 1420 60 43.46
9 172 10 51.53
10 202 54 6.901
11 727 35 75.96
12 485 5 30.517
13 36 46 69.81
14 64 21 90.95
15 33 11 21.96
16 709 1 50.44
17 1328 43 65.314
18 1277 44 81.095
19 992 4 68.27
20 1262 41 33.11
21 950 6 56.4
22 305 49 16.25
23 187 51 49.9
24 375 10 94.0
25 235 59 95.02
26 30 14 14.0
27 1031 3 53.2
28 997 28 62.0
29 512 26 14.554
30 133 48 94.898
31 1367 21 24.33
32 1109 14 16.426
33 955 53 50.643
34 141 44 50.5
35 1232 25 77.34
36 1383 60 85.32
37 183 56 32.7
38 1055 59 70.822
39 1186 18 56.17
40 95 35 53.5
41 553 41 59.92
42 1140 59 44.634
43 130 20 37.2
44 1321 28 93.0
45 620 21 76.3
46 986 44 67.587
47 728 37 88.63
48 546 55 60.404
49 511 10 7.09
50 1343 54 22.79
51 410 35 80.3
52 929 6 34.619
53 1086 49 93.96
54 1363 17 68.905
55 40 18 37.98
56 1041 27 49.279
57 145 26 5.246
58 12 55 44.81
59 684 37 8.019
60 295 18 29.317
61 969 34 92.9
62 1347 8 14.79
63 773 45 67.7
64 343 25 65.079
65 111 18 69.3
66 157 14 79.4
67 1204 20 86.4
68 1017 46 35.66
69 336 54 37.14
70 155 38 17.4
71 1142 26 63.942
72 441 4 21.2
73 296 23 19.65
74 56 57 99.0
75 710 54 62.04
76 228 29 73.064
77 1085 15 50.19
78 290 50 13.251
79 1374 32 91.0
80 626 11 65.12
81 931 25 4.95
82 82 20 91.398
83 853 1 46.8
84 567 5 59.78
85 1357 31 37.18
86 83 26 39.7
87 364 20 77.8
88 557 28 23.42
89 317 54 0.9
90 615 44 31.28
91 317 53 98.5
92 952 31 12.0
93 85 12 59.99
94 1154 26 86.5
95 791 41 53.399
96 716 31 59.356
97 1016 11 53.72
98 700 19 32.2
99 1194 38 36.29
100 959 24 92.7
101 975 42 71.2
102 93 39 64.268
103 965 23 45.687
104 1219 14 91.1
105 349 11 87.7
106 901 34 96.71
107 1064 60 54.356
108 897 37 40.861
109 606 30 19.173
110 564 52 27.34
111 254 43 86.769
112 381 31 17.4
113 853 43 94.595
114 894 2 58.64
115 245 52 84.7
116 1086 51 53.012
117 212 47 75.5
118 994 30 58.721
119 772 43 82.8
120 1345 52 51.4
121 524 7 72.42
122 1313 2 80.35
123 393 24 37.3
124 708 51 10.259
125 222 31 67.5
126 1440 5 85.03
127 1434 59 83.4
128 322 9 12.7
129 1189 57 78.44
130 552 58 48.81
131 318 58 54.635
132 663 38 13.185
133 915 22 76.965
134 145 23 23.9
135 161 49 69.85
136 810 49 33.531
137 439 19 95.66
138 98 20 71.15
139 587 44 35.5
140 78 44 54.8
141 450 38 18.84
142 1038 22 47.293
143 180 37 93.1
144 1433 19 92.9
145 650 37 31.95
146 626 13 44.158
147 944 33 52.487
148 136 53 53.9
149 1199 48 98.96
150 528 18 8.588
151 150 5 19.7
152 1411 35 60.77
153 874 45 33.59
154 414 39 37.8
155 208 14 69.5
156 813 22 19.96
157 399 33 2.94
158 942 22 97.1
159 1026 59 31.6
160 484 21 10.0
161 740 30 5.6
162 421 18 67.964
163 1055 6 42.4
164 1439 49 33.996
165 863 34 97.97
166 358 38 93.0
167 1198 38 71.477
168 417 36 90.3
169 619 8 16.6
170 124 53 97.242
171 722 16 0.89
172 1095 17 59.7
173 314 24 92.1
174 1024 9 90.99
175 1125 56 70.382
