180
1 1214 9 12
2 211 60 70
3 710 5 50
4 1140 38 64
5 274 40 59
6 1237 9 30
7 706 39 1
8 761 12 16
9 948 16 97
10 697 26 82
11 1291 15 26
12 1080 10 62
13 18 12 15
14 238 12 68
15 143 28 2
16 1101 37 70
17 618 2 4
18 1058 57 89
19 159 40 49
20 1034 55 47
21 855 56 58
22 251 54 96
23 611 48 70
24 1430 49 67
25 1182 55 94
26 605 46 68
27 430 32 60
28 503 30 23
29 1305 13 13
30 1300 41 1
31 484 4 42
32 50 21 44
33 723 25 9
34 695 2 57
35 56 44 40
36 571 55 11
37 1036 31 90
38 157 59 89
39 131 36 74
40 518 58 31
41 1126 58 1
42 1278 52 86
43 358 15 53
44 479 3 80
45 1074 57 95
46 362 19 48
47 986 54 26
48 302 29 50
49 770 31 49
50 672 24 25
51 824 51 13
52 1272 54 47
53 1426 6 56
54 785 33 50
55 873 23 55
56 330 59 62
57 1085 60 27
58 915 10 90
59 54 34 25
60 405 46 76
61 1071 31 60
62 911 36 63
63 704 31 92
64 256 16 40
65 1078 42 97
66 1279 47 29
67 21 53 50
68 29 25 1
69 288 31 30
70 820 30 55
71 1142 32 91
72 118 4 28
73 123 31 39
74 932 11 4
75 444 50 78
76 866 33 81
77 567 23 96
78 852 13 58
79 667 14 77
80 1050 35 49
81 39 4 37
82 571 31 4
83 39 22 34
84 1254 21 28
85 913 7 9
86 473 28 65
87 114 21 17
88 1052 57 82
89 88 38 40
90 1361 48 46
91 1224 51 80
92 373 4 51
93 590 10 90
94 522 49 36
95 627 15 52
96 1101 11 8
97 224 45 60
98 1227 55 50
99 648 55 4
100 1393 50 71
101 700 15 60
102 1180 13 6
103 327 56 68
104 1118 41 35
105 1129 8 62
106 772 18 74
107 634 12 51
108 389 50 58
109 158 7 83
110 306 44 19
111 838 28 61
112 1396 51 39
113 1299 28 87
114 516 53 99
115 865 12 25
116 291 49 11
117 623 38 98
118 305 18 41
119 607 39 94
120 96 11 85
121 490 35 46
122 247 47 48
123 703 48 17
124 408 47 69
125 1149 19 70
126 540 41 80
127 75 18 12
128 359 34 34
129 1429 59 41
130 878 28 13
131 299 10 30
132 352 12 59
133 175 41 74
134 1055 58 78
135 936 15 12
136 668 1 42
137 1037 42 68
138 692 37 40
139 1394 10 86
140 254 20 77
141 566 51 86
142 108 30 25
143 748 2 95
144 495 47 84
145 92 21 13
146 1440 5 8
147 358 30 86
148 1326 44 8
149 805 60 70
150 350 20 44
151 1245 54 13
152 933 55 4
153 546 3 3
154 1121 8 36
155 1145 52 94
156 988 15 76
157 1426 55 56
158 1210 57 71
159 738 33 54
160 1256 25 57
161 647 57 14
162 388 23 92
163 272 30 86
164 1118 21 12
165 495 44 96
166 377 11 59
167 384 51 99
168 1209 4 69
169 743 32 90
170 938 26 97
171 552 26 89
172 1207 26 46
173 1364 35 99
174 356 43 27
175 357 2 60
176 588 20 8
177 236 58 15
178 1229 14 53
179 468 59 45
180 635 46 46
