200
1 1 46 1
2 1 56 55
3 1 23 69
4 1 33 40
5 1 1 82
6 1 42 31
7 1 5 19
8 1 44 9
9 1 12 42
10 1 21 40
11 1 59 44
12 1 1 87
13 1 4 54
14 1 57 86
15 1 13 97
16 1 16 44
17 1 43 99
18 1 21 96
19 1 41 4
20 1 40 10
21 1 34 96
22 1 22 19
23 1 53 39
24 1 19 3
25 1 29 13
26 1 37 69
27 1 12 20
28 1 8 83
29 1 35 59
30 1 24 38
31 1 25 55
32 1 1 39
33 1 50 61
34 1 10 28
35 1 31 91
36 1 28 8
37 1 57 3
38 1 49 72
39 1 54 61
40 1 26 55
41 1 24 11
42 1 42 22
43 1 55 84
44 1 6 57
45 1 2 23
46 1 20 58
47 1 11 82
48 1 6 10
49 1 2 91
50 1 38 90
51 1 60 88
52 1 3 28
53 1 12 81
54 1 30 67
55 1 30 42
56 1 45 96
57 1 16 30
58 1 9 63
59 1 47 56
60 1 11 60
61 1 1 43
62 1 7 11
63 1 17 5
64 1 41 73
65 1 51 54
66 1 44 45
67 1 56 47
68 1 56 32
69 1 34 31
70 1 43 33
71 1 22 8
72 1 58 57
73 1 14 96
74 1 57 79
75 1 30 87
76 1 41 49
77 1 37 15
78 1 9 17
79 1 34 33
80 1 32 89
81 1 1 94
82 1 21 77
83 1 43 15
84 1 22 67
85 1 21 51
86 1 28 29
87 1 41 18
88 1 8 22
89 1 60 92
90 1 13 8
91 1 6 13
92 1 58 69
93 1 2 15
94 1 22 26
95 1 35 64
96 1 9 14
97 1 60 50
98 1 26 48
99 1 24 34
100 1 22 52
101 600 59 46
102 600 9 84
103 600 45 40
104 600 48 18
105 600 14 6
106 600 48 94
107 600 7 32
108 600 27 17
109 600 55 89
110 600 6 12
111 600 51 78
112 600 14 23
113 600 5 1
114 600 60 2
115 600 56 38
116 600 12 8
117 600 3 1
118 600 14 77
119 600 54 1
120 600 11 22
121 600 58 97
122 600 54 32
123 600 37 63
124 600 16 30
125 600 55 41
126 600 51 67
127 600 8 89
128 600 7 80
129 600 10 27
130 600 22 76
131 600 32 89
132 600 19 88
133 600 21 13
134 600 13 29
135 600 27 56
136 600 53 94
137 600 15 4
138 600 29 1
139 600 4 9
140 600 55 10
141 600 29 1
142 600 40 23
143 600 51 48
144 600 21 46
145 600 37 11
146 600 22 1
147 600 45 76
148 600 7 36
149 600 25 1
150 600 7 70
151 600 44 56
152 600 33 54
153 600 45 95
154 600 17 84
155 600 45 3
156 600 6 75
157 600 44 87
158 600 49 84
159 600 30 38
160 600 35 51
161 600 25 48
162 600 51 70
163 600 45 32
164 600 29 61
165 600 58 69
166 600 7 20
167 600 33 33
168 600 45 11
169 600 10 58
170 600 59 12
171 600 12 12
172 600 59 22
173 600 41 70
174 600 42 18
175 600 9 57
176 600 31 58
177 600 29 62
178 600 57 5
179 600 36 39
180 600 43 93
181 600 57 68
182 600 9 55
183 600 27 69
184 600 46 71
185 600 45 90
186 600 24 70
187 600 4 2
188 600 19 64
189 600 41 46
190 600 16 17
191 600 20 74
192 600 4 1
193 600 46 40
194 600 56 82
195 600 59 27
196 600 35 22
197 600 16 32
198 600 33 57
199 600 31 2
200 600 33 13
