170
1 385 7 45.8
2 20 2 13
3 780 20 40.3
4 239 45 98
5 395 18 47.23
6 200 17 94
7 1002 32 45
8 101 23 12
9 13 15 18
10 182 10 89
11 412 38 34
12 819 32 76
13 201 36 27
14 205 33 78
15 96 15 56
16 433 39 3.08
17 1011 25 23
18 1235 25 35
19 1211 27 33
20 45 27 57
21 333 12 55
22 753 19 89
23 585 11 24
24 1233 17 37
25 764 48 28
26 888 58 89
27 832 21 25
28 223 54 56
29 228 27 12
30 846 34 28
31 137 27 47
32 343 29 35
33 365 35 89
34 243 12 29
35 734 26 20
36 753 21 55
37 854 38 10.673
38 494 37 28
39 104 28 25
40 757 37 48
41 185 38 28
42 1304 28 18
43 777 49 29
44 587 32 26
45 661 49 29
46 163 37 38
47 908 25 49
48 505 55 29
49 205 32 89
50 41 39 29.5
51 222 50 52
52 1111 48 93
53 298 22 83
54 456 49 72
55 386 23 29
56 533 14 49
57 125 41 37
58 832 32 83
59 978 25 93
60 593 32 83
61 1011 32 93
62 623 42 84
63 427 22 48
64 468 46 58
65 131 29 28
66 809 23 83
67 810 56 83
68 387 33 49
69 809 27 64
70 452 49 28
71 689 44 51
72 433 25 68
73 999 22 84
74 555 25 62
75 974 13 68
76 666 48 79
77 888 28 28
78 956 28 69
79 744 46 52
80 644 22 95
81 989 44 22
82 438 40 98
83 777 42 28
84 101 49 30
85 1031 26 54
86 264 36 12
87 694 58 37
88 756 52 47
89 890 43 5
90 568 48 7
91 1011 44 4
92 1101 48 8
93 1145 44 9
94 1289 26 33
95 1293 22 33.563
96 1009 28 35.111
97 864 55 63.4
98 987 47 6
99 864 29 5
100 984 36 3
101 973 26 8
102 963 27 3
103 568 32 1
104 444 46 33
105 567 21 64
106 1144 53 75
107 45 21 32
108 679 29 67
109 986 44 65
110 888 28 3
111 999 26 11
112 444 27 35.65
113 666 38 36.098
114 789 20 2
115 457 58 21
116 896 28 24
117 378 42 58
118 746 28 32
119 1099 27 49.908
120 1198 48 36
121 1155 37 3
122 1069 59 6
123 1333 26 8
124 547 32 42
125 789 25 33
126 368 55 86
127 568 27 21
128 896 27 86
129 685 33 32
130 696 11 89
131 863 41 42
132 549 27 33
133 73 47 3
134 593 48 7
135 603 26 2
136 605 42 1
137 503 47 33
138 697 26 44
139 205 25 64.754
140 985 8 32.2
141 396 9 5.089
142 988 2 32
143 1038 6 11
144 1284 3 33
145 658 8 3
146 1093 8 5
147 1321 29 7
148 594 11 22
149 694 41 62
150 301 21 35.753
151 391 39 60.222
152 592 28 68
153 958 24 75
154 79 37 63
155 983 28 68
156 982 56 65
157 844 22 56.42
158 160 42 21
159 333 11 22
160 394 27 21
161 204 22 36
162 898 34 25
163 777 26 55
164 249 39 32
165 989 25 21
166 295 21 36.8
167 888 53 13
168 31 2 1
169 120 10 6
170 999 33 9.999
