200
1 1376 46 28.572
2 53 31 22.035
3 707 56 25.736
4 502 24 16.915
5 676 16 33.193
6 1314 29 44.037
7 408 52 49.455
8 1353 57 10.039
9 990 59 93.68
10 944 10 37.187
11 367 36 53.331
12 1126 55 33.367
13 1402 18 32.585
14 438 57 1.171
15 1044 1 55.17
16 1350 8 21.864
17 813 38 71.534
18 1060 60 58.926
19 1327 20 70.554
20 118 29 84.034
21 497 44 37.971
22 227 3 83.229
23 718 36 24.633
24 13 26 99.11
25 597 51 27.625
26 435 17 54.635
27 680 9 94.597
28 68 4 80.637
29 1047 58 2.087
30 169 14 49.856
31 1207 50 38.63
32 24 2 40.025
33 525 57 49.22
34 771 44 76.565
35 634 11 82.392
36 1215 12 40.577
37 840 57 26.396
38 232 40 80.102
39 995 14 4.703
40 661 34 48.017
41 1364 21 47.238
42 1181 60 98.209
43 1311 14 83.668
44 516 47 7.049
45 565 34 83.413
46 1105 23 35.101
47 1176 40 14.566
48 308 6 13.84
49 1289 52 65.268
50 714 39 15.572
51 792 10 92.246
52 979 34 55.602
53 564 54 10.0
54 650 40 79.553
55 634 15 81.622
56 909 18 57.704
57 719 54 85.443
58 1389 8 87.072
59 611 9 18.488
60 1 3 39.481
61 913 2 5.576
62 393 31 94.291
63 971 38 86.674
64 833 45 43.342
65 560 21 25.172
66 97 18 45.337
67 417 10 17.108
68 538 52 94.033
69 1394 41 87.914
70 699 8 87.655
71 1255 42 84.182
72 1030 50 19.89
73 200 38 76.912
74 281 10 98.159
75 1365 52 42.054
76 1370 47 87.584
77 1164 48 28.205
78 649 32 98.113
79 276 24 67.393
80 1355 9 98.817
81 571 58 18.965
82 1087 24 45.62
83 1126 40 19.119
84 87 52 33.448
85 1282 37 74.435
86 1041 36 83.109
87 336 16 73.819
88 582 30 2.002
89 547 45 43.234
90 177 49 97.544
91 1078 6 87.675
92 990 20 74.85
93 966 24 21.574
94 983 54 5.792
95 235 27 88.025
96 439 41 91.049
97 65 44 1.749
98 387 21 8.204
99 224 47 63.125
100 80 21 48.93
101 406 43 61.916
102 1263 57 1.413
103 328 45 9.83
104 711 20 49.831
105 210 46 84.623
106 720 15 92.313
107 1422 46 92.559
108 390 26 46.243
109 573 14 4.064
110 452 2 50.821
111 120 17 47.135
112 176 7 38.918
113 948 19 74.949
114 38 31 9.338
115 342 51 48.729
116 535 34 76.861
117 922 19 39.288
118 360 55 34.504
119 535 10 67.614
120 331 35 42.679
121 1392 12 85.24
122 1295 49 32.606
123 200 27 42.763
124 1223 18 37.689
125 1160 22 93.383
126 326 42 2.507
127 271 29 11.538
128 760 31 89.617
129 903 38 65.99
130 1367 5 73.17
131 1273 6 95.081
132 863 45 70.965
133 290 20 53.729
134 830 53 19.321
135 916 15 7.819
136 421 50 32.438
137 582 7 24.714
138 20 32 20.55
139 270 32 24.394
140 548 31 39.886
141 347 42 28.043
142 745 51 42.62
143 25 58 44.172
144 1261 5 46.315
145 830 50 94.874
146 551 6 20.36
147 1211 37 5.191
148 499 33 35.849
149 1413 43 70.29
150 1302 30 6.258
151 181 20 44.621
152 536 17 28.481
153 1229 5 2.286
154 963 43 71.261
155 257 60 37.966
156 645 55 26.815
157 678 7 34.259
158 1416 15 58.124
159 26 14 26.381
160 906 37 47.563
161 1183 1 80.055
162 1295 26 5.626
163 343 5 82.76
164 1095 26 62.285
165 38 38 25.289
166 484 59 88.545
167 252 14 73.395
168 405 13 81.747
169 709 2 98.959
170 833 53 34.511
171 164 7 62.153
172 1308 15 62.755
173 1037 56 32.67
174 653 16 21.442
175 1351 57 70.779
176 997 30 54.694
177 120 3 29.302
178 486 55 76.17
179 1130 55 62.031
180 549 10 9.989
181 129 51 34.764
182 1199 44 2.589
183 540 15 9.229
184 493 22 32.444
185 871 35 49.557
186 1218 23 64.055
187 603 8 22.282
188 198 19 10.781
189 244 58 17.449
190 566 15 83.112
191 585 19 36.064
192 282 39 79.921
193 1046 15 30.792
194 629 2 17.677
195 1341 18 34.604
196 485 41 15.652
197 923 3 90.69
198 1085 56 70.507
199 794 28 37.473
200 1264 5 17.502