200
1 815 37 65
2 1201 10 23
3 886 13 96
4 1022 8 13
5 141 10 89
6 1357 47 11
7 637 51 26
8 1194 35 67
9 779 60 47
10 664 48 27
11 1067 54 17
12 827 6 20
13 790 25 46
14 1033 28 85
15 588 50 24
16 30 23 44
17 737 48 3
18 1376 28 90
19 1299 13 30
20 1089 46 47
21 266 18 82
22 525 34 7
23 502 31 60
24 1110 46 19
25 777 43 13
26 402 9 47
27 1329 31 34
28 909 19 10
29 114 57 75
30 1435 18 43
31 1337 42 30
32 1379 35 57
33 1411 6 40
34 294 40 39
35 1261 19 60
36 1432 28 77
37 692 8 86
38 1406 26 90
39 166 43 59
40 1293 27 21
41 612 7 66
42 1260 29 58
43 71 14 21
44 432 51 44
45 1253 44 82
46 1407 14 15
47 110 15 48
48 1168 29 99
49 717 34 29
50 423 6 55
51 1154 48 16
52 1334 51 57
53 592 17 6
54 728 51 85
55 1307 9 15
56 140 32 68
57 658 47 94
58 965 22 1
59 252 25 28
60 310 10 90
61 712 58 43
62 391 34 83
63 971 29 55
64 858 53 60
65 862 31 51
66 1120 1 37
67 511 52 53
68 477 42 76
69 553 2 78
70 244 23 85
71 245 50 36
72 1148 19 71
73 396 30 52
74 414 48 55
75 1042 4 17
76 1168 11 78
77 295 52 27
78 1106 35 75
79 323 4 21
80 1157 45 43
81 879 10 76
82 606 13 63
83 1336 31 32
84 972 44 93
85 1077 24 80
86 320 45 2
87 87 3 9
88 459 25 25
89 1350 50 7
90 1199 50 29
91 1297 15 82
92 1125 29 23
93 1435 10 86
94 159 25 1
95 111 41 88
96 976 4 30
97 23 20 9
98 619 38 96
99 1034 22 81
100 1190 38 87
101 1225 32 28
102 402 16 85
103 336 27 3
104 391 9 47
105 678 54 38
106 1336 11 7
107 147 14 4
108 1341 24 9
109 1110 36 67
110 92 4 31
111 536 34 40
112 507 33 44
113 663 13 29
114 1311 11 57
115 46 16 3
116 664 28 88
117 1152 26 68
118 1382 5 5
119 58 23 18
120 751 14 90
121 863 3 30
122 1107 49 14
123 1001 33 27
124 903 58 32
125 181 33 79
126 169 54 92
127 886 3 67
128 557 31 35
129 637 1 6
130 1320 15 8
131 60 36 45
132 60 53 85
133 118 31 10
134 1076 11 13
135 402 17 45
136 518 49 11
137 1134 51 3
138 715 55 52
139 1099 18 49
140 937 45 85
141 346 60 65
142 488 28 40
143 220 15 37
144 1363 18 97
145 264 2 9
146 725 55 70
147 1434 42 12
148 554 51 61
149 223 59 16
150 1244 6 48
151 19 41 87
152 551 31 19
153 901 39 69
154 1377 11 8
155 618 7 6
156 586 12 80
157 1184 42 31
158 707 5 11
159 1192 37 60
160 403 46 79
161 329 14 53
162 188 39 76
163 974 21 87
164 740 16 1
165 397 33 55
166 730 28 17
167 994 8 10
168 620 7 33
169 459 58 50
170 120 9 63
171 1018 38 70
172 694 6 8
173 335 3 51
174 280 39 81
175 1044 24 33
176 877 31 30
177 953 57 89
178 1379 12 59
179 846 41 69
180 196 54 95
181 251 55 63
182 1125 13 4
183 547 53 19
184 75 4 15
185 443 10 69
186 27 34 23
187 448 33 30
188 920 21 74
189 1392 9 94
190 990 21 92
191 616 25 60
192 681 8 77
193 100 17 38
194 1368 48 44
195 45 10 32
196 346 57 68
197 1242 32 68
198 1165 34 31
199 357 3 21
200 1392 42 59