200
1 124 36 15.023
2 764 34 94.876
3 412 44 69.487
4 1265 57 62.068
5 1404 40 75.093
6 577 37 56.089
7 845 12 66.803
8 1189 20 23.493
9 103 23 49.113
10 562 2 46.554
11 1309 4 41.872
12 608 52 51.875
13 937 32 23.886
14 241 16 47.766
15 134 18 0.974
16 255 58 9.002
17 55 7 59.396
18 1419 11 99.594
19 1032 5 0.865
20 1055 22 39.406
21 1339 56 53.846
22 1039 58 68.446
23 910 24 31.563
24 874 29 83.286
25 1199 10 41.017
26 480 23 42.786
27 811 36 47.845
28 357 48 60.508
29 578 36 89.417
30 298 32 95.998
31 606 13 65.681
32 1258 52 94.856
33 1178 1 93.053
34 22 10 64.976
35 579 47 9.305
36 438 10 61.075
37 51 59 33.549
38 1390 8 46.822
39 132 52 5.504
40 313 16 39.034
41 415 2 62.921
42 414 38 42.236
43 1281 4 8.964
44 519 51 50.634
45 199 28 15.703
46 917 17 7.654
47 1020 7 10.390
48 1250 44 52.662
49 208 60 2.156
50 334 54 48.962
51 354 52 9.652
52 396 3 20.510
53 442 5 78.489
54 837 38 4.766
55 214 50 81.344
56 1266 20 20.014
57 749 9 4.707
58 944 44 70.560
59 1062 13 4.173
60 971 40 37.074
61 930 60 6.964
62 636 53 62.166
63 1174 18 45.963
64 336 33 66.205
65 964 59 37.818
66 860 40 63.137
67 469 26 60.636
68 145 22 38.864
69 1324 40 47.541
70 1157 39 57.054
71 186 29 78.783
72 508 58 61.011
73 235 17 43.317
74 129 3 38.007
75 1413 11 64.982
76 695 28 94.534
77 848 51 14.782
78 779 47 65.752
79 758 5 79.629
80 1230 35 86.370
81 903 1 0.618
82 697 14 85.527
83 790 27 8.992
84 488 12 72.394
85 576 58 55.705
86 359 10 33.399
87 1424 55 85.017
88 703 35 18.633
89 720 27 46.953
90 1285 9 39.364
91 981 49 50.556
92 704 35 9.510
93 110 55 35.080
94 264 9 5.000
95 163 35 51.921
96 649 60 10.543
97 777 32 1.648
98 1418 40 43.948
99 563 1 99.165
100 999 41 84.497
101 1342 27 3.691
102 523 24 61.272
103 716 59 58.087
104 1380 32 57.124
105 1353 26 13.777
106 855 31 95.469
107 44 49 24.010
108 202 7 60.545
109 786 13 68.140
110 908 51 72.653
111 1438 31 24.113
112 985 42 45.120
113 1024 39 34.380
114 695 44 91.751
115 879 53 8.336
116 613 45 19.671
117 21 59 50.245
118 100 28 43.621
119 436 17 90.288
120 36 15 65.660
121 465 58 75.585
122 760 18 16.075
123 601 30 22.548
124 216 56 64.587
125 859 2 45.748
126 461 60 95.736
127 1180 46 42.142
128 120 8 63.378
129 26 28 14.819
130 898 12 46.208
131 1028 41 38.194
132 321 32 95.925
133 799 44 53.528
134 663 54 59.602
135 383 13 84.626
136 307 50 57.496
137 250 27 83.129
138 635 24 16.348
139 518 6 61.443
140 1029 39 10.872
141 880 15 27.199
142 1327 31 80.041
143 554 1 17.755
144 459 43 25.728
145 748 20 79.182
146 660 58 73.830
147 27 44 30.674
148 669 39 48.559
149 791 9 77.478
150 157 2 24.853
151 1408 4 87.889
152 916 57 82.761
153 1377 29 78.941
154 677 6 5.290
155 836 58 48.923
156 1189 1 83.252
157 872 40 30.595
158 838 35 4.291
159 870 35 31.406
160 237 31 71.908
161 828 45 37.544
162 332 37 6.105
163 977 9 58.867
164 700 57 45.715
165 1322 20 56.485
166 1193 24 94.908
167 1142 11 87.753
168 1313 23 5.807
169 158 7 66.196
170 184 21 81.692
171 801 58 41.205
172 591 50 6.641
173 406 8 11.607
174 810 59 22.893
175 78 59 61.589
176 353 58 38.605
177 505 15 76.925
178 385 9 76.350
179 752 33 63.000
180 587 41 99.502
181 1344 7 80.689
182 1135 23 90.022
183 1037 7 0.572
184 599 16 63.965
185 230 56 89.799
186 591 43 73.803
187 504 56 39.160
188 807 55 58.593
189 1360 7 9.719
190 849 11 65.976
191 1298 43 27.381
192 1033 14 93.783
193 888 54 27.962
194 427 41 56.637
195 532 44 43.206
196 926 14 92.126
197 1101 33 67.221
198 421 51 15.832
199 270 1 14.506
200 839 39 80.499
