190
1 42 23 45.072
2 566 33 47.593
3 452 20 47.002
4 38 47 68.518
5 1069 19 22.004
6 1089 40 54.463
7 606 36 47.139
8 141 15 69.885
9 1107 39 91.699
10 1440 46 69.181
11 171 30 42.52
12 1405 35 72.084
13 1185 59 21.352
14 1404 9 57.005
15 1294 51 23.812
16 11 40 57.1
17 1246 16 37.906
18 489 55 55.945
19 996 26 97.873
20 502 19 6.604
21 18 27 8.878
22 1107 9 87.527
23 642 10 60.258
24 477 15 2.064
25 310 58 13.214
26 1284 13 98.3
27 729 53 33.709
28 798 2 59.072
29 169 49 37.647
30 55 52 60.723
31 1311 30 26.954
32 713 58 56.304
33 860 30 43.953
34 72 7 28.562
35 987 25 37.164
36 1110 40 48.754
37 1043 9 79.092
38 661 48 76.344
39 1171 27 25.413
40 261 47 65.318
41 837 58 82.38
42 765 30 57.515
43 1417 56 95.728
44 257 19 34.829
45 710 28 45.566
46 397 22 53.37
47 281 4 53.04
48 905 58 76.466
49 503 47 49.084
50 421 11 7.342
51 909 56 35.188
52 938 44 75.197
53 983 42 42.622
54 737 42 20.498
55 1112 14 98.419
56 826 18 13.744
57 163 42 84.796
58 103 18 28.63
59 583 4 89.802
60 27 2 91.286
61 56 45 35.579
62 1324 26 69.587
63 305 47 9.897
64 1268 36 9.179
65 946 57 85.09
66 193 56 14.514
67 1368 26 93.918
68 386 14 21.363
69 118 16 96.779
70 246 1 13.797
71 1255 16 83.306
72 690 8 88.476
73 1021 37 21.375
74 842 35 62.626
75 574 7 81.813
76 975 50 97.099
77 1402 1 47.775
78 1414 38 97.277
79 312 41 84.719
80 122 32 20.69
81 364 44 97.324
82 651 14 58.753
83 759 47 28.543
84 1176 43 48.756
85 1215 20 38.356
86 570 32 15.4
87 22 7 55.744
88 795 24 91.149
89 1105 56 63.47
90 926 15 66.255
91 222 24 56.774
92 195 47 87.802
93 565 50 8.049
94 563 22 32.3
95 1304 38 12.976
96 1172 21 34.473
97 1108 55 1.295
98 205 22 36.867
99 1030 29 98.3
100 474 60 2.45
101 1158 54 44.199
102 362 20 17.925
103 901 53 61.697
104 217 10 13.223
105 428 21 29.265
106 434 21 13.639
107 380 56 90.845
108 56 18 80.709
109 1141 17 75.654
110 16 52 87.339
111 710 57 91.546
112 412 50 58.072
113 748 24 3.487
114 1193 15 53.108
115 227 10 31.04
116 1349 27 87.696
117 1027 28 88.169
118 715 58 21.58
119 1124 60 42.761
120 685 39 30.586
121 328 25 70.99
122 1195 21 90.494
123 272 32 64.662
124 192 54 33.185
125 1179 53 96.238
126 523 35 78.952
127 714 60 8.964
128 1276 35 68.852
129 174 9 81.529
130 1025 12 26.157
131 984 13 16.75
132 372 30 30.676
133 250 39 86.539
134 323 48 64.141
135 218 29 19.189
136 909 32 66.019
137 1362 57 84.562
138 312 27 93.671
139 897 23 15.644
140 1365 3 10.584
141 244 3 31.262
142 1371 46 17.733
143 1411 39 75.118
144 803 22 5.735
145 439 38 1.659
146 760 13 88.467
147 634 3 67.707
148 865 15 55.723
149 424 34 92.371
150 1355 34 7.975
151 473 46 24.114
152 776 20 11.581
153 73 26 93.896
154 586 28 91.516
155 808 42 6.4
156 1370 40 39.712
157 552 47 65.655
158 46 24 33.036
159 209 56 21.785
160 1345 40 92.838
161 1326 8 72.324
162 1271 53 30.211
163 391 3 87.901
164 1073 36 20.27
165 336 27 16.112
166 460 17 74.256
167 1018 21 57.368
168 1392 26 84.959
169 370 14 68.229
170 907 47 32.091
171 762 46 88.022
172 399 8 24.581
173 120 8 74.32
174 634 38 72.859
175 1245 1 30.579
176 952 47 31.502
177 634 10 31.214
178 579 50 19.088
179 421 14 93.6
180 482 36 92.928
181 887 39 6.015
182 1273 23 72.318
183 131 1 45.835
184 910 17 45.289
185 1175 50 8.365
186 1171 10 28.058
187 568 54 31.772
188 987 22 96.549
189 88 15 92.798
190 442 23 47.218
