200
1 970 56 55
2 104 41 1
3 851 33 71
4 1046 1 98
5 1315 45 92
6 777 47 8
7 875 15 30
8 1176 28 18
9 953 7 31
10 1040 60 92
11 408 10 83
12 683 34 17
13 307 25 10
14 174 51 28
15 1315 20 98
16 1144 51 97
17 472 34 69
18 859 36 99
19 888 41 39
20 1102 36 21
21 794 31 26
22 87 2 3
23 765 44 27
24 768 1 88
25 41 54 91
26 703 26 42
27 297 32 42
28 742 52 51
29 1188 28 79
30 529 55 33
31 424 21 88
32 351 37 91
33 37 49 10
34 287 27 60
35 37 29 82
36 1331 13 45
37 331 23 80
38 808 60 95
39 803 17 27
40 789 18 53
41 998 48 64
42 1008 8 71
43 1209 55 15
44 224 1 21
45 665 4 58
46 45 16 7
47 1116 17 4
48 703 6 10
49 1181 48 52
50 1079 51 55
51 878 34 71
52 1316 36 75
53 674 28 79
54 547 21 25
55 1270 20 13
56 1246 10 73
57 1073 50 66
58 1113 38 48
59 622 15 60
60 644 28 30
61 1267 20 47
62 985 4 81
63 293 13 80
64 726 26 28
65 894 49 32
66 1147 19 32
67 1027 37 82
68 586 50 93
69 1132 32 62
70 1409 49 84
71 531 6 92
72 1115 42 21
73 542 41 10
74 590 24 36
75 1340 20 52
76 64 39 43
77 2 1 50
78 530 50 67
79 200 5 87
80 887 12 16
81 435 58 88
82 76 44 75
83 799 16 48
84 1255 13 42
85 1266 12 20
86 1003 26 36
87 1083 15 64
88 1317 59 37
89 1348 49 61
90 363 7 18
91 1023 45 97
92 295 19 13
93 886 59 28
94 442 15 94
95 905 25 6
96 591 2 14
97 192 11 33
98 691 3 85
99 1143 60 42
100 408 19 5
101 152 59 73
102 511 51 8
103 958 18 45
104 565 27 88
105 1422 21 26
106 134 60 40
107 1154 19 8
108 732 32 82
109 297 23 89
110 1042 33 81
111 733 22 3
112 1383 40 99
113 1154 2 75
114 1035 41 68
115 1390 35 91
116 33 44 80
117 389 34 63
118 758 1 29
119 1183 31 59
120 1221 7 1
121 155 59 4
122 564 12 2
123 683 54 64
124 1134 44 56
125 1256 52 3
126 609 52 50
127 456 34 94
128 922 57 6
129 571 31 5
130 1217 4 49
131 121 43 56
132 1350 30 69
133 1083 52 61
134 810 32 13
135 1123 54 36
136 645 27 47
137 1307 29 35
138 418 9 84
139 616 12 62
140 203 29 49
141 663 37 12
142 363 21 62
143 89 17 71
144 1370 2 88
145 110 30 33
146 1403 30 74
147 1067 43 36
148 109 54 83
149 912 58 50
150 1364 24 32
151 1424 59 9
152 56 38 41
153 895 14 13
154 1227 27 35
155 591 14 91
156 404 4 65
157 1425 50 82
158 776 20 1
159 653 30 5
160 299 9 91
161 747 20 23
162 1376 1 18
163 606 58 38
164 1083 12 62
165 944 38 21
166 1163 21 58
167 580 50 5
168 1332 28 14
169 246 8 28
170 1043 20 73
171 181 9 96
172 839 12 17
173 1418 7 18
174 155 43 35
175 232 30 40
176 1148 29 40
177 1303 12 57
178 770 6 75
179 1437 29 60
180 1071 21 17
181 585 56 88
182 424 46 6
183 1151 11 29
184 464 2 35
185 25 35 65
186 551 16 33
187 547 59 89
188 1087 28 69
189 54 58 47
190 778 38 40
191 562 12 28
192 828 30 95
193 748 2 97
194 945 3 90
195 165 54 32
196 1434 56 29
197 1095 36 10
198 1146 4 46
199 1190 58 50
200 1368 20 30
