200
1 1054 26 31.319
2 301 34 58.216
3 975 58 31.270
4 872 26 28.400
5 113 38 25.630
6 255 35 1.253
7 217 25 47.443
8 574 45 39.359
9 317 42 51.627
10 1032 17 40.965
11 939 50 63.893
12 992 19 30.609
13 334 48 94.356
14 1245 1 99.102
15 81 19 21.643
16 1334 8 45.167
17 1316 50 25.119
18 528 49 94.005
19 1246 56 9.972
20 552 58 32.472
21 1238 31 83.265
22 67 23 63.422
23 76 35 47.340
24 705 55 73.568
25 818 44 48.237
26 352 53 77.687
27 177 13 68.394
28 1439 26 18.754
29 1261 17 19.079
30 1307 36 43.508
31 823 52 73.281
32 1361 9 57.088
33 1154 14 50.444
34 49 54 66.619
35 866 29 93.891
36 502 13 74.984
37 973 48 24.723
38 572 10 86.081
39 959 51 73.167
40 434 6 61.454
41 814 14 3.627
42 62 4 3.415
43 977 34 54.913
44 708 45 10.610
45 476 32 44.282
46 1330 13 55.969
47 599 46 15.854
48 1128 3 60.437
49 1205 59 51.677
50 655 42 71.322
51 1006 35 8.062
52 1013 15 38.300
53 742 28 0.828
54 1353 21 16.410
55 361 23 23.110
56 1255 46 95.621
57 1179 38 94.006
58 1388 40 57.095
59 1142 51 16.876
60 936 58 26.548
61 379 3 15.356
62 1382 32 22.271
63 883 15 67.374
64 1137 25 98.131
65 1285 55 88.803
66 453 56 43.165
67 340 27 45.781
68 1166 30 75.601
69 372 30 32.948
70 1286 2 99.190
71 432 8 36.902
72 158 52 93.528
73 950 49 47.648
74 898 19 12.901
75 608 46 12.401
76 1181 46 4.864
77 1004 15 86.604
78 412 29 95.803
79 1235 52 58.640
80 633 26 61.615
81 1267 51 50.266
82 1439 41 52.449
83 690 59 22.933
84 1180 15 64.232
85 717 25 83.011
86 737 15 50.700
87 689 33 30.982
88 931 30 39.395
89 1059 49 29.444
90 1129 19 15.872
91 710 10 23.592
92 377 36 26.820
93 1050 20 18.567
94 32 40 83.294
95 1025 16 37.297
96 324 19 5.407
97 850 57 63.515
98 640 48 96.972
99 802 26 75.401
100 305 14 95.422
101 737 48 71.954
102 468 2 77.102
103 89 53 68.322
104 696 41 32.895
105 35 18 81.544
106 1279 31 47.159
107 724 4 62.430
108 775 33 9.399
109 1278 57 81.447
110 744 37 69.267
111 1328 37 44.535
112 962 55 99.487
113 546 44 96.395
114 295 8 30.039
115 429 10 18.608
116 699 45 14.839
117 826 55 66.832
118 1066 15 65.413
119 228 32 25.564
120 1113 58 54.840
121 512 48 19.109
122 897 42 39.328
123 332 2 10.411
124 1429 14 88.601
125 879 51 92.896
126 580 41 49.410
127 1128 5 43.688
128 20 33 85.947
129 225 37 62.725
130 206 24 95.907
131 1152 13 26.932
132 413 4 99.227
133 1375 2 86.968
134 1437 45 53.342
135 1031 44 10.876
136 975 45 83.948
137 566 52 44.632
138 1194 18 82.429
139 1052 38 77.099
140 1423 1 16.037
141 774 1 1.006
142 1370 35 60.762
143 1129 19 90.699
144 856 4 94.167
145 205 19 96.939
146 982 58 91.769
147 616 14 21.269
148 782 4 16.169
149 1007 42 66.305
150 1119 22 79.843
151 1212 14 30.279
152 355 36 42.479
153 82 38 77.828
154 982 40 83.916
155 620 47 45.820
156 223 16 24.769
157 39 32 23.323
158 743 53 88.363
159 1262 51 30.944
160 328 37 51.019
161 714 28 13.807
162 825 18 76.022
163 1235 29 64.518
164 591 32 71.491
165 1369 21 90.596
166 409 27 53.359
167 739 44 29.024
168 231 43 24.665
169 761 29 48.458
170 1026 10 12.539
171 368 59 32.777
172 81 1 70.528
173 1356 21 23.510
174 824 31 34.622
175 1222 37 32.823
176 1178 48 47.513
177 597 9 49.744
178 706 8 71.155
179 821 15 90.494
180 1376 50 40.607
181 406 27 11.665
182 1146 58 3.856
183 720 43 22.944
184 904 58 90.872
185 386 40 16.503
186 1282 12 64.157
187 342 53 25.792
188 381 42 14.752
189 133 6 86.864
190 1121 28 4.854
191 536 22 95.940
192 1435 15 31.737
193 292 41 8.939
194 683 29 27.510
195 717 37 0.304
196 850 22 57.404
197 697 57 46.699
198 466 19 79.249
199 967 28 10.018
200 1259 50 16.797
