200
1 768 27 47.491
2 1335 7 66.965
3 59 43 67.085
4 87 23 18.704
5 1032 7 45.204
6 848 42 75.247
7 284 13 61.084
8 883 3 85.675
9 1042 43 46.632
10 1293 12 72.107
11 819 11 27.182
12 200 36 89.479
13 260 24 35.541
14 1195 51 51.248
15 516 26 24.113
16 488 41 3.645
17 121 10 49.829
18 118 57 82.268
19 1263 2 45.472
20 338 33 38.037
21 421 42 60.872
22 202 51 13.774
23 1261 52 86.495
24 300 18 33.523
25 69 32 51.13
26 366 10 40.844
27 624 33 5.566
28 1262 40 48.167
29 377 51 16.366
30 483 7 43.826
31 852 3 53.957
32 128 22 59.002
33 175 25 90.322
34 338 20 90.565
35 39 39 94.324
36 1295 47 44.982
37 896 49 65.698
38 616 5 5.251
39 57 41 5.491
40 619 45 42.106
41 1266 13 52.951
42 783 7 25.135
43 630 12 19.156
44 1408 26 50.958
45 1087 32 88.927
46 1290 1 16.136
47 1385 2 46.873
48 1001 49 29.999
49 46 41 95.067
50 1270 53 8.778
51 1074 12 87.003
52 461 16 73.737
53 1148 20 72.121
54 736 6 63.861
55 406 16 23.744
56 175 1 93.215
57 1244 39 76.46
58 1063 34 63.169
59 1185 39 7.609
60 1426 13 97.821
61 887 49 78.779
62 1329 20 11.067
63 1164 14 72.106
64 1099 21 65.767
65 1059 17 76.725
66 377 21 43.258
67 884 21 47.287
68 785 7 26.93
69 1017 35 65.531
70 197 34 33.326
71 166 6 87.765
72 378 59 55.364
73 517 57 54.297
74 994 31 8.885
75 972 36 9.571
76 1050 8 88.316
77 204 19 18.104
78 26 42 64.507
79 288 59 28.509
80 433 56 23.69
81 648 34 3.862
82 692 53 1.152
83 1224 13 46.477
84 1266 16 99.556
85 1374 36 47.036
86 519 19 34.858
87 644 57 72.019
88 829 28 42.658
89 1191 31 6.933
90 736 27 9.8
91 1051 55 28.197
92 1292 37 61.2
93 1269 33 50.172
94 517 9 52.771
95 568 48 87.534
96 729 11 84.347
97 366 14 1.84
98 253 42 12.857
99 994 56 29.472
100 63 55 44.206
101 202 3 34.503
102 130 27 56.867
103 732 38 24.594
104 1290 47 28.095
105 1085 21 20.414
106 165 11 18.571
107 1080 34 73.705
108 895 53 42.718
109 898 38 55.185
110 1366 5 95.628
111 1020 22 13.274
112 249 9 45.79
113 1317 22 32.002
114 941 37 71.449
115 1200 42 46.435
116 1065 21 60.04
117 112 19 81.874
118 1058 57 56.904
119 98 49 55.139
120 206 57 97.574
121 938 12 50.596
122 216 37 73.87
123 464 45 79.054
124 1294 54 59.823
125 513 26 12.52
126 743 7 87.031
127 969 45 53.986
128 1172 36 58.454
129 935 41 54.512
130 234 13 27.067
131 237 51 85.349
132 476 19 51.369
133 350 55 37.905
134 1224 51 30.567
135 592 50 70.914
136 369 28 23.944
137 1047 4 31.453
138 28 36 33.867
139 853 27 82.319
140 393 38 36.276
141 310 57 10.454
142 1427 19 63.973
143 1198 59 10.083
144 558 37 22.672
145 545 38 35.298
146 415 5 40.603
147 384 54 54.878
148 77 58 78.073
149 1113 2 39.508
150 1206 56 89.293
151 428 22 43.813
152 353 21 93.84
153 1316 31 18.01
154 935 9 34.6
155 226 45 87.255
156 177 17 45.095
157 860 14 33.978
158 14 1 13.965
159 1232 32 16.574
160 1295 42 36.594
161 600 57 87.054
162 618 40 50.364
163 353 7 62.867
164 289 1 23.496
165 1337 46 11.41
166 40 18 1.76
167 1256 46 98.351
168 790 2 68.816
169 1357 53 45.348
170 501 43 9.271
171 651 32 11.588
172 978 2 30.768
173 1098 25 50.225
174 262 53 8.344
175 630 7 27.199
176 939 13 95.531
177 533 24 42.52
178 841 24 69.856
179 987 41 29.957
180 645 21 33.571
181 880 9 67.765
182 421 37 55.414
183 1113 44 7.312
184 690 55 21.739
185 1374 16 28.907
186 113 54 93.39
187 1114 40 31.478
188 449 28 10.415
189 1109 31 62.729
190 560 17 93.627
191 313 49 61.34
192 940 10 80.051
193 778 45 40.282
194 1424 57 37.219
195 629 1 37.339
196 408 24 47.47
197 447 19 99.222
198 156 17 69.625
199 1037 17 50.197
200 379 6 60.163
