192
1 30 25 20.188
2 20 37 99.199
3 30 15 42.797
4 10 60 30.121
5 40 25 40.147
6 60 50 32.146
7 70 60 97.615
8 65 30 22.344
9 70 20 44.331
10 100 25 40.147
11 130 25 20.188
12 120 57 99.199
13 130 30 42.797
14 110 60 99.121
15 140 25 40.147
16 160 50 32.146
17 170 60 97.615
18 165 30 22.344
19 170 20 44.331
20 200 25 40.147
21 230 25 20.188
22 220 37 99.199
23 230 15 42.797
24 210 60 99.121
25 240 25 40.147
26 260 50 32.146
27 270 60 97.615
28 265 30 22.344
29 270 20 44.331
30 300 25 40.147
31 330 25 20.188
32 320 37 99.199
33 330 30 42.797
34 310 60 99.121
35 340 25 40.147
36 360 50 32.146
37 370 60 97.615
38 365 30 22.344
39 370 20 44.331
40 300 25 40.147
41 400 20 20
42 400 40 40
43 400 20 20
44 440 20 20
45 440 40 40
46 440 20 20
47 480 20 20
48 480 40 40
49 480 20 20
50 500 20 20
51 500 40 40
52 500 20 20
53 540 20 20
54 540 40 40
55 540 20 20
56 580 20 20
57 580 40 40
58 580 20 20
59 650 30 30
60 650 40 40
61 650 60 70
62 700 50 50
63 700 20 20
64 700 30 30
65 730 25 20.188
66 720 37 99.199
67 730 15 42.797
68 710 60 99.121
69 740 25 40.147
70 760 50 32.146
71 770 60 97.615
72 765 30 22.344
73 770 20 44.331
74 800 25 40.147
75 830 25 20.188
76 820 57 99.199
77 830 30 42.797
78 810 60 99.121
79 840 25 40.147
80 860 50 32.146
81 870 60 97.615
82 865 30 22.344
83 870 20 44.331
84 900 25 40.147
85 930 25 20.188
86 920 37 99.199
87 930 15 42.797
88 910 60 99.121
89 940 25 40.147
90 960 50 32.146
91 970 60 97.615
92 965 30 22.344
93 970 20 44.331
94 800 25 40.147
95 830 25 20.188
96 820 37 99.199
97 830 30 42.797
98 810 60 99.121
99 840 25 40.147
100 860 50 32.146
101 870 60 97.615
102 865 30 22.344
103 870 20 44.331
104 800 25 40.147
105 900 20 20
106 900 40 40
107 900 20 20
108 940 20 20
109 940 40 40
110 940 20 20
111 980 20 20
112 980 40 40
113 980 20 20
114 1000 20 20
115 1000 40 40
116 1000 20 20
117 1040 20 20
118 1040 40 40
119 1040 20 20
120 1080 20 20
121 1080 40 40
122 1080 20 20
123 1150 30 30
124 1150 40 40
125 1000 60 70
126 1000 50 50
127 1000 20 20
128 1000 30 30
129 930 25 20.188
130 920 37 99.199
131 930 15 42.797
132 910 60 99.121
133 940 25 40.147
134 960 50 32.146
135 970 60 97.615
136 965 30 22.344
137 970 20 44.331
138 1000 25 40.147
139 1130 25 20.188
140 1120 57 99.199
141 1130 30 42.797
142 1110 60 99.121
143 1140 25 40.147
144 1160 50 32.146
145 1170 60 97.615
146 1165 30 22.344
147 1170 20 44.331
148 1200 25 40.147
149 1230 25 20.188
150 1220 37 99.199
151 1230 15 42.797
152 1210 60 99.121
153 1240 25 40.147
154 1260 50 32.146
155 1270 60 97.615
156 1265 30 22.344
157 1270 20 44.331
158 1300 25 40.147
159 1330 25 20.188
160 1320 37 99.199
161 1330 30 42.797
162 1310 60 99.121
163 1340 25 40.147
164 1360 50 32.146
165 1370 60 97.615
166 1365 30 22.344
167 1370 20 44.331
168 1300 25 40.147
169 1400 20 20
170 1400 40 40
171 1400 20 20
172 1440 20 20
173 1440 40 40
174 1440 20 20
175 1380 20 20
176 1380 40 40
177 1380 20 20
178 1300 20 20
179 1300 40 40
180 1300 20 20
181 1340 20 20
182 1340 40 40
183 1340 20 20
184 1380 20 20
185 1380 40 40
186 1380 20 20
187 1390 30 30
188 1390 40 40
189 1390 60 70
190 1420 50 50
191 1420 20 20
192 1440 30 30
