200
1 1318 7 89.557
2 107 16 33.514
3 421 7 4.085
4 165 24 12.539
5 576 31 30.106
6 152 39 53.458
7 229 25 65.01
8 1202 31 79.041
9 785 41 55.224
10 343 3 37.39
11 1249 39 46.207
12 361 58 44.883
13 860 23 64.067
14 864 48 70.029
15 215 27 0.152
16 149 11 9.626
17 1235 26 17.757
18 665 44 73.371
19 1300 46 95.385
20 692 12 7.386
21 8 33 94.558
22 491 8 69.26
23 680 46 51.736
24 319 25 98.912
25 1360 26 40.933
26 1110 23 56.165
27 49 23 90.944
28 1133 20 7.723
29 355 11 12.977
30 902 27 18.534
31 723 34 90.017
32 310 20 8.085
33 335 59 40.994
34 92 35 90.414
35 1370 40 47.857
36 668 26 40.008
37 893 46 70.596
38 403 52 90.828
39 115 1 78.174
40 1050 20 49.682
41 408 34 73.332
42 687 35 53.515
43 350 35 44.558
44 1287 1 54.084
45 276 12 67.604
46 504 44 3.236
47 1345 18 42.9
48 459 36 56.254
49 186 27 20.015
50 535 7 59.265
51 738 7 21.313
52 1014 56 44.27
53 604 11 20.873
54 721 46 88.227
55 1046 31 10.18
56 150 31 12.717
57 147 5 2.615
58 1243 26 77.151
59 143 38 17.578
60 367 32 25.058
61 1233 39 57.183
62 220 56 93.81
63 556 44 87.296
64 360 33 52.599
65 1090 34 79.806
66 1241 44 6.103
67 1392 30 54.679
68 146 37 53.939
69 604 53 72.801
70 409 4 31.646
71 1364 22 38.93
72 491 11 87.185
73 268 36 65.117
74 93 23 78.307
75 1037 35 29.984
76 1348 53 20.138
77 1252 16 48.923
78 447 58 61.687
79 510 36 60.173
80 670 33 41.724
81 259 27 31.847
82 1250 14 22.733
83 105 54 32.659
84 1006 16 15.286
85 1061 27 97.244
86 104 9 63.285
87 32 5 82.396
88 386 8 30.026
89 870 46 25.313
90 859 40 36.621
91 1193 56 80.624
92 1310 17 81.319
93 977 10 85.865
94 233 34 18.36
95 525 47 4.586
96 669 35 52.41
97 835 15 23.455
98 716 50 75.502
99 697 47 41.96
100 519 23 42.54
101 242 26 64.782
102 1165 17 48.846
103 1292 43 51.663
104 761 6 81.985
105 1308 4 58.819
106 1097 57 79.197
107 594 40 66.973
108 6 29 75.041
109 1388 56 5.862
110 207 37 9.997
111 79 6 51.767
112 1114 47 27.979
113 770 1 47.868
114 718 58 52.88
115 994 36 13.567
116 152 29 25.085
117 248 60 67.54
118 71 6 40.934
119 368 46 50.015
120 828 19 95.169
121 1404 7 78.406
122 1077 26 56.053
123 383 8 65.312
124 435 25 91.385
125 623 59 41.478
126 1390 12 32.94
127 1156 27 32.425
128 913 40 1.438
129 57 30 41.907
130 239 26 55.215
131 295 18 67.179
132 1141 50 96.269
133 241 24 4.748
134 465 14 3.854
135 436 14 66.46
136 398 6 48.244
137 667 6 75.531
138 994 20 58.076
139 75 28 89.388
140 425 60 58.615
141 1125 37 51.338
142 347 45 56.091
143 617 47 3.635
144 509 12 18.005
145 1145 13 29.968
146 1331 2 80.282
147 723 15 74.999
148 340 52 73.108
149 779 59 14.088
150 1009 14 97.538
151 490 22 87.99
152 828 56 64.986
153 476 23 52.078
154 1144 42 93.804
155 1302 34 47.244
156 1191 25 51.137
157 792 32 86.086
158 1237 44 78.746
159 1292 18 38.18
160 1065 29 59.148
161 1298 21 39.27
162 1166 20 21.754
163 453 44 56.792
164 418 38 14.112
165 107 37 67.108
166 272 47 23.42
167 866 21 43.859
168 361 42 12.659
169 382 30 3.299
170 1154 8 22.073
171 879 31 37.756
172 151 13 89.209
173 848 35 12.686
174 1252 8 2.016
175 1389 39 94.565
176 1094 9 46.737
177 42 30 6.062
178 1154 2 15.372
179 484 24 4.43
180 875 27 30.565
181 836 29 82.842
182 811 10 90.274
183 700 54 4.858
184 663 3 50.053
185 734 48 22.708
186 386 26 61.666
187 250 16 42.845
188 121 19 49.391
189 1034 20 81.913
190 1393 54 67.983
191 384 12 45.091
192 132 40 65.252
193 57 11 81.776
194 169 37 57.831
195 1272 36 67.058
196 94 27 28.029
197 646 1 64.343
198 1155 42 72.351
199 1429 22 68.356
200 429 52 92.831
