200
1 624 56 61.867
2 763 39 0.069
3 230 24 77.502
4 776 52 60.758
5 203 37 52.975
6 735 27 48.551
7 772 56 94.801
8 228 51 56.324
9 407 14 1.861
10 522 13 80.318
11 1175 54 59.012
12 1277 2 28.865
13 606 46 61.362
14 1089 54 52.936
15 1141 5 27.511
16 1283 43 85.488
17 856 15 20.615
18 1431 27 96.341
19 1116 12 85.799
20 1287 19 38.542
21 1148 35 49.1
22 661 41 54.074
23 56 26 29.806
24 237 54 70.237
25 923 36 76.673
26 829 23 0.207
27 1093 4 89.902
28 882 40 57.098
29 806 40 50.285
30 828 9 72.356
31 1393 50 73.21
32 1260 10 47.295
33 427 40 20.255
34 643 30 55.079
35 152 41 7.525
36 746 59 66.653
37 1198 17 61.916
38 999 58 59.214
39 1089 59 13.729
40 804 41 19.952
41 1361 15 49.404
42 911 10 59.363
43 1134 58 73.803
44 226 24 47.359
45 1402 24 52.026
46 300 8 99.033
47 1312 36 14.826
48 625 51 63.059
49 939 18 81.304
50 397 6 11.801
51 480 4 74.451
52 1052 53 82.039
53 1205 34 27.517
54 382 1 6.881
55 649 22 51.349
56 477 34 63.654
57 207 28 26.694
58 171 40 87.634
59 1329 3 18.321
60 311 50 40.632
61 621 34 22.924
62 1079 3 99.278
63 1156 22 54.218
64 910 7 89.057
65 1336 38 6.533
66 934 44 7.912
67 653 27 53.621
68 685 22 3.137
69 236 56 67.237
70 1181 29 68.155
71 4 40 52.479
72 1254 35 65.475
73 1359 23 90.268
74 843 37 25.019
75 161 17 2.886
76 1001 37 8.783
77 816 22 80.833
78 1323 34 34.938
79 683 6 38.171
80 1379 43 64.924
81 999 41 69.807
82 1309 45 16.892
83 485 23 2.01
84 886 55 16.274
85 1007 21 42.76
86 516 40 82.099
87 892 2 60.431
88 1411 58 46.329
89 1248 58 18.371
90 629 50 53.955
91 800 43 41.507
92 622 40 49.036
93 1029 46 35.873
94 474 27 93.098
95 112 53 98.785
96 558 52 57.561
97 498 35 14.445
98 1045 7 33.796
99 772 17 16.514
100 548 57 23.179
101 179 28 0.47
102 73 28 9.452
103 413 54 93.021
104 37 7 61.171
105 613 59 64.713
106 1151 56 55.501
107 764 31 90.78
108 1300 18 50.925
109 874 38 34.25
110 1204 2 47.244
111 1391 45 93.92
112 1032 39 45.86
113 1262 26 83.611
114 824 35 38.949
115 65 38 5.75
116 770 26 78.735
117 952 32 6.294
118 432 48 69.421
119 366 58 65.868
120 739 56 74.256
121 1016 15 9.316
122 696 32 49.476
123 897 20 10.026
124 409 52 42.998
125 492 20 22.023
126 1067 34 54.078
127 337 39 10.831
128 391 57 49.212
129 1287 33 75.21
130 331 30 43.64
131 72 19 68.28
132 935 55 57.056
133 1150 58 76.281
134 1352 36 54.473
135 1171 38 39.01
136 129 43 12.691
137 871 18 89.681
138 720 9 7.274
139 1194 12 34.333
140 415 7 87.744
141 586 3 90.541
142 1193 26 34.39
143 614 21 26.668
144 188 12 65.234
145 1313 43 21.853
146 106 3 55.961
147 1389 33 51.567
148 512 34 61.54
149 263 58 69.126
150 1216 53 93.001
151 799 21 67.071
152 454 48 81.025
153 239 9 50.99
154 565 59 89.203
155 139 1 88.985
156 388 37 21.271
157 1220 36 3.985
158 1178 20 60.567
159 948 20 15.693
160 1113 52 67.426
161 1316 40 64.597
162 35 5 39.978
163 1170 21 62.329
164 144 2 22.746
165 1209 1 38.24
166 19 32 76.524
167 378 4 49.289
168 1180 17 9.05
169 649 18 79.793
170 851 47 52.907
171 1410 44 48.127
172 336 28 68.822
173 409 18 90.811
174 1193 45 39.432
175 145 44 52.767
176 1285 41 4.211
177 157 30 34.175
178 820 11 73.593
179 21 28 70.098
180 648 47 49.247
181 1257 52 35.637
182 398 48 23.648
183 1193 50 7.871
184 1332 17 67.14
185 943 5 63.697
186 381 45 11.233
187 378 45 59.112
188 428 25 74.596
189 354 34 5.556
190 833 35 95.424
191 1079 8 87.185
192 1386 52 28.749
193 1374 4 21.209
194 467 39 15.068
195 484 51 12.826
196 686 19 40.129
197 562 58 51.875
198 827 54 2.06
199 717 18 73.403
200 1081 30 55.828
