200
1 615 40 0.74
2 701 37 58.178
3 39 51 19.369
4 1069 57 56.549
5 1040 33 86.884
6 193 40 48.694
7 141 46 72.195
8 876 35 69.318
9 694 15 41.324
10 1286 31 90.913
11 1253 18 64.514
12 628 30 64.906
13 1322 2 95.582
14 842 9 94.782
15 34 48 42.864
16 269 55 20.521
17 108 48 0.809
18 401 1 66.976
19 322 51 90.546
20 1015 34 54.664
21 118 30 32.478
22 537 4 58.142
23 1399 43 46.483
24 931 7 20.887
25 937 25 42.844
26 776 12 18.927
27 839 30 8.011
28 1240 25 16.807
29 1017 53 89.525
30 14 39 95.459
31 370 7 16.553
32 507 4 41.805
33 308 2 25.2
34 773 3 6.464
35 688 19 37.024
36 792 42 50.561
37 526 48 92.784
38 11 23 37.332
39 217 57 73.162
40 337 5 95.924
41 1292 12 70.978
42 1342 55 45.826
43 774 57 72.619
44 1237 40 26.274
45 583 50 46.112
46 1296 31 68.153
47 152 10 74.057
48 953 53 64.458
49 1098 5 42.604
50 1089 33 70.082
51 1122 56 54.677
52 978 25 40.812
53 903 2 32.009
54 412 42 72.983
55 839 36 4.595
56 746 50 55.594
57 429 55 33.448
58 22 31 31.2
59 545 16 63.419
60 571 39 45.606
61 282 9 51.822
62 1049 21 85.699
63 381 31 60.607
64 645 17 62.507
65 688 25 7.361
66 286 8 82.69
67 937 21 98.817
68 637 20 23.101
69 1135 47 93.995
70 1124 56 70.054
71 679 7 5.007
72 1223 16 55.531
73 1175 33 78.027
74 181 30 49.206
75 746 26 76.751
76 729 20 11.318
77 494 28 33.032
78 1316 44 19.462
79 724 39 68.945
80 893 60 2.686
81 342 49 13.957
82 1308 19 47.168
83 616 35 84.764
84 554 26 18.222
85 827 31 76.729
86 611 47 46.721
87 50 45 47.882
88 480 35 22.957
89 971 57 99.059
90 1365 49 98.326
91 15 50 40.643
92 605 45 9.326
93 679 55 69.353
94 945 29 44.424
95 742 54 26.783
96 413 17 50.156
97 1348 29 53.52
98 1176 59 70.88
99 934 33 80.038
100 1369 36 2.155
101 136 14 6.206
102 1370 43 81.587
103 844 50 65.936
104 153 1 50.824
105 303 13 70.213
106 1250 60 5.598
107 931 38 54.292
108 209 45 59.009
109 267 26 69.764
110 533 33 24.961
111 30 35 77.721
112 1047 41 7.124
113 1015 54 30.018
114 32 27 85.437
115 1249 9 67.772
116 976 47 30.288
117 463 38 26.297
118 627 31 82.442
119 791 16 45.534
120 725 19 96.816
121 598 23 89.954
122 1394 2 90.855
123 220 53 43.487
124 33 14 63.86
125 17 34 67.769
126 119 51 45.123
127 239 28 8.88
128 735 46 54.822
129 1109 58 83.819
130 746 5 48.686
131 1104 51 29.093
132 181 12 37.533
133 161 27 91.405
134 1137 42 34.411
135 1042 5 93.519
136 1059 27 11.573
137 1250 27 25.108
138 43 23 31.662
139 1278 60 75.165
140 345 55 97.855
141 120 60 56.245
142 606 32 97.985
143 170 10 98.053
144 689 42 0.567
145 935 52 81.54
146 1425 42 11.027
147 595 57 55.066
148 168 5 70.488
149 713 39 14.659
150 1197 13 6.319
151 219 35 78.297
152 45 33 50.385
153 472 10 28.724
154 436 9 50.627
155 756 14 1.218
156 448 22 7.094
157 343 37 19.408
158 785 6 59.466
159 151 1 82.613
160 1433 38 7.996
161 1436 57 87.603
162 582 17 77.21
163 498 5 31.285
164 538 41 99.845
165 1370 42 88.04
166 1434 3 23.054
167 110 53 8.754
168 1002 44 43.423
169 825 40 56.003
170 1312 44 34.295
171 1096 58 14.369
172 330 23 8.035
173 220 18 64.934
174 961 5 84.244
175 229 22 96.951
176 369 40 1.864
177 900 48 69.973
178 177 52 42.121
179 521 29 27.897
180 64 13 61.263
181 1186 51 38.851
182 1164 31 81.182
183 450 37 52.002
184 370 57 15.129
185 238 27 37.335
186 873 10 90.171
187 419 55 70.536
188 690 56 8.36
189 1331 58 13.199
190 1083 30 66.936
191 659 28 77.662
192 757 28 26.411
193 326 22 84.668
194 1120 24 20.725
195 724 48 66.913
196 759 16 37.451
197 942 56 9.863
198 749 38 76.563
199 923 6 37.919
200 1375 30 35.821
