175
1 235 21 52
2 1118 50 40
3 215 4 60
4 889 13 60
5 1189 33 35
6 988 1 28
7 296 24 22
8 9 11 43
9 932 34 21
10 260 59 44
11 1071 32 2
12 1387 30 95
13 735 44 11
14 524 38 83
15 1241 13 71
16 522 26 83
17 833 35 22
18 348 9 30
19 349 20 90
20 234 42 28
21 553 58 77
22 160 33 15
23 739 22 67
24 1238 43 70
25 887 56 95
26 1092 2 57
27 1304 13 19
28 954 13 90
29 409 46 86
30 940 41 52
31 283 21 54
32 393 19 12
33 1098 6 68
34 914 29 48
35 763 12 62
36 1430 58 97
37 849 59 62
38 1149 45 95
39 914 35 29
40 369 50 55
41 1334 49 82
42 1219 45 86
43 988 22 85
44 410 38 53
45 1207 54 80
46 442 23 93
47 1150 6 28
48 61 4 86
49 933 10 1
50 1151 32 86
51 422 58 66
52 869 10 64
53 1060 13 64
54 956 22 54
55 917 1 86
56 41 22 85
57 413 31 8
58 767 1 43
59 839 7 81
60 1298 5 19
61 25 39 60
62 1350 42 41
63 1 55 11
64 706 35 64
65 685 7 7
66 460 55 79
67 642 40 56
68 824 47 33
69 869 39 24
70 117 54 75
71 1334 29 91
72 357 27 66
73 1360 53 47
74 778 14 61
75 879 39 18
76 473 7 38
77 72 39 12
78 274 43 41
79 789 29 47
80 344 33 51
81 142 41 11
82 1257 48 75
83 733 3 70
84 970 48 13
85 1024 29 69
86 351 37 64
87 227 8 83
88 1041 26 98
89 394 23 5
90 895 22 65
91 35 33 8
92 653 35 58
93 622 7 88
94 463 4 60
95 687 4 77
96 1124 10 84
97 608 26 35
98 247 9 74
99 48 2 96
100 121 25 84
101 788 35 6
102 972 48 53
103 1308 56 41
104 1360 49 13
105 207 38 32
106 669 37 98
107 920 21 32
108 1100 39 30
109 361 21 80
110 578 6 48
111 246 12 38
112 1180 28 15
113 969 21 86
114 618 31 37
115 16 7 96
116 58 55 76
117 871 53 84
118 1139 56 45
119 830 54 94
120 508 51 22
121 943 18 3
122 1408 53 42
123 246 26 14
124 88 34 85
125 746 16 5
126 997 8 98
127 1311 25 56
128 241 16 36
129 1190 12 42
130 502 12 44
131 1092 4 28
132 991 14 6
133 855 20 84
134 1025 11 73
135 556 8 30
136 159 23 37
137 804 44 57
138 1059 21 63
139 625 21 24
140 488 41 39
141 237 56 11
142 49 49 93
143 347 23 92
144 1021 37 20
145 504 60 68
146 1288 27 45
147 415 26 77
148 850 60 75
149 170 1 70
150 523 22 96
151 1326 32 30
152 605 55 37
153 1211 26 32
154 1067 23 93
155 1416 35 89
156 810 38 67
157 830 12 9
158 1228 32 43
159 729 22 60
160 729 56 81
161 119 12 73
162 751 38 15
163 361 49 73
164 1137 2 66
165 332 49 85
166 4 48 8
167 1182 51 97
168 1092 36 75
169 1139 20 78
170 797 60 88
171 278 14 41
172 1393 24 64
173 886 59 67
174 1088 8 84
175 1235 10 74