200
1 1365 54 14.15
2 121 13 35.877
3 2 30 52.455
4 1214 12 54.734
5 180 11 31.37
6 1201 38 35.117
7 1189 32 17.745
8 925 44 81.691
9 162 27 58.559
10 1359 18 17.609
11 594 55 60.685
12 109 36 51.362
13 452 13 21.92
14 696 27 36.229
15 369 12 8.342
16 171 22 89.558
17 885 14 16.921
18 239 7 61.769
19 243 49 43.224
20 565 27 28.345
21 8 6 18.931
22 822 23 94.883
23 1256 11 81.74
24 1094 47 58.231
25 1191 28 52.568
26 518 33 77.747
27 128 1 86.854
28 690 22 13.92
29 813 44 30.546
30 64 13 96.744
31 1286 20 6.17
32 807 56 5.927
33 873 32 93.059
34 1297 49 13.085
35 1042 49 9.259
36 992 59 24.829
37 654 20 16.486
38 1193 7 70.536
39 652 51 7.865
40 341 45 74.854
41 391 43 71.946
42 585 45 84.375
43 13 26 48.936
44 1268 19 5.926
45 842 27 76.333
46 175 21 29.072
47 474 19 24.058
48 441 32 64.534
49 717 8 24.071
50 796 47 39.717
51 886 22 74.028
52 1075 45 70.395
53 970 47 63.188
54 650 33 25.588
55 568 55 32.473
56 448 38 7.258
57 198 2 78.358
58 1348 44 75.194
59 1151 31 61.27
60 1023 14 85.774
61 103 58 99.879
62 1411 11 16.159
63 1185 37 8.232
64 574 59 80.465
65 1052 34 90.258
66 448 21 23.411
67 1020 24 43.155
68 1099 42 89.275
69 168 6 90.962
70 1114 50 58.743
71 968 60 33.425
72 270 48 81.237
73 889 59 85.593
74 1415 2 39.975
75 621 26 91.298
76 873 51 62.462
77 499 6 45.344
78 55 34 5.637
79 1006 8 89.773
80 35 14 79.483
81 172 6 87.486
82 637 52 2.287
83 1256 21 67.011
84 1198 47 88.392
85 459 24 90.784
86 249 33 59.014
87 589 8 55.624
88 82 34 1.635
89 348 37 67.873
90 1392 44 54.9
91 517 40 12.057
92 738 3 26.893
93 1001 57 83.895
94 894 38 46.231
95 181 55 61.193
96 783 6 92.029
97 141 9 57.192
98 1342 28 72.721
99 172 18 60.506
100 628 31 18.646
101 724 59 65.391
102 173 43 56.659
103 1367 22 36.803
104 917 6 24.999
105 900 49 84.365
106 844 59 71.366
107 745 49 28.269
108 471 31 86.875
109 300 47 14.723
110 44 32 97.458
111 280 47 25.443
112 700 13 83.677
113 965 37 18.404
114 1142 7 48.435
115 1275 21 11.041
116 1083 9 10.309
117 1180 39 11.6
118 861 59 5.28
119 855 14 42.543
120 18 27 41.552
121 968 29 2.567
122 1322 6 18.815
123 850 20 77.788
124 1020 60 27.757
125 27 7 90.369
126 506 16 45.9
127 293 48 39.484
128 1238 51 32.538
129 131 7 89.615
130 246 38 26.699
131 397 41 2.246
132 898 21 39.791
133 427 15 33.996
134 642 2 11.17
135 413 24 15.836
136 1052 51 31.314
137 1111 39 59.318
138 726 7 67.668
139 839 30 3.182
140 1361 26 13.68
141 1389 21 82.323
142 1415 32 20.425
143 815 9 6.505
144 75 25 37.971
145 1295 46 62.026
146 567 9 64.181
147 644 27 23.085
148 61 8 46.263
149 941 22 9.092
150 1130 34 38.776
151 70 54 95.573
152 195 19 65.286
153 1434 43 44.439
154 837 31 87.732
155 1394 56 7.419
156 504 51 21.853
157 890 44 13.772
158 481 49 16.513
159 640 25 93.089
160 745 22 20.56
161 283 8 15.781
162 589 56 97.143
163 200 46 26.961
164 1186 10 14.544
165 297 18 91.748
166 712 60 55.105
167 47 55 70.883
168 1274 47 60.304
169 822 35 35.06
170 604 30 76.168
171 539 44 46.872
172 1137 40 64.532
173 5 48 41.386
174 796 29 60.677
175 842 54 3.875
176 800 34 66.132
177 50 23 73.681
178 1364 29 5.26
179 679 3 80.322
180 990 50 1.149
181 1296 7 15.292
182 481 28 45.111
183 1405 37 61.485
184 879 29 2.509
185 1289 29 41.711
186 876 36 42.616
187 176 11 96.243
188 1243 32 57.115
189 334 50 8.588
190 1412 16 91.654
191 536 50 73.858
192 1259 35 91.658
193 1010 51 26.201
194 1001 16 95.601
195 15 10 47.212
196 890 56 53.954
197 603 1 97.508
198 734 24 70.768
199 143 45 35.971
200 120 15 64.704
