200
1 289 47 81.58
2 1367 36 61.762
3 15 59 13.5
4 852 29 2.869
5 893 44 30.0
6 525 59 77.78
7 546 24 13.97
8 1319 11 30.94
9 1269 34 77.0
10 254 33 32.93
11 78 43 32.531
12 4 18 20.4
13 400 34 14.303
14 754 30 44.3
15 664 8 8.55
16 1276 15 26.6
17 229 10 25.302
18 143 24 59.792
19 955 17 88.8
20 1103 39 80.817
21 459 36 36.524
22 231 54 72.817
23 329 22 45.0
24 370 10 4.946
25 867 10 52.551
26 1409 9 95.92
27 1004 58 96.2
28 436 26 63.581
29 1093 52 64.41
30 837 36 27.7
31 219 32 82.91
32 889 42 33.47
33 1433 7 32.91
34 1234 41 37.84
35 1409 36 58.22
36 871 56 29.0
37 285 53 83.83
38 1101 60 22.2
39 1229 8 74.52
40 1210 18 76.35
41 947 6 30.4
42 314 26 62.87
43 150 21 82.408
44 161 47 10.484
45 943 40 24.343
46 298 45 30.2
47 795 1 3.2
48 667 52 49.01
49 1323 8 57.586
50 901 13 83.781
51 239 47 34.5
52 397 13 30.4
53 723 56 38.4
54 1378 13 9.789
55 1210 46 14.685
56 617 18 47.88
57 1281 7 77.004
58 561 36 55.4
59 1105 10 72.648
60 264 51 71.968
61 1292 40 22.1
62 72 52 94.4
63 529 39 70.9
64 1251 8 48.46
65 1087 53 59.79
66 1156 55 15.07
67 1084 10 76.5
68 935 27 93.477
69 619 26 73.8
70 1173 57 19.5
71 415 39 13.72
72 188 41 89.6
73 1309 53 98.2
74 255 22 27.6
75 1305 50 39.171
76 165 49 91.0
77 1161 2 99.92
78 768 4 21.0
79 674 4 95.5
80 352 41 39.0
81 268 54 75.4
82 838 38 47.6
83 665 2 73.714
84 671 52 12.09
85 312 38 37.26
86 556 13 37.3
87 255 9 16.89
88 183 20 73.608
89 1211 33 5.534
90 1115 27 5.21
91 248 26 36.771
92 115 34 22.0
93 1374 37 60.8
94 545 28 34.2
95 853 8 40.452
96 451 51 36.978
97 465 30 25.049
98 320 23 12.016
99 265 5 4.4
100 188 8 1.93
101 1062 6 87.274
102 949 48 89.5
103 921 58 59.008
104 50 2 48.0
105 391 33 60.9
106 449 50 37.18
107 490 33 98.605
108 446 55 69.81
109 122 17 11.02
110 574 40 13.9
111 803 16 6.942
112 90 21 94.472
113 1211 32 71.0
114 966 10 19.5
115 76 48 98.52
116 874 50 95.199
117 945 60 86.91
118 1058 2 81.29
119 65 25 96.95
120 767 56 61.1
121 208 47 30.09
122 1373 59 28.7
123 666 44 44.137
124 760 32 37.72
125 679 49 51.23
126 866 5 39.193
127 451 5 94.9
128 1124 57 75.102
129 178 32 59.584
130 486 9 59.666
131 1061 31 7.78
132 676 34 16.8
133 1217 53 22.0
134 1312 8 9.955
135 435 32 93.956
136 1406 44 73.583
137 900 51 90.8
138 437 40 37.815
139 387 57 29.7
140 934 8 80.94
141 979 5 38.6
142 904 51 56.7
143 419 3 60.879
144 154 4 3.046
145 155 19 66.942
146 135 35 49.448
147 1150 13 17.685
148 1202 3 55.311
149 1277 10 79.66
150 855 42 97.655
151 1417 57 81.053
152 1179 48 12.752
153 99 4 51.307
154 796 37 75.96
155 1341 24 96.5
156 830 48 72.3
157 1051 12 48.276
158 398 27 51.396
159 1365 42 51.9
160 1330 55 5.9
161 751 19 1.154
162 655 55 76.04
163 954 19 40.725
164 538 20 6.2
165 518 45 65.9
166 1313 29 43.16
167 975 26 41.6
168 1176 60 30.6
169 51 40 60.24
170 201 59 9.353
171 751 1 8.2
172 1360 35 29.14
173 242 21 52.6
174 1437 36 60.5
175 107 56 59.741
176 1019 39 37.313
177 855 42 25.06
178 865 58 78.6
179 30 18 85.209
180 42 52 48.9
181 846 41 26.272
182 1032 46 21.68
183 972 50 7.26
184 1319 35 62.5
185 527 25 6.9
186 1106 6 36.42
187 447 28 62.4
188 255 54 83.6
189 240 16 34.88
190 245 52 65.4
191 850 39 76.859
192 274 52 65.9
193 681 50 31.79
194 7 27 71.38
195 1124 46 1.751
196 1039 23 78.0
197 1179 40 39.31
198 1206 15 96.89
199 1151 48 71.955
200 1285 33 60.32