152
1 538 41 60.283
2 1112 58 54.91
3 702 28 76.868
4 1054 51 0.596
5 1000 19 99.31
6 1257 58 22.8
7 197 38 67.363
8 731 48 57.559
9 948 43 51.63
10 489 46 96.685
11 846 8 25.208
12 391 38 32.769
13 485 8 76.308
14 66 24 42.268
15 1108 48 89.19
16 1151 53 62.102
17 783 33 64.049
18 274 43 86.756
19 138 24 85.011
20 1171 40 61.854
21 1142 6 63.212
22 982 29 24.287
23 1165 48 55.387
24 1131 50 92.786
25 504 28 1.222
26 1412 6 31.969
27 988 8 8.008
28 9 38 82.118
29 1301 42 54.823
30 1422 39 8.286
31 323 17 91.946
32 597 14 91.084
33 752 22 38.992
34 366 30 40.15
35 209 39 90.325
36 1094 60 23.865
37 131 46 95.918
38 176 45 50.114
39 635 45 67.532
40 446 1 76.539
41 1130 59 19.325
42 1283 56 29.052
43 884 25 31.417
44 109 20 63.383
45 621 38 22.575
46 533 17 19.976
47 1000 51 58.364
48 288 7 50.797
49 969 24 0.993
50 783 1 8.999
51 287 25 84.61
52 992 50 99.047
53 860 7 56.628
54 471 12 64.403
55 514 59 11.296
56 1305 44 0.845
57 426 13 84.324
58 240 48 44.727
59 208 51 26.873
60 681 30 0.927
61 1093 56 38.211
62 1001 39 24.327
63 767 41 65.92
64 1125 30 75.584
65 1259 36 15.086
66 425 11 59.751
67 830 6 9.521
68 1335 34 15.998
69 318 27 85.203
70 99 9 13.645
71 1289 19 14.017
72 552 21 86.334
73 265 59 57.748
74 860 3 46.217
75 1153 3 47.155
76 885 55 1.312
77 862 16 76.051
78 1337 24 55.996
79 171 30 78.729
80 1263 21 10.725
81 396 41 66.236
82 621 45 77.206
83 632 11 69.999
84 1210 20 97.269
85 389 32 61.5
86 646 31 34.823
87 464 27 59.823
88 607 42 7.386
89 826 30 98.126
90 188 41 51.344
91 512 4 78.428
92 221 16 19.231
93 32 44 63.583
94 722 9 99.746
95 1070 23 25.113
96 1115 44 90.09
97 73 36 28.544
98 443 30 25.382
99 508 52 72.011
100 159 23 16.281
101 739 38 34.764
102 740 28 56.289
103 1064 40 11.163
104 220 7 63.055
105 1040 1 16.344
106 851 21 40.754
107 260 59 48.884
108 627 23 36.538
109 1321 48 46.939
110 541 54 67.416
111 854 11 18.043
112 228 5 86.972
113 968 32 48.632
114 1269 11 31.918
115 694 38 69.03
116 372 52 59.475
117 1100 32 25.813
118 419 47 42.393
119 995 57 32.313
120 678 50 87.039
121 1400 15 27.217
122 90 18 39.917
123 860 14 31.81
124 1227 48 84.974
125 160 46 1.945
126 894 21 97.051
127 1391 52 3.323
128 1191 54 49.35
129 967 18 14.239
130 213 7 6.321
131 236 40 56.575
132 621 55 75.703
133 594 56 53.743
134 1296 8 54.001
135 228 14 27.586
136 341 25 23.696
137 263 14 94.431
138 1326 10 73.001
139 880 5 56.736
140 775 30 64.779
141 146 12 3.163
142 598 6 60.291
143 495 4 46.366
144 708 59 59.301
145 929 4 20.645
146 792 39 40.944
147 1023 8 34.936
148 603 50 45.136
149 205 3 85.495
150 1307 44 63.15
151 464 19 85.957
152 769 45 77.003
