200
1 1419 52 41.839
2 817 10 36.702
3 720 15 16.695
4 651 9 25.184
5 170 15 65.752
6 763 22 21.186
7 1167 7 19.248
8 53 12 70.606
9 1070 36 36.394
10 104 16 25.111
11 708 57 18.582
12 489 8 54.583
13 228 37 76.508
14 264 35 98.872
15 817 38 18.298
16 938 47 94.956
17 205 6 86.486
18 1278 3 8.512
19 748 53 76.934
20 231 54 92.889
21 493 10 70.589
22 56 30 69.916
23 1111 3 12.052
24 250 54 64.337
25 1440 6 32.122
26 368 59 54.402
27 521 48 34.791
28 567 38 89.263
29 588 14 73.390
30 5 30 20.230
31 104 31 88.754
32 1078 35 81.463
33 953 51 81.965
34 570 57 40.772
35 977 28 71.274
36 933 17 93.458
37 973 24 45.097
38 88 12 86.043
39 961 43 73.159
40 345 44 21.595
41 715 31 35.639
42 1101 8 75.444
43 1231 23 70.856
44 443 53 42.238
45 321 23 55.318
46 85 14 88.716
47 774 7 75.066
48 391 53 50.976
49 775 35 2.440
50 1352 34 3.874
51 462 31 20.511
52 1051 54 58.066
53 524 48 27.273
54 5 59 52.936
55 255 28 90.610
56 1348 58 5.401
57 125 46 28.834
58 553 39 78.163
59 539 19 87.092
60 541 4 1.560
61 515 54 5.721
62 1292 8 42.740
63 525 32 42.816
64 1134 39 72.227
65 1436 22 53.512
66 340 14 97.267
67 192 7 73.227
68 850 52 22.940
69 369 43 48.523
70 749 59 97.777
71 639 34 21.495
72 724 45 2.515
73 363 51 75.967
74 138 9 17.475
75 991 36 28.035
76 1437 40 37.963
77 639 17 68.369
78 341 18 44.138
79 1260 7 26.381
80 15 25 0.052
81 1105 44 50.428
82 243 49 78.120
83 84 23 58.667
84 900 34 8.466
85 344 56 50.778
86 1148 25 49.825
87 906 24 87.635
88 356 25 83.129
89 1387 8 8.998
90 821 1 21.965
91 9 41 98.825
92 177 43 22.121
93 386 59 73.221
94 525 26 13.653
95 1426 56 7.474
96 362 33 61.252
97 1392 3 34.810
98 311 26 26.179
99 465 36 43.872
100 810 19 32.924
101 1133 35 68.589
102 162 43 22.226
103 813 53 88.069
104 660 38 76.733
105 1187 15 98.738
106 115 19 20.405
107 145 20 14.194
108 890 17 21.581
109 141 29 87.617
110 804 46 10.863
111 686 50 89.066
112 766 57 0.664
113 1359 40 91.824
114 585 12 29.548
115 1141 14 4.142
116 222 56 92.390
117 537 31 56.313
118 829 59 3.242
119 677 35 44.459
120 633 50 61.196
121 509 16 8.854
122 901 14 3.168
123 1437 21 15.059
124 1097 46 24.005
125 649 16 81.833
126 850 11 80.613
127 1088 25 86.158
128 971 11 23.595
129 285 51 93.850
130 1000 31 13.970
131 1216 25 72.231
132 352 28 52.214
133 432 5 51.601
134 691 23 4.342
135 1390 41 12.126
136 1188 16 67.905
137 959 21 1.043
138 53 31 19.465
139 955 5 12.347
140 135 28 87.786
141 85 38 26.729
142 1117 59 37.096
143 445 53 17.079
144 468 35 72.691
145 258 36 27.597
146 395 54 13.572
147 1351 24 19.312
148 14 23 36.963
149 1396 32 42.207
150 996 55 40.070
151 416 13 51.296
152 944 21 3.045
153 390 50 64.582
154 1114 30 22.980
155 1231 28 12.455
156 36 41 26.293
157 164 24 87.967
158 1344 2 64.833
159 322 57 52.227
160 707 22 71.192
161 1197 44 95.052
162 563 43 46.799
163 1173 20 17.072
164 2 6 83.695
165 272 9 28.363
166 812 4 28.212
167 161 28 32.397
168 1209 32 76.608
169 16 7 14.007
170 647 48 6.651
171 388 15 71.638
172 736 11 38.496
173 760 35 31.043
174 773 2 20.123
175 1318 16 10.485
176 156 24 36.308
177 1130 53 8.530
178 409 34 29.600
179 1391 47 22.256
180 369 15 86.339
181 792 44 74.832
182 1265 31 33.159
183 1185 7 31.569
184 795 22 47.125
185 709 35 38.697
186 1178 53 12.097
187 131 56 7.361
188 603 19 99.393
189 245 20 22.710
190 321 15 85.312
191 409 7 44.697
192 1216 54 5.535
193 1383 38 13.977
194 1215 13 35.111
195 988 32 36.957
196 755 38 42.299
197 1140 38 62.118
198 1226 39 59.573
199 51 40 89.000
200 389 28 61.206