200
1 80 40 20
2 80 40 20
3 80 25 14
4 80 25 14
5 80 25 14
6 87 7 9.17
7 94 7 9.17
8 101 7 9.17
9 130 50 99
10 191 40 99
11 191 30 80
12 221 30 80
13 251 30 80
14 1401 40 60
15 1400 40 30
16 581 32 9
17 396 45 23
18 333 38 6
19 1114 13 11
20 853 44 14
21 1351 4 5
22 932 36 24
23 1147 56 20
24 1221 11 5
25 956 45 16
26 788 57 9
27 714 22 4
28 315 29 17
29 920 43 2
30 544 29 11
31 1171 54 16
32 697 34 21
33 520 11 25
34 1083 39 19
35 1189 32 21
36 1352 2 21
37 1319 60 23
38 383 60 18
39 697 13 8
40 574 55 15
41 372 37 23
42 921 6 15
43 981 8 25
44 542 54 3
45 829 50 24
46 805 28 23
47 768 46 11
48 387 35 12
49 1219 32 6
50 840 39 6
51 364 7 16
52 1202 15 4
53 827 5 2
54 537 25 10
55 1360 45 12
56 778 14 9
57 1115 37 19
58 1287 31 16
59 1112 32 20
60 540 38 13
61 987 37 8
62 719 58 9
63 1042 37 1
64 675 37 14
65 626 32 3
66 317 27 13
67 1128 44 24
68 1080 21 10
69 339 55 8
70 707 33 3
71 914 3 9
72 873 35 16
73 1103 51 5
74 456 36 10
75 947 14 17
76 846 3 1
77 1044 29 17
78 1295 50 3
79 515 19 15
80 887 40 3
81 1170 22 5
82 646 30 23
83 916 39 15
84 840 41 15
85 1008 10 10
86 762 20 9
87 657 28 16
88 900 4 22
89 764 47 10
90 429 57 13
91 682 47 8
92 342 13 18
93 686 3 23
94 655 55 16
95 469 33 17
96 740 56 19
97 698 4 6
98 396 3 3
99 1099 41 20
100 1186 19 9
101 383 55 18
102 1250 35 21
103 755 7 2
104 566 19 10
105 343 5 15
106 637 56 22
107 1209 60 21
108 897 28 19
109 997 6 11
110 750 3 8
111 433 40 12
112 697 5 23
113 1311 15 5
114 1085 6 15
115 744 43 4
116 536 3 17
117 448 53 16
118 491 11 14
119 1204 27 14
120 1217 1 8
121 950 57 4
122 998 55 7
123 380 37 20
124 326 3 13
125 1313 14 25
126 336 55 7
127 962 4 11
128 342 1 5
129 642 60 12
130 1331 58 14
131 548 54 8
132 1073 12 8
133 419 43 16
134 621 24 6
135 1326 19 12
136 1028 48 24
137 1219 5 15
138 397 60 15
139 415 6 13
140 899 31 17
141 913 54 3
142 943 50 8
143 563 58 6
144 629 23 21
145 1095 57 14
146 941 33 22
147 520 21 20
148 969 24 24
149 429 31 7
150 573 29 2
151 1140 26 23
152 1316 6 8
153 725 55 1
154 904 32 21
155 782 43 11
156 749 46 23
157 657 41 1
158 718 5 23
159 910 17 9
160 922 52 21
161 971 59 25
162 1186 28 25
163 1023 14 21
164 776 3 15
165 392 56 9
166 945 16 3
167 1050 41 9
168 779 16 9
169 1316 26 25
170 695 30 11
171 1037 56 2
172 337 2 22
173 1252 28 12
174 944 36 11
175 1286 52 21
176 1126 49 4
177 1332 14 3
178 1275 13 18
179 484 36 25
180 832 33 6
181 722 56 3
182 451 58 15
183 915 40 5
184 1149 31 21
185 1287 26 13
186 1341 23 12
187 673 37 10
188 931 35 20
189 328 4 25
190 1314 57 21
191 1308 41 7
192 563 8 13
193 862 19 10
194 711 34 23
195 737 55 25
196 615 40 25
197 1057 15 11
198 654 27 3
199 1021 8 25
200 879 51 19