200
1 1119 26 73.015 
2 872 47 5.555 
3 1063 41 25.702 
4 656 58 70.847 
5 419 30 21.313 
6 1004 23 28.308 
7 137 10 82.776 
8 1339 5 83.638 
9 1071 36 4.028 
10 1111 16 5.524 
11 1300 55 8.367 
12 1132 18 75.847 
13 223 60 49.151 
14 407 39 21.033 
15 528 30 32.120 
16 1277 54 51.061 
17 254 47 50.817 
18 1395 40 92.725 
19 509 26 42.434 
20 859 44 51.109 
21 114 36 33.756 
22 287 33 95.432 
23 88 8 63.027 
24 1387 34 7.229 
25 964 8 27.081 
26 921 28 82.620 
27 158 44 4.146 
28 605 10 67.368 
29 610 11 41.982 
30 671 41 53.661 
31 554 8 64.799 
32 646 44 4.390 
33 395 27 55.989 
34 1397 41 72.262 
35 396 38 51.447 
36 384 50 54.605 
37 748 11 42.371 
38 344 16 3.486 
39 965 41 67.423 
40 715 12 94.306 
41 1273 19 21.426 
42 410 1 11.778 
43 317 25 28.154 
44 57 37 41.862 
45 571 51 48.495 
46 820 19 87.200 
47 718 56 41.849 
48 625 13 93.404 
49 846 18 25.195 
50 85 26 92.379 
51 311 19 18.777 
52 41 4 42.729 
53 1406 29 42.186 
54 506 42 37.722 
55 418 57 59.544 
56 981 34 77.814 
57 359 60 56.968 
58 305 19 28.239 
59 236 21 38.220 
60 434 34 11.504 
61 1359 33 40.341 
62 836 39 97.442 
63 1179 12 17.757 
64 1295 13 53.109 
65 528 59 20.186 
66 951 43 27.789 
67 589 58 50.155 
68 42 38 23.776 
69 921 55 34.347 
70 270 30 88.030 
71 44 20 45.389 
72 229 3 21.508 
73 607 34 61.055 
74 964 7 0.954 
75 59 7 48.311 
76 1031 23 90.669 
77 1021 7 54.222 
78 706 24 9.183 
79 1229 42 83.831 
80 1193 48 77.351 
81 796 31 4.667 
82 1356 35 52.732 
83 1409 40 30.775 
84 985 54 89.032 
85 817 21 62.386 
86 434 15 91.249 
87 583 33 66.067 
88 1320 35 36.052 
89 838 56 68.800 
90 964 10 17.869 
91 1164 14 8.538 
92 706 55 10.383 
93 1154 36 62.212 
94 53 27 49.807 
95 1304 35 98.272 
96 757 21 87.934 
97 288 30 5.102 
98 42 39 89.868 
99 91 14 76.907 
100 208 32 18.939 
101 952 46 9.984 
102 880 11 8.160 
103 310 59 98.002 
104 908 20 64.351 
105 110 14 62.338 
106 717 60 46.442 
107 65 56 49.909 
108 347 45 86.560 
109 1392 49 47.962 
110 427 17 44.206 
111 480 12 48.419 
112 599 15 35.532 
113 291 35 27.831 
114 256 52 51.490 
115 1389 1 87.081 
116 951 24 58.125 
117 760 32 14.336 
118 1058 57 90.473 
119 1393 17 44.029 
120 1048 35 30.422 
121 1250 29 29.464 
122 1135 19 79.942 
123 338 59 40.165 
124 3 9 7.192 
125 293 43 24.322 
126 850 24 11.519 
127 140 58 14.691 
128 425 20 29.498 
129 126 37 87.374 
130 25 42 43.214 
131 465 17 93.031 
132 608 36 45.599 
133 506 43 33.922 
134 257 58 74.477 
135 615 37 18.782 
136 200 16 48.440 
137 334 31 1.091 
138 520 10 22.466 
139 872 41 41.115 
140 804 43 53.254 
141 1365 11 4.556 
142 1432 60 90.751 
143 891 55 20.960 
144 1031 52 15.844 
145 154 9 53.586 
146 995 25 1.562 
147 170 49 8.964 
148 173 36 48.160 
149 535 24 11.596 
150 922 30 76.280 
151 692 5 63.578 
152 1199 20 36.570 
153 1146 49 19.201 
154 682 27 41.738 
155 7 27 54.357 
156 1037 49 30.039 
157 311 26 18.540 
158 192 15 16.163 
159 1000 33 83.097 
160 1168 35 75.860 
161 67 54 96.242 
162 377 56 82.191 
163 119 55 43.581 
164 272 6 0.074 
165 86 7 70.541 
166 654 28 60.032 
167 1012 11 99.116 
168 337 7 53.713 
169 986 53 47.514 
170 1367 27 69.346 
171 48 13 33.830 
172 1175 56 57.689 
173 912 24 80.484 
174 409 27 19.455 
175 946 15 51.255 
176 1241 10 64.643 
177 430 39 50.996 
178 102 13 8.429 
179 54 7 61.695 
180 592 30 71.108 
181 223 40 47.599 
182 1402 48 89.734 
183 1257 30 4.365 
184 736 28 0.637 
185 49 4 93.543 
186 831 15 84.072 
187 700 52 61.317 
188 288 51 37.456 
189 4 9 13.328 
190 1283 55 30.186 
191 899 58 43.096 
192 1379 60 71.618 
193 1434 60 39.814 
194 1037 54 72.909 
195 166 46 2.781 
196 608 17 99.107 
197 745 27 56.056 
198 22 46 41.082 
199 196 56 99.673 
200 605 15 85.389 
