200
1 231 13 3.125
2 462 33 91.606
3 446 46 95.367
4 1302 2 24.341
5 937 45 95.622
6 494 23 78.042
7 602 25 14.009
8 187 36 69.030
9 665 9 19.343
10 738 10 87.407
11 162 49 66.093
12 1190 32 34.753
13 1116 56 1.911
14 263 59 49.032
15 1370 27 20.287
16 682 58 51.553
17 759 46 71.269
18 1306 7 13.888
19 934 7 23.531
20 715 47 17.470
21 703 11 8.799
22 656 28 85.161
23 1128 19 2.628
24 1230 18 22.807
25 1231 5 46.911
26 735 6 93.856
27 300 31 13.294
28 379 43 54.893
29 1201 18 88.908
30 349 33 86.668
31 977 58 79.640
32 935 9 94.362
33 537 59 57.564
34 622 31 16.046
35 1149 1 39.354
36 610 53 87.306
37 256 45 58.227
38 694 47 29.485
39 1249 9 3.946
40 761 11 63.310
41 119 32 14.890
42 848 43 79.944
43 888 29 89.593
44 1418 59 41.892
45 900 35 75.861
46 706 32 25.216
47 1271 54 16.864
48 1126 26 73.662
49 1305 49 68.718
50 226 27 19.456
51 1342 41 86.254
52 11 36 94.870
53 1113 56 91.554
54 1021 51 88.419
55 1404 35 52.937
56 43 7 40.873
57 488 14 72.596
58 563 44 44.890
59 441 52 9.443
60 934 48 24.768
61 244 5 55.067
62 945 55 88.124
63 1001 51 3.373
64 457 17 60.848
65 428 22 96.314
66 883 29 87.483
67 212 54 27.463
68 751 36 82.007
69 358 27 58.145
70 468 43 5.852
71 1147 43 41.700
72 457 41 76.355
73 327 28 26.231
74 182 53 73.007
75 14 15 4.214
76 1195 39 89.324
77 450 38 19.248
78 525 11 53.682
79 1286 14 24.232
80 1027 38 26.229
81 508 50 46.554
82 1229 50 15.388
83 994 47 36.566
84 1012 26 49.749
85 1018 9 82.598
86 483 43 10.292
87 355 35 74.271
88 326 34 27.783
89 1210 57 7.807
90 1233 1 70.778
91 1262 46 21.323
92 392 40 75.942
93 808 14 97.747
94 537 42 30.480
95 458 34 76.085
96 1337 55 83.437
97 458 37 53.858
98 1049 58 73.576
99 859 36 91.305
100 50 4 68.655
101 192 16 35.863
102 261 49 87.586
103 1042 37 99.592
104 911 28 77.938
105 852 16 80.813
106 207 18 18.851
107 105 25 82.834
108 680 52 2.100
109 311 59 14.709
110 638 7 56.331
111 1284 23 88.162
112 1343 3 50.377
113 439 4 72.707
114 1364 58 2.955
115 557 50 25.527
116 225 11 76.727
117 446 6 48.838
118 651 49 28.452
119 1107 12 32.453
120 594 22 98.342
121 612 54 3.489
122 1158 39 39.838
123 621 45 18.487
124 1130 22 48.489
125 1110 2 11.704
126 1381 44 35.554
127 303 54 18.997
128 1154 58 41.504
129 1150 34 7.092
130 226 44 62.951
131 310 53 4.289
132 559 10 82.088
133 782 12 49.532
134 500 17 99.851
135 205 33 28.060
136 378 33 61.972
137 1414 49 56.802
138 74 42 11.577
139 467 40 85.123
140 1159 20 32.434
141 100 40 24.063
142 104 15 45.681
143 778 45 60.839
144 489 43 73.712
145 1269 18 91.930
146 181 32 18.882
147 844 25 35.710
148 1192 49 16.917
149 584 43 15.695
150 702 17 66.436
151 304 1 1.879
152 751 58 33.915
153 757 47 55.217
154 700 15 89.794
155 844 35 52.304
156 1176 2 93.475
157 127 48 79.514
158 722 34 57.410
159 1410 46 13.785
160 925 51 25.471
161 1437 2 33.625
162 552 26 8.542
163 643 1 13.820
164 858 20 90.996
165 281 4 93.296
166 303 8 34.420
167 476 5 7.021
168 424 33 34.754
169 903 2 62.789
170 103 6 42.234
171 840 57 91.291
172 1180 39 4.035
173 393 26 5.582
174 790 16 27.129
175 925 60 22.136
176 638 16 80.627
177 508 36 48.816
178 441 26 66.975
179 888 51 92.419
180 571 23 11.807
181 894 17 69.599
182 386 37 70.808
183 946 33 13.290
184 974 2 38.506
185 650 44 8.021
186 424 39 81.282
187 896 44 47.425
188 397 33 3.378
189 786 18 38.540
190 301 4 54.753
191 565 18 82.563
192 193 17 9.711
193 213 48 91.434
194 1344 31 78.308
195 172 12 21.159
196 698 1 82.778
197 538 24 30.411
198 419 19 82.040
199 327 3 87.934
200 102 20 3.851
