177
1 119 33 60.143
2 885 60 33.328
3 562 20 76.445
4 785 46 4.595
5 1160 15 7.535
6 1410 50 69.484
7 902 9 41.391
8 989 56 59.188
9 1257 38 30.885
10 723 13 16.412
11 846 32 5.779
12 644 35 93.165
13 890 4 31.534
14 1337 29 94.499
15 25 47 22.374
16 224 48 80.479
17 872 44 96.686
18 170 6 25.244
19 1417 57 32.36
20 644 27 52.515
21 535 21 44.154
22 979 34 52.899
23 1184 46 1.5
24 487 33 29.503
25 1282 1 11.718
26 378 22 38.35
27 215 19 98.869
28 1423 56 27.03
29 1016 15 59.152
30 676 8 76.971
31 1384 26 81.987
32 589 42 83.869
33 424 48 84.013
34 961 13 15.721
35 40 44 73.246
36 1279 5 87.343
37 568 3 81.234
38 70 45 4.628
39 1266 10 28.208
40 978 6 18.72
41 1251 7 53.623
42 517 2 73.115
43 1293 56 88.074
44 1249 10 7.161
45 489 2 76.833
46 985 22 88.55
47 1102 60 36.531
48 80 42 62.247
49 1355 34 20.375
50 1320 46 52.33
51 190 26 43.824
52 903 15 87.257
53 932 4 86.863
54 1378 7 89.1
55 1314 29 80.338
56 1417 7 11.106
57 183 18 62.303
58 548 11 46.775
59 1131 29 5.054
60 1200 32 57.115
61 1377 54 73.851
62 867 7 39.219
63 686 13 7.024
64 151 3 65.024
65 1132 57 8.598
66 1013 29 26.142
67 294 13 59.121
68 760 7 10.932
69 983 36 26.767
70 697 9 47.306
71 845 12 94.467
72 1195 16 57.963
73 1284 57 89.745
74 854 27 26.837
75 384 16 53.256
76 1409 5 73.371
77 560 55 50.57
78 889 60 78.671
79 165 26 28.428
80 1236 52 78.805
81 344 14 25.376
82 378 16 52.301
83 873 26 38.097
84 221 18 82.889
85 575 48 15.892
86 1109 32 49.466
87 1349 58 16.418
88 561 30 61.943
89 232 27 51.565
90 787 50 50.881
91 134 12 93.54
92 1301 25 1.689
93 1064 28 36.705
94 1090 6 51.105
95 744 3 70.226
96 557 7 98.287
97 241 29 26.155
98 1424 22 73.914
99 1272 29 79.786
100 514 53 7.732
101 1122 34 41.343
102 1089 34 52.108
103 530 4 3.737
104 168 7 41.745
105 648 51 12.3
106 1124 7 32.988
107 121 57 8.511
108 928 19 14.87
109 156 32 71.433
110 25 44 22.242
111 1220 9 61.451
112 470 44 58.663
113 49 13 34.709
114 327 27 20.188
115 355 15 53.208
116 681 56 82.253
117 325 56 25.614
118 1035 37 66.849
119 357 53 88.614
120 680 24 60.317
121 768 5 73.601
122 1370 50 42.421
123 1207 16 58.857
124 1414 9 28.358
125 1217 32 38.776
126 582 5 4.337
127 531 6 8.855
128 750 30 16.224
129 933 8 77.956
130 750 35 24.118
131 1412 23 23.937
132 1344 42 1.927
133 935 13 5.341
134 493 28 76.294
135 677 27 45.412
136 502 40 74.172
137 547 57 10.976
138 16 51 50.369
139 24 50 74.22
140 350 9 18.647
141 464 29 58.591
142 913 12 99.409
143 220 56 5.219
144 1080 42 87.348
145 944 6 98.08
146 690 23 42.449
147 650 20 57.432
148 249 35 96.277
149 147 14 51.839
150 360 18 81.694
151 262 19 16.098
152 372 5 16.34
153 1207 4 89.453
154 451 49 58.339
155 1418 54 54.648
156 654 36 83.319
157 1380 23 87.266
158 1030 3 52.406
159 426 45 63.483
160 990 33 36.419
161 1372 39 69.42
162 649 30 70.502
163 944 33 58.611
164 286 25 8.229
165 144 39 28.461
166 340 23 9.629
167 703 59 21.261
168 1359 44 78.629
169 566 6 4.544
170 1309 2 85.591
171 43 59 34.776
172 1029 23 99.076
173 1338 7 65.971
174 919 57 83.489
175 564 54 15.08
176 540 13 85.97
177 494 36 63.994
