200
1 180 6 95.185
2 351 29 96.559
3 1021 13 85.188
4 1438 53 19.255
5 614 12 98.358
6 946 5 58.506
7 846 16 53.644
8 412 22 41.343
9 370 2 80.342
10 476 4 24.264
11 1313 17 82.246
12 1193 30 57.056
13 16 30 52.047
14 1433 49 68.366
15 1218 30 1.718
16 750 48 1.013
17 923 27 96.346
18 545 30 10.845
19 1164 18 26.953
20 1286 46 76.607
21 282 37 26.868
22 265 45 5.563
23 1178 21 6.661
24 797 42 36.929
25 1375 58 48.181
26 218 23 34.836
27 702 1 68.719
28 1418 25 70.102
29 905 3 18.444
30 903 20 20.997
31 1101 7 8.804
32 1361 31 62.532
33 326 5 29.257
34 812 24 3.536
35 1185 37 59.978
36 787 19 64.247
37 102 45 33.914
38 794 10 35.889
39 356 43 44.029
40 222 12 73.698
41 114 40 61.742
42 1417 51 15.922
43 85 17 82.538
44 801 34 94.672
45 717 42 2.665
46 478 22 44.524
47 925 55 45.670
48 1177 29 18.758
49 583 32 4.941
50 651 7 10.510
51 143 47 56.603
52 602 30 0.178
53 127 8 95.108
54 1214 2 62.703
55 119 37 49.113
56 1336 17 25.626
57 1323 19 59.221
58 689 48 42.507
59 371 23 9.091
60 326 13 63.247
61 507 26 27.706
62 347 7 8.718
63 26 53 72.966
64 1218 6 93.649
65 1258 59 53.367
66 1200 49 12.265
67 820 57 74.711
68 1405 10 75.581
69 599 11 31.877
70 777 37 19.059
71 220 51 59.146
72 57 28 70.779
73 751 23 85.750
74 477 10 75.062
75 518 40 88.989
76 1248 45 19.497
77 617 38 16.592
78 502 49 73.831
79 1131 2 4.042
80 949 9 23.428
81 441 59 87.005
82 1146 48 59.863
83 1389 13 92.283
84 104 60 89.824
85 1415 39 60.016
86 832 25 16.172
87 614 24 22.499
88 619 60 1.529
89 426 29 13.594
90 178 16 11.320
91 349 9 89.954
92 786 59 75.594
93 426 60 6.588
94 1165 6 72.223
95 959 23 36.917
96 306 56 21.835
97 291 53 63.218
98 1372 10 83.736
99 1288 33 43.229
100 852 22 57.872
101 1285 32 3.718
102 147 51 35.188
103 534 57 51.294
104 1419 15 68.061
105 122 58 11.642
106 101 8 48.177
107 642 52 15.185
108 823 16 51.402
109 195 37 30.730
110 488 1 7.322
111 1394 13 74.475
112 441 52 65.103
113 604 53 21.279
114 1044 31 42.087
115 776 55 52.234
116 921 30 74.661
117 462 6 17.419
118 799 29 44.221
119 464 14 62.692
120 867 4 63.682
121 706 46 52.827
122 979 11 98.012
123 1186 58 1.997
124 1330 22 20.806
125 1023 22 25.859
126 1439 38 79.822
127 314 53 40.435
128 504 11 28.101
129 923 13 95.544
130 920 27 62.178
131 1272 5 90.730
132 938 42 55.844
133 954 44 74.093
134 534 44 33.170
135 280 51 65.839
136 846 28 67.313
137 522 46 18.837
138 1159 19 63.908
139 1285 40 73.580
140 1315 43 96.993
141 316 34 98.557
142 961 49 3.048
143 791 35 98.381
144 306 50 51.943
145 1113 35 38.820
146 774 27 15.029
147 554 15 32.463
148 1145 20 98.123
149 1138 36 4.175
150 230 24 64.845
151 292 42 62.769
152 317 27 19.551
153 1255 47 55.408
154 1245 20 25.590
155 960 43 88.723
156 283 7 79.076
157 531 54 3.581
158 862 60 1.059
159 1044 15 7.623
160 195 17 27.408
161 579 15 94.410
162 875 36 93.277
163 635 27 13.952
164 1036 18 92.481
165 553 42 13.008
166 59 25 55.012
167 45 22 80.931
168 564 10 39.401
169 312 59 29.391
170 1293 13 91.273
171 221 38 53.325
172 276 50 3.852
173 738 55 19.709
174 63 37 91.268
175 323 57 88.661
176 981 20 60.128
177 508 9 7.837
178 1152 12 90.914
179 1403 58 21.962
180 912 33 97.785
181 828 60 7.397
182 874 32 20.608
183 459 8 40.053
184 734 45 42.570
185 50 11 43.956
186 781 17 14.048
187 1154 6 1.835
188 287 59 91.908
189 903 3 36.414
190 1062 25 0.892
191 796 19 90.082
192 790 14 14.567
193 86 37 2.654
194 530 3 41.283
195 892 27 11.676
196 1036 60 37.569
197 997 31 36.445
198 298 58 67.006
199 1180 2 4.338
200 716 43 95.264
