200
1 236 25 39
2 203 13 49
3 423 39 65
4 623 6 28
5 587 30 20
6 1263 2 99
7 1126 48 15
8 338 21 49
9 361 40 35
10 972 54 62
11 569 44 50
12 190 3 29
13 630 12 80
14 60 52 53
15 1155 15 90
16 642 38 81
17 656 45 86
18 1247 25 86
19 775 34 5
20 1023 54 36
21 542 20 51
22 623 31 30
23 260 51 79
24 501 43 33
25 565 13 93
26 1197 56 87
27 737 22 60
28 913 55 24
29 217 16 62
30 187 7 37
31 1244 42 64
32 530 5 84
33 735 15 57
34 80 1 72
35 1097 46 96
36 37 24 28
37 1279 18 92
38 1088 27 22
39 667 32 91
40 627 7 17
41 1034 18 36
42 524 48 63
43 650 30 55
44 721 60 21
45 129 8 4
46 1279 54 98
47 615 50 24
48 800 16 92
49 1418 7 53
50 1140 18 20
51 1287 19 86
52 1152 9 86
53 1295 12 25
54 1431 48 53
55 1057 49 61
56 953 27 60
57 1283 53 97
58 152 19 98
59 383 42 76
60 645 26 32
61 619 12 96
62 699 19 78
63 76 16 31
64 876 37 19
65 1387 19 36
66 372 2 5
67 1084 57 36
68 898 18 8
69 978 54 23
70 989 13 95
71 991 12 39
72 737 33 37
73 71 24 25
74 1247 5 58
75 891 10 19
76 389 21 98
77 1125 40 62
78 1316 26 30
79 461 43 7
80 1390 51 83
81 1052 17 42
82 520 44 86
83 501 2 37
84 1308 20 29
85 570 5 35
86 1294 40 46
87 1128 30 18
88 576 24 76
89 154 33 38
90 942 1 9
91 277 56 10
92 430 42 94
93 745 12 15
94 125 59 16
95 1225 50 28
96 1045 13 26
97 972 18 65
98 1088 18 86
99 936 1 99
100 674 12 95
101 451 41 71
102 184 54 65
103 349 45 73
104 622 20 39
105 1172 31 39
106 1266 38 29
107 768 9 88
108 1406 36 51
109 578 53 89
110 1218 44 43
111 34 39 97
112 1220 54 82
113 882 7 90
114 1224 28 97
115 335 35 41
116 587 36 2
117 506 9 81
118 1071 45 91
119 1068 47 4
120 384 46 1
121 722 14 1
122 1295 17 51
123 1219 50 83
124 69 23 87
125 99 29 40
126 557 14 45
127 512 58 91
128 1092 17 35
129 1372 52 87
130 715 28 79
131 63 15 86
132 1160 31 74
133 215 5 74
134 917 17 16
135 1029 1 66
136 1413 54 25
137 900 41 63
138 649 54 30
139 1171 12 22
140 631 60 60
141 1235 10 70
142 976 15 25
143 121 30 90
144 1350 42 85
145 311 3 55
146 193 42 67
147 1095 52 10
148 68 52 88
149 1075 12 10
150 495 14 63
151 1209 3 92
152 1047 35 50
153 1319 36 93
154 1144 38 66
155 439 25 48
156 390 24 99
157 440 20 92
158 1238 20 78
159 1192 2 55
160 1233 4 62
161 104 30 51
162 1341 34 42
163 1120 41 99
164 1349 58 92
165 4 59 39
166 96 32 98
167 1253 37 22
168 260 4 55
169 1365 38 34
170 453 42 44
171 1120 32 73
172 491 20 53
173 245 17 51
174 1372 44 63
175 387 29 86
176 49 24 20
177 1302 16 57
178 208 2 51
179 1397 10 15
180 687 7 48
181 1170 53 29
182 104 9 40
183 1418 1 76
184 870 50 84
185 222 32 1
186 217 4 62
187 155 25 6
188 841 5 94
189 850 24 77
190 599 16 58
191 574 30 84
192 165 8 67
193 214 58 76
194 1141 1 31
195 1255 47 25
196 1336 19 32
197 734 23 82
198 741 30 15
199 133 12 91
200 1343 2 67
