196
1 1401 31 33.347
2 835 27 62.395
3 656 54 11.405
4 1404 56 39.419
5 590 32 34.84
6 859 1 44.2
7 1292 40 57.188
8 1134 44 45.046
9 916 43 51.157
10 1181 24 47.414
11 1386 9 18.176
12 394 15 62.705
13 70 43 92.99
14 40 5 12.661
15 204 27 36.486
16 1388 48 37.958
17 239 4 63.868
18 937 53 83.883
19 826 40 12.048
20 704 38 8.869
21 206 53 5.96
22 1067 26 5.929
23 893 35 15.078
24 824 43 10.438
25 588 10 56.0
26 1266 51 13.608
27 1271 50 54.633
28 243 24 35.055
29 168 56 55.474
30 1222 8 1.751
31 940 34 54.631
32 775 2 23.243
33 1278 33 53.381
34 791 40 5.112
35 378 26 3.187
36 991 37 80.857
37 881 39 20.27
38 1436 37 4.324
39 1376 1 52.729
40 1069 33 53.473
41 1413 26 28.004
42 794 5 44.41
43 1252 16 87.494
44 1369 13 51.884
45 1096 43 25.109
46 983 37 47.516
47 1295 7 76.381
48 657 57 17.014
49 1157 9 58.73
50 650 47 44.892
51 107 21 28.573
52 1434 44 22.603
53 625 44 5.866
54 564 11 47.934
55 177 7 67.914
56 1046 48 29.786
57 942 32 94.721
58 675 1 4.103
59 22 16 16.935
60 192 25 16.385
61 449 10 1.701
62 161 7 61.362
63 954 6 88.689
64 371 56 40.35
65 739 6 4.044
66 116 32 10.628
67 1030 17 26.362
68 1308 20 84.117
69 254 44 27.422
70 1259 47 19.43
71 795 25 64.67
72 1283 59 27.386
73 408 24 86.31
74 674 40 38.757
75 151 52 49.585
76 1241 38 11.389
77 1103 7 29.354
78 420 59 19.919
79 718 16 33.785
80 770 49 27.964
81 908 41 2.838
82 745 6 30.225
83 1042 57 90.963
84 1169 52 72.14
85 1197 55 51.053
86 1287 41 88.03
87 749 27 56.658
88 1138 11 1.61
89 1439 13 37.582
90 55 34 69.626
91 234 13 58.479
92 318 13 81.793
93 354 28 54.941
94 214 8 58.525
95 981 18 38.286
96 1037 31 27.725
97 331 39 26.245
98 132 23 26.655
99 642 4 70.966
100 1385 43 37.515
101 1059 11 27.672
102 5 4 77.309
103 1147 48 49.634
104 310 7 99.871
105 1202 15 2.659
106 1108 18 49.201
107 403 55 90.022
108 1062 36 92.983
109 895 44 77.498
110 135 1 97.191
111 1098 2 64.886
112 1 9 15.354
113 1195 16 20.616
114 1180 15 78.839
115 94 12 84.122
116 698 14 18.898
117 539 37 54.403
118 421 45 79.842
119 1391 49 10.719
120 1159 36 54.099
121 481 15 34.361
122 19 58 84.722
123 407 46 44.824
124 985 27 96.288
125 544 9 68.852
126 864 8 94.414
127 1420 34 48.05
128 980 16 28.861
129 1146 20 20.143
130 1350 39 47.813
131 293 55 80.34
132 563 10 55.461
133 912 20 21.294
134 695 53 33.721
135 1182 17 14.236
136 1281 44 52.843
137 89 9 59.573
138 248 16 1.904
139 850 45 25.188
140 766 26 44.645
141 1331 36 35.671
142 1141 43 76.554
143 808 43 70.023
144 1179 11 62.628
145 513 13 36.312
146 1129 4 86.412
147 647 11 3.059
148 1423 30 68.368
149 643 44 37.047
150 1164 17 18.751
151 741 38 58.31
152 792 37 35.782
153 645 48 85.184
154 320 38 93.52
155 1081 31 2.111
156 387 42 39.519
157 187 28 5.773
158 1378 38 15.874
159 199 24 73.559
160 144 7 43.069
161 1006 55 51.134
162 379 39 13.525
163 830 25 14.972
164 684 27 97.606
165 23 35 5.803
166 1408 9 61.733
167 703 51 90.146
168 1151 56 40.847
169 182 7 92.297
170 1355 2 59.882
171 569 57 92.008
172 613 15 68.122
173 633 36 53.771
174 1012 55 27.94
175 51 57 46.429
176 304 33 94.266
177 1247 20 92.674
178 889 38 12.562
179 1209 42 6.64
180 1024 31 80.466
181 557 52 31.173
182 1114 13 22.091
183 227 6 33.738
184 1352 30 54.278
185 127 39 55.557
186 1087 11 85.551
187 1003 48 61.248
188 456 58 91.303
189 181 48 75.377
190 631 46 36.548
191 740 17 82.279
192 424 21 48.058
193 297 37 29.043
194 104 8 56.049
195 646 50 81.713
196 1043 17 13.695
