200
1 1418 21 71
2 1064 4 37
3 312 57 60
4 342 35 71
5 656 4 24
6 764 3 6
7 1032 8 38
8 514 18 63
9 1214 9 1
10 695 35 23
11 125 6 75
12 774 23 93
13 1357 58 36
14 929 58 20
15 1073 20 75
16 160 47 31
17 1157 50 78
18 111 37 68
19 248 53 45
20 1069 13 66
21 1363 49 30
22 1134 41 50
23 132 29 90
24 1421 52 75
25 1256 54 99
26 162 30 74
27 112 47 95
28 1111 20 45
29 261 35 44
30 1275 39 34
31 901 52 89
32 1270 48 31
33 470 38 76
34 481 16 29
35 573 54 71
36 1419 16 73
37 437 35 70
38 1323 38 89
39 1229 9 15
40 571 36 50
41 466 2 85
42 292 57 58
43 737 22 18
44 603 17 25
45 1039 54 90
46 1028 35 45
47 1160 31 56
48 575 12 25
49 931 7 56
50 502 56 43
51 642 48 55
52 530 7 8
53 669 16 17
54 893 38 71
55 1087 24 71
56 1350 44 53
57 397 48 87
58 609 57 52
59 575 58 27
60 1081 56 25
61 736 32 10
62 956 24 35
63 856 5 60
64 93 9 71
65 1201 21 74
66 889 25 64
67 1245 48 50
68 1334 53 49
69 122 33 11
70 1019 48 63
71 1243 22 39
72 695 39 47
73 374 57 25
74 538 20 67
75 1235 2 19
76 1244 29 29
77 105 14 71
78 521 17 12
79 1278 2 68
80 363 45 72
81 1109 22 1
82 361 52 71
83 861 19 72
84 1392 51 18
85 635 6 68
86 503 25 66
87 459 53 79
88 545 42 72
89 230 9 49
90 109 24 78
91 1386 24 79
92 964 34 71
93 341 11 11
94 35 15 3
95 283 39 59
96 180 24 12
97 1112 45 98
98 314 12 21
99 939 37 54
100 117 16 61
101 531 47 23
102 1116 32 26
103 915 26 15
104 883 40 57
105 10 53 35
106 1304 15 70
107 499 23 63
108 154 36 42
109 484 11 86
110 211 49 44
111 1219 57 88
112 501 55 45
113 974 19 68
114 391 20 59
115 220 18 24
116 381 55 26
117 496 11 8
118 796 23 81
119 773 28 54
120 932 51 68
121 77 2 90
122 896 16 76
123 789 54 79
124 368 9 11
125 431 26 85
126 874 13 36
127 696 58 51
128 1418 4 78
129 1291 11 8
130 321 25 71
131 843 20 42
132 313 36 32
133 310 14 65
134 801 54 61
135 868 53 29
136 81 38 82
137 187 22 7
138 409 48 35
139 1003 53 33
140 47 15 96
141 1229 29 95
142 440 10 37
143 1 33 56
144 1184 38 13
145 1156 33 26
146 418 58 31
147 915 50 8
148 1302 33 22
149 429 42 70
150 839 42 3
151 282 30 48
152 288 1 15
153 66 51 53
154 1199 37 20
155 435 45 55
156 1320 36 5
157 1417 19 54
158 258 37 68
159 161 11 46
160 611 5 44
161 1322 36 66
162 82 19 43
163 166 30 8
164 778 45 35
165 220 29 65
166 29 16 1
167 144 8 35
168 1310 44 60
169 448 41 3
170 1095 36 5
171 1101 22 43
172 643 17 96
173 856 24 58
174 448 33 4
175 16 50 40
176 810 45 18
177 893 23 89
178 577 39 65
179 598 15 23
180 883 20 11
181 226 47 58
182 259 56 71
183 728 31 20
184 1004 39 9
185 1194 32 98
186 871 36 31
187 974 9 3
188 95 4 61
189 813 19 16
190 1031 53 76
191 779 19 83
192 78 6 60
193 189 12 65
194 711 2 29
195 34 17 19
196 113 16 98
197 405 22 5
198 485 23 92
199 400 56 7
200 470 30 64