193
1 1031 9 52
2 74 12 28
3 240 5 21
4 1181 6 32
5 188 40 95
6 483 38 28
7 434 6 4
8 1273 29 9
9 336 24 28
10 132 12 17
11 1428 3 19
12 1409 6 51
13 1267 4 29
14 250 36 17
15 1061 21 19
16 1104 37 19
17 934 1 19
18 451 46 1
19 975 1 60
20 983 35 71
21 1191 48 33
22 91 27 84
23 256 56 78
24 116 10 29
25 236 9 97
26 432 17 85
27 1403 11 91
28 1301 9 8
29 604 51 57
30 945 4 65
31 1104 58 28
32 524 5 34
33 344 17 72
34 898 24 22
35 12 29 91
36 1364 56 62
37 161 16 6
38 1397 29 75
39 266 2 42
40 124 5 18
41 1097 31 21
42 807 58 87
43 816 44 74
44 540 39 58
45 99 3 40
46 636 2 22
47 1109 24 90
48 1080 12 92
49 240 57 76
50 734 5 49
51 285 59 46
52 502 45 82
53 164 3 55
54 401 45 13
55 498 35 94
56 1410 9 26
57 956 22 15
58 1324 19 50
59 779 39 56
60 1314 11 95
61 910 16 63
62 713 52 64
63 1038 15 45
64 201 18 21
65 322 15 75
66 1070 45 59
67 1308 29 2
68 660 60 93
69 1383 60 96
70 247 51 41
71 30 33 98
72 1391 16 22
73 673 35 43
74 124 57 60
75 610 51 72
76 932 36 15
77 258 11 40
78 416 22 89
79 283 46 45
80 758 40 60
81 778 31 8
82 280 16 25
83 133 29 39
84 987 29 88
85 427 25 8
86 217 55 92
87 248 15 71
88 2 27 91
89 407 27 23
90 998 13 73
91 72 9 71
92 503 57 24
93 473 21 40
94 964 41 46
95 919 16 88
96 245 41 22
97 1218 52 59
98 502 10 42
99 967 59 39
100 397 32 23
101 920 51 27
102 820 51 8
103 763 39 62
104 975 17 26
105 1302 4 65
106 493 21 20
107 895 56 88
108 622 29 96
109 742 41 12
110 1118 46 11
111 454 42 16
112 1128 48 73
113 540 54 72
114 1166 40 32
115 1160 36 36
116 517 30 29
117 912 33 4
118 633 1 83
119 1206 20 84
120 720 8 86
121 739 51 4
122 1190 36 7
123 889 24 73
124 1299 8 26
125 213 59 70
126 812 13 64
127 1196 6 88
128 769 4 69
129 363 40 40
130 866 11 60
131 1017 5 53
132 1175 10 56
133 555 60 2
134 744 46 32
135 526 38 87
136 1002 28 62
137 1284 44 60
138 691 20 78
139 1425 29 8
140 109 7 76
141 121 11 88
142 966 32 13
143 1194 2 58
144 53 33 22
145 963 53 97
146 351 47 53
147 673 20 82
148 418 43 67
149 903 42 77
150 184 16 28
151 156 40 85
152 545 16 51
153 1302 54 28
154 856 50 91
155 50 51 3
156 962 18 49
157 1176 18 75
158 557 37 45
159 572 28 78
160 711 14 34
161 1072 45 79
162 678 22 14
163 930 58 36
164 686 27 97
165 152 13 5
166 1088 38 15
167 765 54 29
168 1164 37 14
169 1169 19 92
170 1147 48 97
171 232 28 66
172 853 10 21
173 392 24 3
174 59 5 50
175 114 42 50
176 1399 22 87
177 251 50 15
178 355 35 18
179 467 33 64
180 407 6 97
181 199 41 39
182 431 15 85
183 872 21 81
184 1285 35 11
185 1283 16 92
186 248 51 64
187 959 1 27
188 875 24 89
189 587 50 76
190 585 44 55
191 734 36 17
192 547 12 57
193 537 18 8