162
1 1390 6 26
2 1174 21 26
3 1300 29 76
4 883 51 35
5 710 25 42
6 1242 44 26
7 902 41 26
8 726 10 21
9 853 59 78
10 147 45 66
11 590 46 94
12 87 1 17
13 1101 53 11
14 169 41 25
15 1436 12 85
16 337 50 29
17 1280 7 54
18 463 39 66
19 272 20 64
20 1086 47 96
21 37 6 28
22 1199 26 50
23 1106 11 52
24 318 47 14
25 1099 32 26
26 375 25 41
27 1342 57 74
28 917 7 23
29 767 10 68
30 207 11 40
31 839 41 81
32 565 23 20
33 385 54 44
34 1031 41 61
35 194 25 56
36 1222 42 93
37 707 31 49
38 700 31 51
39 996 59 20
40 1167 36 4
41 1107 49 34
42 247 37 59
43 513 33 5
44 395 37 56
45 945 44 72
46 339 50 7
47 255 12 16
48 102 48 81
49 371 36 10
50 34 60 88
51 1280 6 11
52 1134 48 12
53 758 19 76
54 333 21 90
55 397 54 3
56 748 5 1
57 1389 44 45
58 99 37 43
59 382 8 24
60 561 15 27
61 1364 13 58
62 48 46 12
63 871 55 73
64 155 26 48
65 1213 11 72
66 507 54 91
67 738 28 78
68 995 52 57
69 900 35 99
70 638 49 25
71 552 38 83
72 609 16 81
73 1137 22 27
74 767 31 41
75 870 14 8
76 1193 51 86
77 862 48 98
78 848 42 20
79 431 2 22
80 882 23 70
81 212 26 54
82 372 4 74
83 574 54 41
84 277 1 72
85 91 27 60
86 636 13 53
87 380 31 54
88 252 48 90
89 966 3 98
90 651 27 95
91 695 16 67
92 698 19 22
93 730 20 49
94 689 21 33
95 753 5 42
96 992 6 98
97 177 36 71
98 1274 1 14
99 1008 3 80
100 234 30 97
101 923 36 76
102 801 16 32
103 274 23 88
104 648 44 9
105 35 46 30
106 1047 48 96
107 232 57 93
108 1094 29 80
109 388 1 37
110 440 60 70
111 1092 16 89
112 410 13 37
113 934 26 50
114 511 37 95
115 482 3 20
116 1254 8 13
117 772 37 95
118 631 26 85
119 684 30 40
120 556 16 67
121 1200 9 81
122 85 26 52
123 191 58 83
124 579 16 23
125 198 10 29
126 1162 43 25
127 888 24 18
128 1377 52 26
129 941 18 44
130 891 18 55
131 295 12 10
132 1080 31 59
133 800 29 24
134 1053 57 46
135 389 17 21
136 200 27 8
137 958 18 40
138 1077 58 30
139 1402 7 71
140 207 42 63
141 454 11 49
142 198 43 66
143 29 33 34
144 393 60 13
145 1159 45 53
146 1275 50 3
147 776 15 9
148 1012 48 55
149 815 17 91
150 490 30 42
151 18 22 11
152 782 56 48
153 1092 2 73
154 449 33 64
155 399 13 74
156 1304 37 63
157 517 7 44
158 1403 11 88
159 413 38 43
160 1220 58 18
161 1333 54 26
162 680 27 64
