200
1 10 8 72.88
2 10 8 72.88
3 10 8 27
4 190 17 16.222
5 1221 60 55.01
6 921 1 30.65
7 50 60 99
8 1440 60 99.999 
9 300 12 8.4
10 698 19 15.293
11 17 3 0.331
12 17 5 1.2
13 1281 45 79.3
14 455 37 32.55
15 182 19 55.667
16 1008 58 34.11
17 1 1 2
18 1 1 3
19 1002 42 41.00
20 865 2 3.44
21 211 21 21.111
22 379 10 30
23 200 5 60 
24 200 1 30
25 200 3 25
26 200 1 5
27 628 19 1.44
28 92 37 2.5
29 739 19 42.11
30 827 47 29.926
31 617 32 28.22
32 188 20 10
33 700 2 92
34 700 2 92
35 700 3 99
36 892 49 29.33
37 569 53 76.109
38 282 10 20
39 1440 1 1.02
40 882 10 55
41 882 10 45
42 1199 37 30.82
43 364 19 23
44 380 10 38.827
45 903 52 39.4
46 382 3 44
47 355 3 44
48 172 10 2
49 632 28 3.4
50 444 38 43.45
51 428 23 49.9
52 680 58 33.28
53 555 45 99
54 555 35 99
55 882 19 29.42
56 791 44 32.8
57 288 2 0.099
58 341 29 1.2
59 700 8 90 
60 700 2 30
61 700 3 20
62 700 3 40
63 294 32 93.2
64 843 10 12.3
65 475 2 2.3
66 480 43 27.334
67 520 29 3.3
68 643 30 45
69 643 30 55.021
70 1232 23 19.0
71 1329 19 3.5
72 1311 45 23.445
73 1123 13 55.2
74 1132 55 82.3
75 1000 55 82.3
76 1142 12 3.825
77 1320 38 43.357
78 992 49 23.4
79 838 22 2.838
80 1277 35 92.3
81 1277 37 92.3
82 1277 34 90.1
83 1290 2 2.2
84 829 18 3.45
85 572 37 24.56
86 628 39 45
87 910 31 11.234
88 442 10 90 
89 442 6 10 
90 442 2 35
91 442 2 45
92 1211 20 3.667
93 920 20 72.1
94 420 20 4.20
95 19 28 1.0 
96 191 3 3.55
97 888 20 3.44
98 937 50 84.28
99 635 42 19.4
100 600 30 20
101 772 45 44.65 
102 772 45 49.65
103 621 12 23.4
104 84 1 9.203
105 1093 51 82.62
106 828 23 22
107 494 34 78.8 
108 500 34 78.8
109 288 2 1.0
110 377 23 43.4
111 294 3 4
112 308 39 23.9
113 593 32 43
114 608 27 9.2
115 721 15 24
116 910 39 39.2 
117 910 41 39.2
118 1183 21 2
119 1382 2 15 
120 1382 2 15
121 18 2 3.27
122 99 56 12.274
123 1239 31 33
124 129 12 3.7
125 1108 18 29.7
126 967 7 60.0 
127 967 2 15
128 967 1 15
129 967 4 30
130 267 2 3.12
131 438 18 3
132 439 29 10.9
133 539 21 23.4
134 640 45 39 
135 640 45 32
136 713 43 22.536
137 823 34 19.3
138 937 36 28
139 1156 44 36.7
140 978 23 12.28
141 617 42 24 
142 652 55 39
143 811 30 88 
144 820 30 88
145 900 18 37 
146 900 19 38
147 925 40 40
148 1135 24 2.890
149 1179 38 42
150 1220 21 19.75
151 755 45 45.5
152 755 45 47.576
153 293 2 1.8
154 849 20 39.22
155 88 2 0.773
156 394 5 5.5
157 1440 1 0.001 
158 1321 17 2.54
159 1320 17 3.5
160 946 32 28
161 298 21 11
162 458 2 3.45
163 708 27 38 
164 708 27 35
165 816 2 7.2
166 850 7 23
167 856 23 12
168 901 52 13
169 922 17 33 
170 935 17 33
171 1075 45 98
172 289 10 2.455
173 1120 43 22.56
174 1134 43 74.6
175 1205 27 76 
176 1205 30 76
177 1128 21 11
178 393 8 14.6
179 480 21 12.384
180 518 16 15.382
181 728 29 18.377
182 728 29 18.377
183 825 20 22
184 636 28 12
185 484 47 43.255
186 563 34 21.2
187 894 29 3.4
188 1300 15 90 
189 1300 5 82
190 1300 5 20
191 1300 2 2
192 1300 3 4
193 1320 52 34.35
194 1315 45 31
195 1165 20 3.863
196 572 47 71 
197 572 47 59
198 699 59 69
199 892 7 7.297
200 2 2 5.552
