200
1 51 35 45.538
2 1334 25 45.767
3 585 7 77.299
4 135 24 68.912
5 1195 41 48.05
6 1337 31 62.54
7 1220 36 2.036
8 28 10 25.95
9 819 28 39.956
10 244 57 24.776
11 1147 55 75.338
12 101 47 0.914
13 836 18 31.371
14 772 3 9.587
15 164 1 55.771
16 1320 55 63.884
17 772 11 53.582
18 1311 14 28.702
19 505 53 68.576
20 808 51 31.23
21 335 16 88.866
22 187 54 66.187
23 356 35 3.084
24 38 37 9.23
25 1186 48 79.243
26 939 56 4.9
27 733 50 93.572
28 1238 34 94.983
29 287 18 75.894
30 1399 6 5.475
31 1197 16 10.115
32 404 8 38.346
33 631 38 82.262
34 334 44 97.1
35 1033 10 73.961
36 513 42 49.191
37 1084 3 69.511
38 238 3 2.992
39 589 46 51.48
40 963 1 45.999
41 57 27 38.297
42 371 42 88.116
43 301 16 45.564
44 1366 59 51.788
45 308 13 26.634
46 653 1 21.436
47 602 38 68.931
48 633 31 43.725
49 768 16 37.595
50 529 8 39.721
51 1313 41 53.929
52 533 45 7.453
53 1094 23 73.004
54 983 39 18.013
55 506 31 68.066
56 809 47 71.447
57 23 58 65.705
58 1185 39 34.408
59 796 19 31.227
60 859 17 11.602
61 956 18 77.623
62 1339 2 49.31
63 927 52 7.634
64 447 5 69.385
65 1049 39 56.802
66 502 39 19.855
67 642 14 48.503
68 534 57 17.969
69 1160 59 57.749
70 254 12 84.61
71 946 49 69.778
72 373 47 17.169
73 1012 1 29.151
74 255 10 16.407
75 923 9 72.475
76 1019 9 25.679
77 312 14 86.276
78 185 35 57.375
79 906 38 67.95
80 995 55 43.996
81 334 19 24.155
82 184 55 40.578
83 937 50 83.572
84 532 59 49.2
85 15 4 39.173
86 769 26 22.479
87 1133 45 97.315
88 589 56 93.855
89 788 36 79.597
90 742 32 26.519
91 415 20 13.479
92 1323 54 56.262
93 347 45 13.611
94 718 39 84.451
95 1197 59 37.716
96 546 30 93.994
97 950 8 73.401
98 229 9 51.864
99 208 22 88.832
100 1261 26 37.796
101 509 40 11.498
102 1028 47 36.257
103 576 37 58.583
104 332 36 72.399
105 207 24 0.594
106 321 43 15.432
107 463 41 66.328
108 682 21 60.498
109 306 48 93.607
110 1044 46 75.631
111 684 29 45.238
112 84 53 70.414
113 879 10 66.105
114 435 21 81.595
115 248 19 32.278
116 365 59 53.646
117 106 32 16.343
118 417 7 58.877
119 859 59 0.406
120 14 58 98.964
121 912 11 61.878
122 47 43 1.625
123 491 56 22.322
124 1212 42 77.218
125 724 40 43.401
126 792 4 83.747
127 755 12 51.808
128 183 19 86.093
129 1175 32 15.543
130 180 15 91.634
131 583 12 54.253
132 77 10 87.268
133 94 13 21.663
134 594 19 38.08
135 973 11 15.67
136 1188 9 31.521
137 293 46 89.598
138 509 18 4.828
139 1010 2 66.676
140 852 8 2.614
141 356 24 77.037
142 522 43 46.299
143 679 59 65.793
144 1067 2 81.618
145 19 1 77.339
146 910 15 37.878
147 784 55 95.894
148 277 52 55.382
149 90 7 94.072
150 340 23 69.668
151 634 50 89.798
152 1337 30 56.501
153 1017 42 11.905
154 1146 23 77.162
155 439 43 46.217
156 1029 45 94.258
157 425 3 33.446
158 497 54 54.36
159 910 37 14.789
160 710 4 55.545
161 562 24 88.14
162 1300 24 49.696
163 1075 56 28.051
164 1239 13 27.711
165 246 16 66.979
166 259 22 84.202
167 700 56 66.069
168 66 39 42.537
169 671 51 41.655
170 575 52 0.964
171 1362 48 97.504
172 50 2 65.172
173 1069 28 52.05
174 1355 42 27.259
175 1305 23 12.189
176 1157 16 46.113
177 292 21 59.942
178 655 15 33.071
179 1013 53 35.349
180 577 39 27.635
181 1099 44 71.908
182 220 26 11.835
183 590 33 51.453
184 606 21 33.387
185 1266 10 1.565
186 1208 42 89.221
187 1048 13 43.786
188 221 46 88.307
189 442 35 12.174
190 241 48 4.483
191 1306 37 53.936
192 179 12 15.958
193 134 41 65.603
194 927 4 97.28
195 445 36 46.661
196 230 1 31.54
197 1286 37 34.612
198 989 60 10.696
199 1081 18 37.633
200 675 16 53.286