200
1 114 1 94.082
2 55 28 80.161
3 964 55 27.09
4 814 36 7.41
5 1352 24 79.792
6 271 11 77.165
7 356 60 28.154
8 716 19 98.717
9 103 42 40.586
10 1163 51 9.939
11 1207 13 1.129
12 93 56 66.914
13 993 46 65.899
14 35 19 82.639
15 493 8 94.806
16 651 9 29.534
17 755 24 11.921
18 1125 9 20.305
19 645 36 51.018
20 596 3 89.338
21 959 54 70.677
22 669 59 10.273
23 47 26 54.128
24 501 56 65.886
25 1415 33 65.144
26 964 12 99.202
27 600 17 90.026
28 865 19 36.861
29 1438 6 52.04
30 433 59 15.632
31 52 57 56.77
32 545 44 95.513
33 777 50 16.363
34 595 16 23.811
35 991 35 43.727
36 919 14 83.505
37 598 7 68.52
38 324 11 5.259
39 251 34 3.598
40 996 21 19.89
41 22 15 52.887
42 941 6 93.396
43 1304 58 85.974
44 1331 59 11.861
45 1260 4 32.997
46 632 42 73.371
47 1301 51 54.174
48 120 47 46.432
49 47 3 41.068
50 736 14 65.131
51 816 52 51.951
52 1366 5 76.229
53 536 55 54.538
54 968 37 51.672
55 896 18 79.296
56 1334 17 19.09
57 160 39 83.351
58 1352 55 99.355
59 1158 57 92.978
60 254 46 66.301
61 211 29 73.221
62 1429 15 11.126
63 53 6 35.679
64 397 47 77.856
65 165 52 51.788
66 215 45 21.517
67 322 41 9.52
68 260 56 62.314
69 1120 30 91.583
70 67 23 15.295
71 201 1 97.591
72 512 32 12.478
73 968 2 8.004
74 1287 29 63.74
75 672 18 69.586
76 494 33 61.33
77 1289 30 54.048
78 895 58 23.577
79 834 1 98.006
80 1260 15 46.406
81 610 52 78.385
82 844 47 36.764
83 585 39 6.47
84 1021 2 35.046
85 696 22 34.498
86 949 19 75.459
87 692 1 34.593
88 1257 55 69.763
89 279 59 60.986
90 800 57 45.713
91 229 27 42.507
92 1161 51 24.309
93 24 46 30.834
94 161 44 20.617
95 1436 25 54.611
96 48 18 7.871
97 650 42 55.409
98 1321 40 46.931
99 449 58 88.304
100 744 28 98.228
101 1285 4 76.174
102 399 1 64.468
103 200 34 40.518
104 988 45 76.622
105 950 18 65.665
106 1209 34 22.838
107 78 4 23.624
108 447 24 30.559
109 1311 9 15.059
110 715 22 57.519
111 973 27 31.87
112 1338 36 96.726
113 538 3 15.76
114 301 51 2.548
115 161 17 30.875
116 618 50 55.761
117 1105 20 99.803
118 513 47 35.618
119 223 51 70.817
120 824 40 33.619
121 265 36 58.522
122 1388 41 71.71
123 963 13 75.887
124 1204 19 32.896
125 1144 31 22.86
126 1118 37 87.945
127 465 8 63.274
128 1238 18 93.572
129 1267 18 92.918
130 862 42 44.795
131 975 34 31.42
132 7 15 13.266
133 622 52 64.835
134 896 12 30.338
135 719 20 74.565
136 239 6 18.286
137 588 8 3.857
138 871 52 81.814
139 350 24 82.601
140 1272 21 84.466
141 220 60 43.528
142 1057 32 79.325
143 999 60 18.135
144 157 22 16.996
145 743 49 84.252
146 1251 2 91.167
147 1422 38 88.22
148 845 13 61.249
149 1206 27 90.128
150 714 34 83.921
151 736 12 96.612
152 1139 49 57.887
153 223 15 34.821
154 385 10 42.122
155 809 53 61.59
156 962 42 14.368
157 1163 26 76.447
158 502 28 45.08
159 188 36 13.312
160 152 56 7.344
161 31 50 10.902
162 1437 43 68.123
163 1059 48 98.4
164 24 44 79.31
165 27 56 85.807
166 1250 56 24.367
167 1315 17 45.994
168 458 22 61.33
169 1197 54 82.272
170 553 23 58.914
171 1029 1 83.758
172 1047 48 90.571
173 183 6 87.984
174 443 28 43.21
175 605 9 70.432
176 524 60 46.916
177 256 15 40.73
178 258 59 48.204
179 897 3 30.369
180 727 14 7.895
181 610 26 72.308
182 1047 8 4.835
183 1280 47 71.113
184 812 33 57.765
185 133 59 29.952
186 909 44 55.327
187 433 44 43.529
188 620 51 46.626
189 1230 44 36.827
190 167 18 91.725
191 670 59 58.144
192 1025 7 61.081
193 942 41 21.856
194 1168 41 44.144
195 1219 18 22.391
196 238 55 43.09
197 893 16 48.137
198 177 17 37.195
199 1041 43 7.167
200 1040 38 98.339
