151
1 422 22 77
2 690 30 38
3 85 52 18
4 627 35 19
5 980 23 77
6 886 7 95
7 1377 27 78
8 114 12 92
9 1237 25 15
10 471 2 26
11 930 48 81
12 1291 51 16
13 743 34 98
14 280 44 57
15 52 31 60
16 897 49 51
17 913 47 82
18 1341 46 67
19 971 9 16
20 1390 32 86
21 119 25 18
22 1332 27 41
23 1280 10 79
24 1172 58 9
25 48 30 28
26 150 27 74
27 787 21 78
28 65 45 56
29 1131 31 91
30 672 53 58
31 876 29 79
32 329 12 22
33 291 18 89
34 497 24 41
35 90 38 68
36 600 26 43
37 237 32 40
38 1175 16 88
39 195 47 63
40 474 56 60
41 340 57 57
42 696 54 52
43 801 25 99
44 1366 27 58
45 1124 50 87
46 894 9 58
47 1327 10 87
48 818 48 50
49 60 57 35
50 1349 17 19
51 255 39 20
52 916 8 35
53 603 3 67
54 447 60 9
55 1274 45 71
56 923 13 6
57 1346 11 27
58 972 9 8
59 705 30 4
60 34 27 27
61 367 45 96
62 592 1 46
63 250 22 91
64 14 18 75
65 501 23 20
66 1066 45 9
67 758 16 84
68 252 60 83
69 1354 5 37
70 652 59 49
71 643 56 94
72 719 18 73
73 80 53 25
74 965 32 17
75 95 24 50
76 1070 44 65
77 877 11 23
78 554 35 90
79 200 14 11
80 1183 22 16
81 1205 12 78
82 679 2 10
83 616 40 6
84 871 49 46
85 1171 31 36
86 603 27 98
87 557 59 19
88 569 27 38
89 384 17 11
90 1288 46 39
91 1284 31 84
92 1280 49 76
93 1300 45 79
94 1355 6 14
95 210 29 92
96 359 37 93
97 1127 47 78
98 894 34 73
99 87 42 46
100 1003 48 34
101 608 11 49
102 637 29 46
103 1308 26 17
104 859 41 44
105 596 7 10
106 334 33 42
107 485 36 22
108 900 53 45
109 321 40 32
110 1372 40 76
111 1382 4 18
112 755 59 89
113 723 4 11
114 406 21 61
115 1039 32 51
116 1325 16 73
117 1381 51 90
118 697 15 14
119 719 49 54
120 1170 42 92
121 13 28 37
122 586 36 13
123 822 28 38
124 665 32 71
125 796 30 66
126 391 60 14
127 1151 13 59
128 932 3 46
129 703 15 98
130 759 23 76
131 1186 45 4
132 1310 2 7
133 582 52 3
134 1278 15 93
135 680 40 26
136 1096 7 56
137 1363 43 74
138 443 24 77
139 60 20 71
140 427 14 31
141 172 17 66
142 132 29 30
143 342 29 17
144 601 41 10
145 318 41 7
146 460 57 73
147 438 17 93
148 1395 13 64
149 176 33 2
150 136 28 23
151 198 45 58
