194
1 1126 49 25.348
2 1025 35 78.845
3 173 22 39.534
4 1157 30 34.639
5 500 11 11.613
6 801 45 72.736
7 609 27 49.374
8 1240 51 44.231
9 912 44 46.353
10 1244 43 90.725
11 408 5 12.078
12 1216 45 75.338
13 341 10 33.572
14 1094 12 33.913
15 294 6 30.996
16 713 14 35.182
17 1316 44 52.097
18 1209 48 19.6
19 426 24 22.164
20 292 47 89.755
21 208 27 77.226
22 536 46 55.409
23 746 39 27.541
24 144 55 47.194
25 107 59 41.633
26 1049 7 68.643
27 215 17 70.872
28 1293 34 49.307
29 215 26 58.973
30 334 57 53.352
31 156 9 84.693
32 931 32 32.171
33 365 44 0.552
34 626 46 51.776
35 757 30 52.721
36 431 4 93.824
37 1067 52 64.125
38 1240 1 51.615
39 340 21 69.667
40 1392 59 63.7
41 1265 34 87.75
42 1015 20 9.989
43 98 49 8.6
44 1140 35 64.812
45 633 43 24.636
46 1111 56 42.432
47 351 22 43.277
48 967 34 10.36
49 1194 55 4.423
50 102 24 49.159
51 269 49 26.199
52 190 42 70.781
53 13 7 23.659
54 1301 6 74.375
55 330 15 15.697
56 1157 10 1.451
57 550 47 4.638
58 110 59 38.433
59 721 14 75.575
60 377 53 79.225
61 211 51 46.165
62 381 31 98.012
63 1380 49 64.985
64 610 12 48.127
65 463 33 1.453
66 869 5 92.553
67 912 52 47.437
68 1418 9 44.383
69 577 20 86.247
70 1101 17 19.586
71 1143 40 25.027
72 426 1 28.366
73 880 13 23.044
74 1082 51 48.117
75 925 7 68.509
76 70 8 78.522
77 424 26 60.114
78 1427 4 62.911
79 514 5 77.434
80 355 1 25.631
81 286 23 27.36
82 1234 37 71.624
83 1132 13 15.019
84 544 13 67.77
85 858 48 59.105
86 683 26 65.342
87 304 41 24.135
88 1378 13 8.382
89 428 33 75.115
90 1348 23 46.692
91 1317 31 14.994
92 849 42 37.792
93 1042 60 96.246
94 1390 22 72.744
95 1250 55 67.542
96 1422 7 16.268
97 815 33 83.914
98 933 36 19.453
99 1177 56 13.892
100 1170 48 87.333
101 622 35 5.44
102 220 11 60.928
103 245 34 33.18
104 993 24 30.312
105 260 23 62.268
106 681 41 52.699
107 863 51 85.142
108 1241 50 35.895
109 850 10 50.417
110 145 45 47.434
111 1133 38 33.315
112 682 47 54.953
113 679 5 35.638
114 988 39 68.961
115 600 7 44.523
116 1316 51 96.69
117 1113 15 50.372
118 249 6 35.852
119 578 19 82.551
120 984 28 44.403
121 498 50 34.431
122 901 55 38.885
123 805 2 78.94
124 612 2 65.232
125 1218 32 19.093
126 1074 11 10.464
127 1134 60 63.685
128 4 41 47.925
129 1213 9 95.537
130 1136 49 49.128
131 281 27 65.705
132 112 47 58.193
133 763 43 63.976
134 708 40 18.097
135 1089 40 19.447
136 69 26 80.198
137 810 54 82.907
138 109 22 52.781
139 666 55 47.459
140 6 42 36.329
141 496 1 49.459
142 1128 34 9.791
143 219 1 78.85
144 846 60 24.744
145 1237 48 40.735
146 1405 25 62.841
147 1144 33 79.14
148 403 47 83.725
149 995 47 42.05
150 1158 34 9.701
151 479 23 67.828
152 660 41 35.087
153 359 31 74.314
154 306 1 84.735
155 1009 29 96.262
156 1152 45 11.205
157 874 22 36.935
158 1421 22 63.908
159 942 29 48.039
160 1195 49 62.913
161 1286 28 46.437
162 831 33 22.877
163 770 60 72.811
164 464 46 78.263
165 1209 4 61.098
166 972 52 20.774
167 237 7 98.92
168 898 26 99.623
169 41 11 85.192
170 1405 27 55.194
171 946 59 85.976
172 513 17 15.409
173 547 46 25.928
174 793 3 70.181
175 948 38 79.608
176 693 36 0.149
177 847 18 40.162
178 1370 5 27.169
179 1325 18 44.189
180 57 24 67.086
181 1006 15 9.337
182 923 30 34.927
183 873 21 34.571
184 779 12 7.596
185 580 36 70.408
186 1196 4 84.565
187 533 39 25.196
188 486 7 71.315
189 1367 50 31.943
190 679 36 88.227
191 291 58 56.243
192 974 26 72.568
193 469 26 17.526
194 338 19 65.202
