165
1 1001 30 85.8
2 1424 3 88.54
3 632 60 97.9
4 736 53 36.71
5 372 33 48.8
6 1202 54 99.229
7 1059 52 46.56
8 1277 5 44.623
9 536 46 35.2
10 62 60 75.91
11 699 32 89.9
12 1227 55 46.73
13 7 40 32.2
14 750 15 67.8
15 669 40 34.24
16 743 33 91.1
17 1101 35 62.7
18 359 35 1.784
19 528 57 64.55
20 1326 19 68.58
21 926 10 67.3
22 1241 4 91.1
23 650 13 23.3
24 607 44 17.17
25 107 56 16.723
26 779 2 71.6
27 930 9 60.26
28 1071 27 38.9
29 167 23 86.42
30 140 9 53.921
31 148 5 7.2
32 231 51 73.31
33 1404 12 2.3
34 153 54 34.9
35 332 45 22.72
36 1408 37 26.67
37 981 10 34.065
38 666 31 14.703
39 594 6 15.467
40 642 7 32.14
41 207 24 13.6
42 115 18 46.4
43 202 21 34.85
44 225 24 71.82
45 1192 37 58.4
46 162 5 56.221
47 438 28 64.1
48 1278 22 26.7
49 394 16 5.2
50 132 46 51.392
51 728 10 98.4
52 822 60 89.76
53 1327 10 94.91
54 1249 29 84.7
55 1334 45 83.71
56 741 32 69.96
57 57 1 6.47
58 214 16 83.999
59 653 55 60.28
60 871 2 70.279
61 378 23 23.264
62 558 55 91.44
63 1159 3 75.423
64 889 38 68.82
65 1341 17 8.56
66 609 51 47.44
67 350 25 23.9
68 1257 56 66.15
69 1186 42 4.5
70 397 47 12.54
71 93 14 77.034
72 921 40 22.52
73 855 53 72.0
74 33 59 91.9
75 854 46 6.5
76 802 57 53.19
77 81 51 19.341
78 1335 23 32.45
79 113 55 38.9
80 433 10 10.41
81 910 19 98.86
82 1048 17 97.1
83 131 11 88.262
84 1236 8 96.77
85 545 44 8.28
86 944 40 98.5
87 440 36 10.3
88 415 6 85.566
89 288 50 69.58
90 856 18 54.3
91 970 55 84.7
92 803 58 57.539
93 871 38 55.4
94 1074 48 38.6
95 212 17 41.5
96 211 47 42.1
97 801 44 36.79
98 525 18 49.9
99 1131 37 43.637
100 787 10 23.64
101 1207 32 51.25
102 680 51 57.632
103 610 4 81.64
104 45 40 19.7
105 535 53 64.1
106 786 51 13.36
107 82 49 56.1
108 716 46 35.82
109 433 46 72.525
110 335 36 67.405
111 951 3 96.96
112 1081 18 26.022
113 947 41 29.69
114 810 52 78.5
115 532 55 95.645
116 874 46 65.696
117 900 19 56.6
118 676 6 32.02
119 1070 40 59.3
120 1284 54 74.87
121 964 31 6.341
122 1208 45 87.4
123 1103 12 23.891
124 303 18 4.88
125 890 14 35.714
126 1016 23 62.0
127 117 10 73.93
128 690 54 79.699
129 1045 4 28.475
130 645 20 23.1
131 265 35 1.3
132 637 35 79.566
133 154 44 99.47
134 478 26 27.0
135 703 2 52.993
136 577 15 43.4
137 211 22 27.95
138 603 39 49.162
139 505 14 96.473
140 318 36 91.88
141 33 23 98.3
142 1117 35 92.793
143 428 19 86.897
144 565 18 32.39
145 514 15 31.319
146 51 8 17.38
147 1021 9 52.3
148 805 60 5.7
149 766 55 76.981
150 940 21 13.3
151 788 31 45.728
152 1289 24 12.377
153 620 2 52.891
154 1099 2 58.3
155 1169 48 70.07
156 744 60 9.7
157 817 46 48.595
158 123 31 30.853
159 864 8 83.924
160 392 3 47.9
161 1345 46 30.033
162 1424 60 99.578
163 622 51 54.19
164 1185 9 11.373
165 1130 59 43.12