199
1 319 4 96.046
2 76 35 85.369
3 1098 2 43.001
4 125 2 33.084
5 1386 59 38.785
6 1436 13 74.792
7 439 31 8.537
8 102 5 31.839
9 486 22 30.628
10 264 36 35.055
11 817 33 39.768
12 1029 31 85.685
13 232 56 20.724
14 910 14 36.336
15 226 22 75.536
16 805 45 13.456
17 598 51 27.842
18 1138 25 58.085
19 1246 8 19.413
20 393 60 9.01
21 1215 19 88.605
22 1163 2 29.486
23 349 46 93.344
24 613 22 44.431
25 448 9 77.392
26 1190 1 23.728
27 222 45 86.167
28 1200 44 29.404
29 118 8 65.806
30 205 40 92.251
31 321 22 86.978
32 1406 60 90.952
33 397 19 73.905
34 104 39 49.134
35 328 12 92.361
36 1169 46 19.741
37 651 31 44.666
38 812 9 52.904
39 306 59 95.058
40 310 55 5.371
41 1410 11 1.53
42 922 24 16.917
43 860 31 71.158
44 502 10 83.362
45 409 42 10.935
46 1062 21 23.068
47 734 51 67.955
48 875 51 83.721
49 638 42 36.123
50 1057 40 34.562
51 1095 59 86.7
52 1082 50 8.536
53 1106 15 44.391
54 729 28 93.285
55 1341 58 89.78
56 1351 36 50.086
57 569 51 97.444
58 164 32 46.558
59 1180 53 12.961
60 1131 53 37.168
61 772 52 85.618
62 548 2 49.163
63 721 17 65.933
64 1289 34 40.479
65 357 44 28.545
66 621 55 78.44
67 571 27 64.449
68 72 26 15.413
69 215 49 47.924
70 1035 1 47.506
71 294 41 6.058
72 163 9 49.147
73 239 41 60.855
74 583 21 7.487
75 748 49 57.477
76 804 12 57.61
77 1420 34 57.653
78 816 57 12.254
79 818 43 56.446
80 791 53 90.548
81 1150 48 81.476
82 799 58 97.143
83 931 1 85.5
84 930 46 20.678
85 797 23 69.004
86 731 25 6.686
87 308 38 16.625
88 378 56 42.101
89 497 40 1.442
90 420 37 9.337
91 1405 60 43.309
92 504 55 55.593
93 2 39 88.739
94 1172 50 94.931
95 791 43 85.146
96 114 21 88.162
97 740 50 67.171
98 1415 25 13.82
99 479 15 59.155
100 238 37 86.262
101 937 58 34.782
102 1252 57 59.183
103 1071 6 52.765
104 728 30 66.357
105 1098 28 93.878
106 1404 33 73.569
107 860 24 5.815
108 124 9 77.121
109 1435 13 89.267
110 472 28 45.057
111 729 3 31.462
112 119 16 74.757
113 211 49 72.808
114 1208 51 78.352
115 303 50 65.209
116 848 60 28.112
117 1213 5 29.13
118 1374 28 33.877
119 446 59 73.348
120 651 42 12.174
121 1382 35 23.228
122 81 45 6.909
123 348 29 90.327
124 1254 38 92.868
125 1035 7 46.901
126 646 39 79.718
127 975 45 86.966
128 1252 44 73.757
129 486 38 91.563
130 578 57 10.975
131 433 1 62.204
132 366 17 93.654
133 317 19 8.273
134 1411 10 34.318
135 745 30 29.4
136 1313 11 7.131
137 143 55 12.332
138 453 26 45.965
139 297 58 52.29
140 714 57 98.428
141 1252 17 37.827
142 200 39 1.49
143 977 34 36.815
144 342 46 45.367
145 1336 26 22.484
146 408 23 90.993
147 518 35 44.487
148 1421 32 12.883
149 1132 59 39.156
150 429 47 37.272
151 407 49 99.184
152 775 17 68.486
153 402 40 6.103
154 889 18 68.454
155 245 57 83.452
156 830 6 63.46
157 667 55 12.701
158 72 14 76.273
159 1141 11 93.053
160 171 24 35.948
161 678 23 66.213
162 266 41 96.588
163 237 55 72.528
164 404 52 69.617
165 271 22 46.699
166 1205 16 30.553
167 79 9 55.647
168 1290 11 44.218
169 57 18 25.172
170 590 27 20.672
171 814 37 43.097
172 1401 56 74.286
173 162 27 61.395
174 1358 33 93.076
175 1428 47 95.98
176 864 26 86.04
177 1162 43 61.533
178 778 50 8.078
179 485 31 24.379
180 584 14 60.65
181 1000 11 49.694
182 916 27 44.065
183 58 56 60.17
184 280 1 59.801
185 1106 33 25.742
186 1190 1 73.905
187 1381 38 72.918
188 975 6 97.093
189 398 18 37.15
190 1093 35 93.792
191 741 21 16.85
192 659 24 62.267
193 1 54 42.524
194 106 14 50.591
195 1037 56 92.883
196 365 23 12.633
197 1211 45 11.319
198 1028 23 69.429
199 639 27 26.165
