200
1 786 56 75.144
2 1337 59 81.067
3 57 27 38.615
4 782 21 69.389
5 1209 6 47.448
6 644 49 2.332
7 141 44 24.725
8 684 41 33.623
9 457 18 63.844
10 791 15 67.149
11 732 44 43.733
12 91 25 67.862
13 1397 55 18.399
14 556 28 90.319
15 436 16 31.915
16 692 2 4.273
17 1295 13 95.687
18 1063 38 55.708
19 693 4 22.334
20 1253 52 97.645
21 972 33 4.191
22 1406 16 33.339
23 1105 25 39.72
24 373 50 62.907
25 733 54 55.85
26 402 53 50.347
27 1357 39 82.091
28 661 4 87.843
29 670 22 90.913
30 1349 19 7.28
31 1363 57 43.991
32 502 11 53.568
33 1080 51 0.01
34 131 38 73.985
35 711 25 86.404
36 498 20 30.548
37 169 33 80.0
38 1396 10 10.041
39 122 20 53.798
40 1140 40 98.313
41 278 23 50.934
42 113 20 12.027
43 298 60 76.652
44 132 60 1.458
45 60 34 20.303
46 164 35 66.45
47 758 51 25.258
48 534 1 50.237
49 709 1 27.084
50 1063 9 89.078
51 1082 48 0.415
52 711 20 6.239
53 141 14 10.012
54 281 15 42.701
55 228 21 96.946
56 1215 36 95.901
57 493 37 63.999
58 824 34 85.516
59 762 21 1.725
60 572 39 10.496
61 421 34 88.567
62 404 58 60.368
63 437 53 42.045
64 512 6 3.295
65 580 17 32.371
66 672 13 79.428
67 1035 33 64.412
68 1329 37 19.207
69 1126 10 12.118
70 1146 48 65.73
71 671 54 94.946
72 43 2 59.482
73 594 21 42.892
74 207 48 33.7
75 208 58 32.742
76 430 39 98.474
77 1184 45 16.948
78 621 11 82.801
79 1255 56 93.763
80 256 17 93.61
81 1105 16 80.79
82 69 55 43.857
83 664 40 50.686
84 850 13 82.424
85 1320 36 81.132
86 1110 3 9.225
87 58 18 6.52
88 306 13 27.289
89 502 51 37.314
90 1265 12 48.316
91 1241 59 82.859
92 798 6 94.968
93 710 48 51.359
94 881 53 53.063
95 527 25 46.603
96 1112 47 70.564
97 1376 27 26.782
98 717 60 5.651
99 1060 28 66.047
100 866 60 22.329
101 848 4 31.79
102 1320 35 60.004
103 740 24 6.227
104 675 54 85.405
105 644 55 79.495
106 444 32 54.623
107 1258 6 76.351
108 1321 33 25.93
109 450 15 39.157
110 286 1 53.823
111 113 41 57.373
112 44 9 83.103
113 957 20 53.707
114 932 22 28.477
115 623 36 74.393
116 97 53 46.431
117 1249 16 9.665
118 1397 31 2.321
119 1193 5 31.146
120 428 45 36.144
121 1184 3 54.379
122 80 11 5.556
123 277 48 9.239
124 1203 50 53.915
125 289 33 44.611
126 214 51 66.067
127 620 8 48.115
128 1385 26 70.323
129 1263 4 17.284
130 882 6 52.225
131 729 13 72.234
132 671 45 0.735
133 1010 49 99.346
134 1312 28 3.534
135 993 55 60.302
136 1005 48 16.607
137 353 26 54.977
138 495 19 8.574
139 599 40 0.25
140 935 40 55.689
141 884 42 95.928
142 249 1 30.722
143 172 3 69.651
144 1071 1 13.436
145 849 6 87.62
146 1078 44 22.801
147 579 5 17.479
148 941 42 44.849
149 1187 37 69.132
150 349 42 57.524
151 1208 38 44.124
152 561 52 63.218
153 812 59 31.928
154 1213 18 19.48
155 265 45 49.431
156 787 43 72.654
157 658 6 10.963
158 1287 22 64.003
159 975 10 0.443
160 708 28 7.56
161 347 15 67.2
162 733 42 80.385
163 105 41 96.817
164 247 26 24.533
165 199 46 31.137
166 345 13 13.567
167 616 6 61.992
168 484 27 73.235
169 1143 18 41.585
170 950 47 51.202
171 1367 48 14.928
172 28 52 49.611
173 836 25 43.718
174 737 16 2.836
175 154 36 85.064
176 741 43 57.619
177 932 57 32.535
178 662 15 65.563
179 309 26 38.165
180 403 59 74.032
181 515 16 46.373
182 343 48 96.678
183 661 6 49.88
184 862 27 1.542
185 797 31 89.275
186 1201 43 31.621
187 487 58 13.966
188 959 23 3.886
189 312 40 30.535
190 52 12 20.063
191 624 49 72.753
192 203 48 86.648
193 1027 7 92.081
194 553 5 63.249
195 1394 23 39.871
196 1060 28 31.711
197 1137 59 35.622
198 334 35 49.303
199 262 34 57.993
200 1003 30 1.377