200
1 982 21 5
2 1013 48 72
3 77 51 57
4 897 24 65
5 408 36 32
6 563 13 69
7 712 50 59
8 1228 23 7
9 453 33 31
10 408 38 87
11 376 10 4
12 1138 56 1
13 977 43 29
14 967 50 85
15 609 40 19
16 99 11 59
17 82 55 95
18 657 53 41
19 925 30 36
20 415 29 19
21 953 4 7
22 372 27 51
23 973 47 22
24 812 7 11
25 914 5 81
26 865 32 84
27 1412 32 50
28 246 25 87
29 512 57 51
30 239 6 55
31 1156 45 40
32 765 47 65
33 64 58 76
34 927 51 13
35 956 35 94
36 1021 52 15
37 1416 21 74
38 127 6 34
39 963 27 78
40 638 50 5
41 791 39 68
42 518 25 18
43 445 44 60
44 390 8 20
45 334 36 7
46 1027 39 54
47 384 21 95
48 1049 43 94
49 530 4 46
50 257 16 68
51 232 51 40
52 1230 37 50
53 1287 28 60
54 1023 11 52
55 1164 60 55
56 156 10 84
57 1060 38 13
58 232 8 15
59 1382 3 72
60 922 3 92
61 191 31 11
62 1265 42 50
63 839 45 85
64 727 48 70
65 65 45 64
66 135 36 89
67 1088 28 56
68 1345 17 55
69 188 43 53
70 1213 58 2
71 535 26 20
72 908 21 37
73 6 33 14
74 650 24 91
75 823 28 43
76 1017 10 98
77 670 43 29
78 789 7 83
79 985 43 10
80 965 50 49
81 1409 43 83
82 202 15 27
83 1187 23 25
84 828 15 49
85 852 7 98
86 720 1 29
87 754 44 68
88 144 36 62
89 1237 42 36
90 951 48 26
91 533 60 56
92 265 5 31
93 1186 39 65
94 703 13 19
95 488 51 88
96 241 38 3
97 1420 8 87
98 614 9 55
99 444 48 12
100 1163 53 37
101 1337 13 1
102 657 19 31
103 66 13 72
104 1410 59 18
105 711 29 26
106 1265 30 81
107 145 34 44
108 992 7 49
109 945 51 17
110 52 41 54
111 1180 55 18
112 422 44 30
113 494 53 65
114 974 27 72
115 806 58 39
116 1439 60 86
117 1152 53 2
118 663 9 76
119 85 47 5
120 8 5 95
121 915 15 96
122 522 11 85
123 388 43 65
124 633 26 90
125 929 5 56
126 6 60 85
127 661 15 16
128 64 55 48
129 872 47 19
130 464 39 41
131 1296 57 33
132 735 54 72
133 1269 8 92
134 522 52 90
135 857 4 92
136 1053 53 71
137 278 4 62
138 196 41 21
139 327 2 47
140 212 7 23
141 129 60 97
142 1408 52 85
143 340 1 51
144 1293 51 25
145 697 44 95
146 673 14 39
147 385 59 62
148 8 30 60
149 17 12 85
150 887 21 98
151 734 39 15
152 393 51 80
153 1282 39 74
154 748 49 51
155 616 18 85
156 78 2 12
157 260 30 50
158 812 27 32
159 92 22 9
160 675 24 99
161 1440 48 77
162 142 44 44
163 1370 40 52
164 757 33 4
165 58 16 43
166 375 37 26
167 755 45 12
168 915 28 72
169 269 33 19
170 1027 27 97
171 292 41 61
172 1307 38 39
173 1171 41 7
174 1091 58 98
175 599 16 29
176 1008 49 99
177 1013 2 44
178 461 22 30
179 76 59 77
180 641 46 86
181 1176 45 55
182 1052 53 25
183 408 11 85
184 63 44 56
185 1359 26 36
186 377 16 44
187 954 16 74
188 1375 9 73
189 407 35 28
190 775 27 56
191 176 47 79
192 1252 43 28
193 12 12 39
194 61 19 17
195 1182 48 20
196 436 3 9
197 1192 54 25
198 1020 19 69
199 267 10 70
200 700 23 26