200
1 1041 56 45.8
2 574 32 57.748
3 604 34 22.139
4 1276 7 25.767
5 1252 35 18.408
6 1263 36 33.736
7 1285 60 71.662
8 991 52 96.786
9 656 10 42.907
10 567 30 49.094
11 810 46 28.527
12 900 7 28.797
13 1239 53 24.757
14 906 27 56.2
15 266 17 10.146
16 40 4 39.472
17 281 41 7.411
18 246 5 24.413
19 1007 41 80.959
20 378 25 90.897
21 960 3 16.317
22 1291 3 11.943
23 306 7 85.011
24 319 12 59.616
25 151 24 65.332
26 112 46 72.331
27 216 28 35.853
28 544 8 8.635
29 441 42 84.17
30 1093 37 30.676
31 1053 27 40.694
32 1232 19 7.32
33 357 31 2.483
34 1030 45 39.209
35 737 52 26.937
36 198 31 22.664
37 525 10 83.382
38 1380 21 7.651
39 178 41 6.518
40 1070 60 55.78
41 502 5 98.785
42 1369 20 59.901
43 1054 1 76.018
44 95 1 51.243
45 1168 17 41.877
46 124 30 77.458
47 1162 19 64.704
48 59 52 69.526
49 425 47 69.946
50 171 39 97.626
51 1324 59 13.323
52 139 56 87.682
53 690 15 49.343
54 353 4 73.413
55 851 49 52.164
56 310 42 22.874
57 1050 10 26.673
58 593 39 86.89
59 402 49 58.99
60 1363 26 74.554
61 169 11 15.202
62 1017 6 48.403
63 1252 8 54.592
64 391 44 94.535
65 1075 50 32.039
66 186 11 51.256
67 102 25 90.302
68 379 56 33.438
69 1227 41 79.657
70 1350 53 64.422
71 611 12 11.589
72 606 51 24.123
73 793 43 34.491
74 621 59 28.885
75 98 26 67.174
76 186 18 50.306
77 736 54 23.642
78 723 22 15.79
79 937 35 93.916
80 465 56 4.031
81 718 38 80.062
82 492 50 53.841
83 454 1 11.626
84 14 30 23.273
85 1178 24 89.146
86 1287 19 24.956
87 373 40 0.492
88 949 17 10.743
89 1146 55 72.869
90 405 40 0.738
91 1255 31 53.044
92 1153 59 40.682
93 1060 51 81.374
94 900 11 18.33
95 897 43 15.672
96 523 20 27.681
97 80 47 64.559
98 62 19 38.532
99 686 59 15.262
100 1058 56 79.165
101 423 1 76.288
102 1005 53 66.825
103 563 24 45.086
104 525 33 68.498
105 716 20 47.42
106 598 21 38.388
107 280 31 75.513
108 1008 36 56.5
109 841 58 33.664
110 620 1 97.925
111 1079 33 66.777
112 1046 53 18.133
113 1182 40 87.63
114 1176 47 6.689
115 217 55 38.63
116 917 36 77.816
117 1034 12 71.052
118 7 27 81.197
119 938 29 99.434
120 644 41 67.385
121 136 27 84.248
122 1172 59 66.497
123 359 46 68.275
124 978 17 89.859
125 777 14 71.885
126 382 4 85.336
127 209 10 38.68
128 808 39 86.785
129 355 17 54.411
130 932 42 19.952
131 928 10 79.816
132 361 19 72.526
133 1124 54 50.968
134 1356 27 33.722
135 821 27 84.218
136 1045 17 14.054
137 42 18 67.134
138 1145 28 0.549
139 1290 35 63.176
140 921 34 12.394
141 605 32 75.642
142 850 18 61.565
143 571 25 51.523
144 649 19 8.136
145 1314 9 18.598
146 156 40 61.806
147 889 27 93.274
148 381 13 25.278
149 1267 29 38.337
150 1054 13 30.015
151 919 39 75.394
152 430 27 57.786
153 1254 49 14.277
154 421 34 99.593
155 330 5 0.354
156 997 12 74.484
157 999 22 31.617
158 1413 26 47.705
159 1415 32 12.664
160 531 8 91.346
161 975 26 43.842
162 1437 16 94.027
163 1253 21 10.87
164 1152 25 83.075
165 761 21 26.472
166 1351 16 32.629
167 1116 16 81.702
168 1239 10 74.029
169 68 15 98.945
170 770 33 3.154
171 932 30 63.352
172 97 30 95.505
173 339 3 31.74
174 1019 10 36.956
175 16 40 5.585
176 1320 20 13.055
177 408 2 56.292
178 281 21 31.45
179 691 16 41.025
180 557 45 42.892
181 504 12 39.621
182 385 40 13.127
183 944 15 30.887
184 219 44 79.759
185 1262 21 57.322
186 1437 39 64.663
187 1072 43 24.936
188 1218 1 99.77
189 842 4 33.063
190 660 5 57.252
191 286 24 42.897
192 1379 9 78.737
193 51 30 55.861
194 885 46 47.846
195 273 17 96.162
196 349 11 54.173
197 101 23 8.453
198 936 27 34.127
199 219 44 69.662
200 1353 53 3.912