200
1 443 30 71.215
2 1407 48 79.158
3 1345 24 6.226
4 494 3 91.932
5 595 52 0.09
6 715 25 38.599
7 363 40 17.086
8 751 45 70.725
9 1416 6 74.544
10 651 46 13.565
11 1008 44 78.864
12 985 19 77.288
13 1415 24 62.452
14 896 36 52.596
15 1436 6 33.911
16 1313 52 52.936
17 571 24 85.127
18 396 11 48.914
19 1103 59 65.315
20 713 6 58.285
21 1063 55 85.023
22 331 32 89.798
23 959 9 47.911
24 1059 19 29.214
25 749 3 90.131
26 288 1 23.34
27 1053 24 80.37
28 444 4 53.566
29 484 48 20.354
30 1101 7 45.403
31 418 7 93.027
32 1247 23 26.99
33 339 6 84.011
34 963 29 55.7
35 1015 46 52.249
36 646 16 44.75
37 1269 3 35.752
38 181 7 31.76
39 699 29 65.343
40 1135 3 79.538
41 226 49 63.062
42 572 9 32.492
43 825 53 92.217
44 1280 16 32.131
45 91 37 28.261
46 173 53 90.582
47 81 12 73.554
48 1302 59 58.872
49 537 7 39.964
50 1223 35 32.635
51 1418 54 81.003
52 675 10 86.429
53 304 38 98.723
54 591 51 76.894
55 1404 17 23.252
56 1091 58 47.441
57 1298 40 14.056
58 1054 34 27.131
59 1050 53 22.362
60 109 28 20.684
61 716 39 64.939
62 392 23 49.3
63 233 17 71.282
64 1037 45 97.795
65 1322 51 10.301
66 1389 25 69.57
67 1320 19 46.863
68 933 46 23.454
69 1290 21 84.047
70 1271 15 42.326
71 41 34 73.923
72 894 29 62.34
73 1189 55 88.729
74 70 41 0.747
75 737 25 64.039
76 502 12 54.78
77 333 22 38.558
78 1434 46 68.522
79 791 52 22.409
80 90 19 71.339
81 210 20 89.595
82 700 7 46.054
83 522 19 24.382
84 217 50 28.536
85 284 18 33.011
86 738 18 10.363
87 656 46 74.177
88 866 29 73.799
89 1282 8 34.418
90 845 28 92.697
91 787 15 41.541
92 807 28 15.468
93 876 1 88.901
94 1119 53 56.158
95 1420 24 97.004
96 834 27 18.804
97 919 7 89.242
98 1094 22 68.327
99 716 43 1.503
100 916 21 54.761
101 94 14 86.253
102 512 17 88.377
103 1375 3 15.019
104 1405 57 73.16
105 323 4 52.433
106 1032 36 0.632
107 926 28 89.47
108 889 52 78.432
109 197 9 19.731
110 852 25 57.352
111 1259 6 48.025
112 493 58 35.948
113 846 36 15.693
114 317 50 97.038
115 1319 49 81.088
116 1249 19 92.728
117 902 33 30.667
118 1187 57 77.428
119 907 4 86.241
120 124 2 46.464
121 541 32 98.706
122 1211 10 4.743
123 1171 38 49.818
124 144 36 88.526
125 130 26 19.46
126 1440 43 35.853
127 406 10 69.957
128 916 21 18.017
129 669 18 13.932
130 1332 39 60.929
131 591 30 52.293
132 1304 18 14.367
133 751 12 35.493
134 621 30 93.849
135 1339 14 40.278
136 149 10 34.477
137 397 59 54.804
138 88 23 16.886
139 347 58 13.251
140 799 45 22.046
141 1135 15 56.774
142 719 48 29.24
143 343 3 29.333
144 210 23 83.992
145 1410 55 35.683
146 724 1 24.007
147 987 11 62.733
148 1273 18 11.46
149 761 50 35.288
150 1183 14 78.283
151 114 29 2.862
152 978 18 53.789
153 1353 11 32.717
154 1327 56 8.605
155 692 14 4.595
156 426 56 72.887
157 886 19 1.369
158 1200 19 35.059
159 630 43 78.122
160 841 25 11.093
161 158 36 48.947
162 697 16 47.674
163 278 56 25.239
164 116 8 34.143
165 841 23 23.346
166 824 33 82.941
167 238 41 85.563
168 1421 5 76.359
169 115 4 25.805
170 650 22 47.365
171 761 59 22.419
172 1368 57 74.007
173 532 39 97.689
174 1280 18 78.41
175 244 38 77.289
176 82 23 36.171
177 1028 35 40.207
178 700 14 96.557
179 1191 30 96.913
180 1167 13 69.438
181 1029 45 74.07
182 286 1 87.259
183 455 48 35.404
184 612 22 99.716
185 115 9 67.929
186 1213 25 54.149
187 553 21 47.843
188 912 42 98.292
189 560 55 44.023
190 1265 5 77.445
191 1080 20 84.534
192 101 27 60.742
193 893 51 77.335
194 92 18 60.32
195 217 42 24.45
196 513 4 69.936
197 1084 4 9.175
198 1309 25 31.568
199 969 38 19.74
200 224 27 50.887