190
1 133 9 6.322
2 1120 38 50.268
3 433 31 93.250
4 782 12 63.448
5 1074 25 50.907
6 668 48 98.355
7 10 8 36.835
8 34 42 74.427
9 684 9 15.404
10 316 11 55.576
11 9 13 39.905
12 892 6 26.587
13 598 55 84.876
14 526 26 99.730
15 35 44 33.546
16 1367 45 39.981
17 748 15 64.644
18 433 37 66.113
19 657 10 29.135
20 1377 44 35.145
21 262 47 57.389
22 395 7 78.654
23 1279 6 56.263
24 933 49 43.264
25 846 40 13.133
26 1401 52 22.128
27 318 16 51.697
28 418 18 85.322
29 315 59 45.887
30 111 11 11.877
31 794 57 1.179
32 1140 44 38.664
33 199 13 51.027
34 471 33 31.238
35 18 8 36.024
36 43 38 1.391
37 518 49 81.215
38 1010 21 45.273
39 715 53 0.681
40 845 47 49.508
41 904 55 9.420
42 684 22 69.012
43 317 52 56.702
44 478 4 46.628
45 316 6 61.343
46 657 19 36.591
47 279 42 15.262
48 181 47 39.064
49 851 2 26.199
50 513 37 71.789
51 212 27 8.485
52 592 24 59.519
53 1388 38 70.104
54 1078 37 2.369
55 321 59 52.722
56 1126 54 25.547
57 1250 27 53.239
58 1092 9 73.223
59 1121 26 95.768
60 1335 8 48.965
61 1044 54 97.845
62 286 6 93.283
63 200 34 2.326
64 118 52 64.046
65 551 56 78.810
66 672 40 73.842
67 1201 2 26.484
68 1167 36 48.699
69 510 4 13.250
70 650 18 83.151
71 1224 59 65.854
72 1298 41 33.597
73 509 46 2.787
74 100 54 73.551
75 12 47 59.210
76 677 49 10.188
77 1387 19 61.972
78 1400 24 23.590
79 1118 60 18.024
80 440 43 72.125
81 235 44 9.639
82 459 2 5.675
83 1133 58 44.617
84 631 10 44.214
85 1025 57 67.124
86 74 17 69.772
87 788 1 87.703
88 633 37 64.454
89 1161 19 76.569
90 1016 21 41.838
91 454 41 15.488
92 88 58 68.832
93 387 39 84.007
94 1182 36 17.104
95 304 6 40.437
96 971 40 77.799
97 993 15 73.014
98 234 14 79.585
99 168 59 24.841
100 445 4 68.769
101 1134 57 59.736
102 536 45 8.738
103 1309 9 57.331
104 951 16 93.709
105 1015 8 46.793
106 143 33 63.598
107 1438 28 77.744
108 519 44 25.254
109 737 28 29.530
110 185 59 31.682
111 469 50 86.660
112 838 15 84.665
113 766 2 80.678
114 941 43 18.401
115 1303 43 98.668
116 1078 20 49.249
117 15 11 42.860
118 20 29 66.290
119 41 17 70.421
120 985 22 82.077
121 752 52 69.218
122 588 26 39.165
123 854 37 79.951
124 1238 43 46.323
125 989 42 46.478
126 603 27 49.976
127 551 19 48.040
128 551 11 67.871
129 795 1 52.798
130 954 22 6.007
131 250 60 44.809
132 1210 22 15.406
133 1411 57 54.549
134 170 60 1.427
135 518 21 12.704
136 1266 50 27.299
137 747 60 12.659
138 749 29 60.086
139 438 2 7.893
140 1305 19 93.896
141 445 18 88.274
142 1151 33 31.684
143 1189 18 14.224
144 992 44 4.820
145 399 59 47.071
146 118 34 1.573
147 12 4 26.313
148 600 44 88.767
149 784 41 19.385
150 225 35 56.119
151 329 22 98.523
152 1175 38 40.235
153 1092 48 82.657
154 458 1 41.899
155 1253 20 1.689
156 366 40 52.958
157 1146 25 94.236
158 677 48 61.879
159 109 21 29.968
160 337 41 40.837
161 818 25 48.791
162 161 5 76.073
163 687 60 57.115
164 534 14 30.413
165 549 14 68.683
166 143 30 17.502
167 824 5 69.359
168 529 13 39.455
169 893 31 25.063
170 1365 50 22.317
171 266 15 9.351
172 431 30 91.352
173 971 22 69.577
174 183 10 3.459
175 1158 25 23.474
176 116 54 26.842
177 553 50 49.897
178 1044 59 49.551
179 1266 41 93.139
180 276 18 26.427
181 338 25 36.354
182 882 19 54.326
183 1149 53 38.279
184 488 15 49.811
185 1406 42 26.965
186 581 20 31.755
187 180 25 30.535
188 233 40 43.528
189 47 47 28.046
190 145 15 65.109
