200
1 640 20 53
2 1190 47 4
3 280 51 43
4 109 17 23
5 914 24 15
6 1009 2 20
7 315 22 21
8 1200 7 33
9 100 50 10
10 474 55 14
11 580 48 60
12 1227 8 6
13 286 8 19
14 206 48 1
15 204 36 2
16 168 47 33
17 844 31 10
18 1239 44 11
19 400 6 9
20 353 45 9
21 511 32 3
22 700 2 55
23 401 23 7
24 194 19 17
25 862 20 44
26 791 29 57
27 1353 39 5
28 923 56 2
29 820 30 58
30 1349 57 10
31 659 15 22
32 790 48 9
33 1185 17 7
34 1326 47 13
35 1006 47 26
36 1035 4 3
37 530 47 6
38 819 4 9
39 596 38 9
40 836 43 66
41 1234 49 4
42 527 44 5
43 144 56 4
44 112 27 4
45 184 37 24
46 225 46 31
47 73 58 57
48 1007 12 35
49 134 21 55
50 42 33 23
51 16 28 19
52 232 48 51
53 517 16 6
54 542 47 33
55 83 31 10
56 169 44 11
57 110 60 65
58 143 45 4
59 421 15 30
60 1117 2 55
61 416 23 97
62 1284 19 27
63 812 60 44
64 771 29 17
65 1154 39 5
66 969 56 6
67 310 30 58
68 1170 10 1
69 60 15 9
70 170 48 4
71 85 17 7
72 426 29 6
73 1436 47 22
74 1135 4 5
75 20 9 7
76 85 8 9
77 116 38 25
78 36 43 66
79 163 40 11
80 35 49 14
81 149 19 43
82 1054 56 4
83 1282 27 10
84 870 37 24
85 270 46 31
86 925 57 57
87 1317 15 3
88 124 21 55
89 420 33 82
90 210 35 60
91 30 43 85
92 761 31 14
93 525 52 30
94 541 40 4
95 90 7 12
96 1119 19 8
97 40 2 25
98 1263 16 7
99 275 36 92
100 480 19 22
101 640 20 58
102 190 37 14
103 480 57 47
104 1109 27 3
105 914 24 17
106 1257 2 10
107 315 52 11
108 100 7 7
109 100 50 50
110 47 55 6
111 580 48 15
112 227 8 6
113 282 8 19
114 206 48 51
115 204 16 2
116 168 47 33
117 874 31 10
118 1239 44 11
119 400 6 65
120 353 45 14
121 51 32 30
122 70 2 55
123 401 23 9
124 1214 19 17
125 862 20 4
126 711 29 17
127 1353 39 5
128 973 56 2
129 820 30 5
130 1349 57 1
131 659 15 22
132 770 48 22
133 1185 17 7
134 1326 47 2
135 1036 47 7
136 1035 4 3
137 530 48 6
138 813 4 9
139 596 38 30
140 836 43 6
141 1234 49 24
142 521 44 45
143 844 56 4
144 112 27 40
145 184 37 26
146 225 46 31
147 75 58 57
148 107 12 35
149 1234 21 55
150 42 33 23
151 1200 30 15
152 800 23 18
153 924 25 1
154 930 12 48
155 1134 34 17
156 312 26 33
157 892 36 30
158 932 43 49
159 444 44 4
160 394 50 33
161 550 32 10
162 389 18 26
163 689 29 15
164 903 9 15
165 1322 7 34
166 100 20 26
167 1389 19 26
168 869 7 2
169 16 10 81
170 289 40 29
171 786 20 24
172 339 23 28
173 1380 56 16
174 284 48 6
175 150 23 28
176 900 28 26
177 833 8 21
178 933 41 20
179 748 21 32
180 1000 9 20
181 720 48 21
182 490 23 14
183 933 37 20
184 744 15 21
185 60 25 15
186 140 9 2
187 384 45 15
188 456 23 6
189 823 45 22
190 442 49 2
191 94 13 12
192 688 19 22
193 823 18 2
194 559 29 33
195 377 18 13
196 288 35 22
197 415 60 23
198 371 24 18
199 1222 23 23
200 1302 20 13