158
1 728 18 3
2 1038 32 50
3 1361 46 93
4 315 40 47
5 654 43 72
6 1115 34 70
7 949 6 70
8 434 19 32
9 411 38 83
10 72 60 77
11 862 35 28
12 167 24 94
13 906 49 43
14 1096 22 29
15 719 41 56
16 673 56 69
17 1382 10 15
18 1408 29 8
19 238 20 67
20 1398 1 98
21 930 6 50
22 164 45 58
23 521 23 86
24 498 55 90
25 1349 10 9
26 1076 37 33
27 465 15 83
28 652 6 61
29 499 42 24
30 306 34 95
31 643 40 36
32 890 34 23
33 189 31 97
34 1405 27 82
35 228 43 21
36 324 54 76
37 622 23 10
38 943 21 36
39 13 8 89
40 76 34 49
41 200 45 63
42 937 23 62
43 614 36 5
44 720 10 3
45 1430 3 18
46 1200 23 22
47 994 8 78
48 533 8 81
49 133 6 34
50 498 12 55
51 651 56 22
52 1243 43 24
53 1028 17 35
54 1352 24 95
55 1002 33 49
56 773 1 84
57 151 6 55
58 855 35 69
59 783 35 65
60 239 58 9
61 335 54 95
62 1190 23 10
63 897 22 4
64 313 16 12
65 854 50 75
66 493 30 44
67 401 36 96
68 1281 39 72
69 1196 33 3
70 545 49 42
71 788 43 96
72 1330 7 81
73 448 12 98
74 940 25 52
75 960 45 15
76 237 18 98
77 644 11 32
78 1051 52 79
79 1329 22 16
80 491 13 42
81 1430 31 33
82 101 16 12
83 1318 36 17
84 120 42 61
85 43 58 67
86 8 59 82
87 235 35 41
88 171 19 56
89 763 29 60
90 609 52 93
91 987 3 34
92 938 21 96
93 509 56 13
94 1396 4 59
95 512 1 21
96 437 27 88
97 924 2 17
98 715 43 58
99 35 3 1
100 180 6 11
101 619 40 75
102 191 51 80
103 1243 41 75
104 33 59 38
105 1148 20 23
106 485 18 52
107 1393 39 82
108 400 55 63
109 578 19 70
110 1373 44 51
111 8 37 42
112 526 19 79
113 55 38 34
114 1218 18 61
115 943 32 49
116 704 45 96
117 585 5 10
118 902 50 20
119 1282 48 33
120 229 59 68
121 34 43 92
122 1308 24 9
123 822 19 29
124 636 5 73
125 1019 52 27
126 645 40 94
127 305 49 14
128 1137 3 25
129 1388 54 42
130 1221 17 32
131 1115 56 43
132 728 12 44
133 1211 58 94
134 737 6 78
135 592 4 50
136 209 2 17
137 140 39 66
138 229 57 76
139 1024 57 36
140 915 15 25
141 1295 58 69
142 425 4 26
143 824 35 2
144 1357 59 80
145 571 14 38
146 985 57 40
147 227 57 61
148 854 55 23
149 193 17 76
150 1015 8 92
151 1182 31 75
152 1306 53 43
153 634 57 24
154 748 58 36
155 1247 14 99
156 1268 8 97
157 1349 46 33
158 68 24 66
