200
1 427 34 39.913
2 1048 16 61.932
3 1268 40 25.787
4 624 44 20.312
5 414 50 63.25
6 855 9 27.051
7 256 58 50.922
8 331 24 72.947
9 808 11 41.838
10 1069 6 71.888
11 1256 22 39.452
12 864 7 87.273
13 599 32 66.644
14 262 44 84.528
15 137 36 13.338
16 484 38 22.026
17 1179 15 37.268
18 395 28 58.83
19 216 15 64.592
20 311 25 75.127
21 295 29 49.226
22 165 5 1.807
23 385 45 48.829
24 570 17 8.966
25 208 47 83.893
26 1070 56 10.52
27 1351 41 30.479
28 205 5 25.985
29 1126 53 58.138
30 711 24 54.521
31 428 12 42.08
32 1400 23 85.543
33 1412 42 47.895
34 1358 25 38.337
35 1198 49 17.027
36 1163 43 87.574
37 606 35 51.228
38 661 35 79.957
39 372 34 17.481
40 586 51 87.238
41 585 38 37.514
42 286 59 64.969
43 558 4 26.52
44 428 1 22.56
45 390 30 73.476
46 703 5 77.607
47 517 50 20.469
48 1400 51 24.713
49 1058 53 11.963
50 427 38 91.228
51 856 49 48.697
52 988 6 85.511
53 496 59 27.185
54 940 44 77.191
55 1010 46 24.171
56 1170 12 39.484
57 391 19 52.155
58 167 54 77.385
59 1213 60 47.786
60 966 55 63.273
61 844 45 78.198
62 828 50 48.455
63 113 33 63.877
64 1042 48 64.534
65 1 31 89.139
66 1286 12 95.674
67 844 24 54.909
68 448 28 74.57
69 617 48 30.741
70 558 42 48.196
71 635 26 50.053
72 561 60 59.494
73 792 18 77.354
74 827 34 69.852
75 872 49 69.519
76 1072 27 91.319
77 1175 8 13.655
78 948 37 23.209
79 979 16 46.857
80 674 7 52.52
81 257 18 90.158
82 825 45 40.396
83 887 21 6.193
84 451 23 4.12
85 870 40 52.846
86 110 52 15.478
87 305 26 65.999
88 645 25 27.639
89 1355 1 80.507
90 1387 52 36.897
91 669 8 13.081
92 444 39 19.855
93 580 10 96.702
94 546 19 3.559
95 1377 3 54.735
96 422 57 76.886
97 380 23 88.502
98 517 58 75.933
99 1016 30 83.092
100 927 54 63.184
101 729 46 12.838
102 319 48 31.378
103 845 49 98.407
104 319 27 44.533
105 1163 45 94.547
106 1290 30 83.08
107 676 34 40.964
108 905 3 4.437
109 729 35 22.644
110 1002 51 64.715
111 1391 44 46.75
112 824 36 1.065
113 619 43 7.772
114 1031 39 37.407
115 577 60 50.6
116 487 2 51.585
117 1196 44 88.784
118 133 33 49.987
119 952 42 9.273
120 1122 29 78.138
121 643 52 51.519
122 557 18 85.211
123 788 48 58.096
124 778 43 42.604
125 845 31 5.129
126 525 25 7.094
127 910 8 53.711
128 533 18 29.247
129 784 35 39.875
130 1008 43 25.599
131 358 40 5.582
132 193 26 59.458
133 214 36 88.857
134 788 24 4.866
135 680 57 9.884
136 1318 58 52.879
137 1371 37 62.274
138 1307 35 78.43
139 955 3 51.024
140 525 8 73.893
141 95 42 28.268
142 1140 54 67.281
143 980 48 35.653
144 267 51 52.924
145 73 28 47.2
146 674 38 48.318
147 177 20 8.83
148 959 51 35.645
149 889 22 98.588
150 52 37 60.644
151 879 39 83.751
152 674 1 2.541
153 1163 5 62.186
154 636 6 98.724
155 548 29 4.769
156 412 31 55.331
157 310 23 57.457
158 1250 43 79.897
159 1284 32 36.917
160 1297 47 28.858
161 772 23 73.94
162 409 22 21.23
163 788 34 93.548
164 1007 28 75.163
165 692 35 93.818
166 1315 29 96.03
167 182 48 72.631
168 698 35 81.813
169 751 49 74.914
170 1128 1 35.777
171 1123 7 90.371
172 1110 20 29.815
173 534 41 17.214
174 669 45 87.047
175 234 55 32.089
176 22 9 46.727
177 21 32 38.592
178 1077 60 94.724
179 995 11 62.125
180 1277 30 92.334
181 832 40 74.704
182 193 39 37.952
183 505 49 17.618
184 579 56 6.363
185 962 53 25.682
186 1419 33 10.01
187 190 6 27.961
188 199 46 58.115
189 327 34 13.107
190 1282 50 29.981
191 568 54 78.367
192 956 16 53.195
193 480 27 27.143
194 993 46 77.171
195 993 38 96.776
196 506 6 95.958
197 709 57 54.872
198 947 31 87.336
199 53 29 97.238
200 1423 49 97.269