200
1 582 49 98.708
2 436 39 48.675
3 628 54 38.963
4 225 6 99.164
5 1420 46 60.944
6 380 22 24.496
7 882 19 89.605
8 23 4 27.879
9 302 7 6.815
10 1304 41 71.653
11 865 12 31.298
12 901 5 97.026
13 879 28 41.351
14 214 46 89.345
15 647 34 60.377
16 733 34 69.967
17 822 6 79.999
18 844 41 51.289
19 440 3 97.895
20 1290 37 15.24
21 933 33 18.699
22 44 32 59.322
23 295 10 65.893
24 1169 29 25.944
25 261 50 11.585
26 237 3 33.636
27 380 57 15.393
28 1100 25 85.742
29 1228 29 29.964
30 444 25 1.396
31 333 31 95.541
32 1050 46 90.251
33 449 30 6.272
34 869 1 99.782
35 1173 57 68.329
36 410 13 67.769
37 1279 7 78.019
38 556 10 18.529
39 1014 6 79.371
40 1180 36 44.514
41 922 49 54.782
42 1058 26 99.582
43 562 21 90.03
44 1048 43 98.114
45 1339 25 71.703
46 1342 30 90.2
47 186 49 84.376
48 414 53 23.49
49 17 10 96.283
50 121 28 26.91
51 1293 38 47.069
52 1243 20 14.902
53 1135 51 82.96
54 1245 45 28.51
55 890 58 90.242
56 404 40 42.457
57 593 17 57.117
58 1303 9 28.658
59 25 23 39.731
60 943 59 73.787
61 235 57 69.561
62 701 12 83.246
63 689 37 61.444
64 320 21 6.17
65 1088 54 47.002
66 1426 59 96.796
67 959 29 94.244
68 10 25 98.322
69 14 41 29.191
70 726 52 95.818
71 46 28 4.824
72 1245 32 79.532
73 74 54 26.057
74 321 38 96.696
75 752 28 87.79
76 445 10 91.215
77 159 48 75.666
78 782 15 61.007
79 247 25 23.449
80 1073 18 16.431
81 905 24 20.387
82 498 14 98.871
83 780 58 96.974
84 113 1 42.371
85 1341 30 72.88
86 1316 4 90.587
87 719 3 7.124
88 892 57 1.447
89 391 38 61.545
90 88 9 40.013
91 346 3 64.793
92 221 12 34.825
93 975 51 86.563
94 180 28 45.285
95 1046 16 96.709
96 401 8 64.046
97 661 24 16.233
98 1085 9 4.234
99 1058 36 86.563
100 1360 25 41.469
101 256 41 64.758
102 993 29 56.74
103 620 10 2.2
104 1173 57 22.152
105 1346 22 27.463
106 1402 24 24.169
107 116 57 82.218
108 1432 14 53.818
109 873 30 47.855
110 403 46 33.41
111 1218 23 64.588
112 721 54 7.799
113 255 46 18.745
114 210 45 82.42
115 697 36 65.629
116 1077 32 53.157
117 44 23 73.659
118 81 16 93.584
119 602 15 47.919
120 1319 21 80.406
121 204 1 26.698
122 155 38 17.711
123 242 30 87.828
124 690 3 69.233
125 128 25 84.406
126 430 4 70.187
127 614 12 5.701
128 883 26 42.139
129 288 42 15.334
130 621 50 43.549
131 1279 33 78.131
132 877 1 86.875
133 713 7 83.452
134 148 52 75.024
135 394 45 44.318
136 458 33 81.825
137 1310 42 55.659
138 1182 28 73.946
139 1183 37 90.225
140 745 41 72.438
141 242 40 95.296
142 611 15 72.146
143 1308 54 99.137
144 1258 7 89.363
145 1393 24 76.286
146 394 2 90.375
147 869 39 98.874
148 698 36 51.756
149 1332 31 68.009
150 521 57 87.918
151 1357 36 91.971
152 291 49 77.662
153 1370 54 19.266
154 1206 6 51.523
155 371 50 17.493
156 1069 46 26.675
157 866 4 35.432
158 18 38 52.166
159 570 51 97.249
160 369 5 14.601
161 329 7 4.609
162 663 37 43.338
163 483 60 52.016
164 915 30 77.837
165 58 52 35.753
166 375 24 43.589
167 94 44 81.594
168 74 41 76.364
169 408 27 45.367
170 1359 21 13.978
171 440 8 94.497
172 263 34 35.435
173 403 26 99.782
174 139 51 67.392
175 873 44 32.747
176 1243 3 13.217
177 540 47 85.052
178 220 21 10.659
179 745 19 79.002
180 171 56 7.018
181 1051 7 91.27
182 837 14 17.632
183 1295 32 42.904
184 71 49 24.996
185 1310 23 54.685
186 1264 1 94.786
187 1410 57 50.761
188 36 50 75.457
189 885 14 98.692
190 471 58 44.628
191 12 53 74.801
192 571 43 55.684
193 1308 43 45.494
194 1096 7 23.262
195 793 16 28.809
196 226 7 20.263
197 556 30 35.561
198 310 39 47.023
199 1335 6 8.218
200 203 40 12.114
