200
1 14 13 97.607
2 21 2 50.955
3 28 17 79.498
4 36 9 56.925
5 43 10 64.953
6 50 23 94.112
7 57 18 99.205
8 64 17 51.154
9 79 2 35.13
10 86 22 40.515
11 93 8 27.95
12 100 2 2.454
13 108 1 2.162
14 115 1 2.962
15 122 1 2.933
16 129 1 2.53
17 136 2 2.376
18 144 2 2.446
19 151 1 2.295
20 158 1 2.317
21 165 2 2.012
22 172 2 2.889
23 180 2 2.472
24 187 2 2.424
25 194 1 2.242
26 201 2 0.899
27 208 1 0.988
28 216 2 0.752
29 223 2 0.822
30 230 1 0.788
31 237 1 0.964
32 244 1 0.873
33 251 2 0.806
34 251 20 91.72
35 259 5 63.306
36 266 10 76.39
37 273 7 83.378
38 280 12 83.641
39 288 14 55.374
40 302 24 27.568
41 309 26 43.63
42 316 9 30.896
43 324 1 2.772
44 331 2 1.702
45 338 1 2.627
46 345 1 2.048
47 352 1 2.104
48 360 2 2.55
49 367 1 2.367
50 374 1 2.703
51 381 1 1.718
52 388 1 1.807
53 396 2 2.105
54 403 1 1.91
55 410 1 2.261
56 417 1 2.755
57 424 1 2.75
58 432 1 1.994
59 439 1 2.057
60 446 2 0.995
61 453 1 0.919
62 460 1 0.819
63 468 2 0.845
64 475 1 0.837
65 482 1 0.798
66 489 1 0.805
67 496 2 0.816
68 503 1 0.984
69 511 2 0.824
70 518 1 0.932
71 525 2 0.754
72 532 2 0.841
73 540 44 0.417
74 547 1 0.76
75 554 1 0.764
76 561 1 0.817
77 568 2 0.906
78 576 1 0.857
79 583 2 0.774
80 590 1 0.951
81 597 1 0.939
82 604 1 0.792
83 612 2 0.842
84 619 2 0.94
85 626 1 0.867
86 633 1 0.978
87 640 1 0.973
88 648 1 0.772
89 655 2 0.857
90 662 2 0.85
91 669 2 0.992
92 676 1 0.895
93 684 1 0.958
94 691 2 0.854
95 698 1 0.751
96 705 1 0.761
97 712 1 0.994
98 720 1 0.916
99 727 1 0.91
100 734 1 0.851
101 741 1 0.862
102 748 1 0.935
103 756 1 0.776
104 763 2 0.813
105 770 2 0.792
106 777 1 0.855
107 784 2 0.772
108 792 25 0.206
109 792 21 53.67
110 799 18 83.699
111 806 1 63.956
112 813 14 74.467
113 820 46 73.635
114 827 37 78.774
115 835 27 55.244
116 842 14 92.233
117 849 50 96.228
118 856 39 50.103
119 871 30 31.787
120 878 16 44.487
121 885 39 24.944
122 892 50 37.62
123 900 34 24.785
124 907 2 1.901
125 914 2 1.92
126 921 2 1.489
127 928 2 1.668
128 936 2 1.762
129 943 1 1.431
130 950 2 1.885
131 957 1 1.959
132 964 2 1.899
133 972 1 1.878
134 979 1 1.264
135 986 1 1.79
136 993 1 1.782
137 1000 2 1.805
138 1007 2 1.692
139 1015 1 1.737
140 1022 1 1.252
141 1029 2 1.423
142 1036 1 1.829
143 1044 1 1.972
144 1051 2 1.524
145 1058 1 1.766
146 1065 1 1.605
147 1072 2 1.764
148 1080 1 1.91
149 1087 2 1.471
150 1094 1 1.315
151 1101 1 1.897
152 1108 2 1.891
153 1116 1 0.904
154 1123 1 0.789
155 1130 2 0.967
156 1137 2 0.759
157 1144 1 0.928
158 1152 1 0.846
159 1159 1 0.923
160 1166 1 0.937
161 1173 1 0.871
162 1180 2 0.88
163 1188 2 0.872
164 1195 1 0.753
165 1202 2 0.795
166 1209 1 0.961
167 1216 2 0.783
168 1224 1 0.76
169 1231 2 0.864
170 1238 1 0.919
171 1245 1 0.967
172 1252 2 0.805
173 1252 10 69.536
174 1260 19 55.494
175 1267 14 62.353
176 1281 31 33.731
177 1288 6 30.684
178 1296 14 38.678
179 1303 6 36.34
180 1310 2 2.004
181 1317 1 2.598
182 1324 2 2.688
183 1332 2 2.827
184 1339 1 1.786
185 1346 1 2.09
186 1353 1 2.287
187 1360 1 2.053
188 1368 1 2.533
189 1375 1 1.836
190 1382 2 2.494
191 1389 2 2.766
192 1396 2 1.996
193 1404 2 1.891
194 1411 1 2.472
195 1418 1 1.81
196 1425 2 2.389
197 1432 2 2.132
198 1440 1 0.933
199 1440 43 75.095
200 1440 29 77.205
