190
1 362 10 18.941
2 206 11 43.74
3 349 3 6.806
4 351 26 49.039
5 366 36 74.484
6 461 2 3.116
7 238 4 12.392
8 371 50 92.325
9 717 32 32.106
10 329 40 89.415
11 495 47 70.812
12 430 33 50.031
13 917 16 12.253
14 728 34 32.999
15 261 16 41.743
16 473 39 58.993
17 690 26 26.48
18 554 31 40.716
19 985 30 20.99
20 468 39 55.448
21 316 29 65.113
22 590 4 4.707
23 647 42 43.781
24 275 23 56.947
25 375 35 63.865
26 383 32 57.673
27 711 52 52.128
28 305 35 75.293
29 471 59 83.221
30 308 14 32.08
31 643 16 17.037
32 381 33 61.375
33 314 35 80.995
34 332 10 20.922
35 356 31 66.392
36 273 39 93.773
37 303 25 58.455
38 331 45 99.893
39 699 38 39.289
40 1035 45 31.49
41 263 13 32.575
42 242 20 58.443
43 1004 16 11.131
44 642 60 64.178
45 692 38 37.93
46 314 41 93.243
47 230 32 91.112
48 303 13 32.854
49 241 28 85.232
50 433 34 51.351
51 350 20 41.793
52 538 7 9.356
53 432 30 45.149
54 968 55 38.868
55 361 21 43.56
56 347 1 1.986
57 1050 17 11.256
58 535 38 48.791
59 364 37 82.493
60 803 21 18.054
61 274 33 79.231
62 356 13 26.252
63 305 9 20.154
64 968 53 37.183
65 402 31 56.412
66 294 14 33.052
67 724 41 38.846
68 480 7 9.925
69 408 34 57.371
70 969 12 8.765
71 398 54 94.617
72 430 28 44.467
73 254 29 83.655
74 224 5 16.819
75 381 5 9.476
76 717 11 10.633
77 920 19 14.746
78 363 28 57.714
79 521 28 35.794
80 565 35 44.452
81 560 3 3.74
82 1325 40 20.608
83 998 34 23.693
84 203 5 16.204
85 1015 40 27.775
86 262 24 69.968
87 462 21 34.993
88 340 29 63.261
89 1268 25 13.638
90 168 2 7.579
91 888 43 34.4
92 245 23 65.084
93 365 53 95.845
94 556 35 42.633
95 1048 23 15.861
96 270 31 81.196
97 749 54 52.029
98 401 21 34.593
99 449 54 89.577
100 400 37 62.904
101 477 40 64.292
102 422 30 49.729
103 541 57 78.813
104 306 7 15.611
105 404 42 67.095
106 1058 8 5.229
107 343 40 77.952
108 269 29 66.032
109 540 59 76.203
110 318 2 4.629
111 747 22 21.229
112 566 45 55.207
113 260 17 40.33
114 467 8 11.836
115 980 16 11.661
116 336 30 65.354
117 825 55 46.778
118 377 24 41.01
119 414 41 70.136
120 378 40 75.429
121 754 34 32.064
122 627 6 6.709
123 358 27 56.209
124 432 52 86.155
125 524 17 21.978
126 402 6 10.063
127 1225 7 4.073
128 584 31 39.192
129 472 43 70.175
130 326 17 36.626
131 278 26 69.914
132 905 32 24.824
133 257 9 23.17
134 555 27 32.235
135 306 12 27.033
136 517 2 2.75
137 612 3 3.4
138 389 15 25.814
139 387 52 98.063
140 278 16 35.676
141 524 19 23.453
142 360 18 35.612
143 447 53 80.745
144 1177 42 24.802
145 538 20 26.574
146 214 1 3.474
147 708 37 36.025
148 299 31 82.048
149 314 20 44.046
150 599 43 47.757
151 273 39 87.408
152 553 15 19.751
153 405 49 85.64
154 373 42 83.084
155 423 6 9.955
156 312 8 17.264
157 494 12 18.371
158 736 1 0.945
159 847 6 5.174
160 786 48 40.74
161 192 27 96.179
162 368 27 49.589
163 246 33 83.106
164 241 33 82.204
165 234 35 95.94
166 322 47 98.633
167 342 47 90.123
168 453 38 61.44
169 372 14 27.598
170 501 59 82.151
171 1001 15 10.5
172 495 3 4.208
173 665 14 15.044
174 361 41 79.541
175 465 48 67.231
176 336 43 81.903
177 461 35 47.503
178 358 2 4.469
179 427 39 61.204
180 218 34 98.884
181 365 26 52.341
182 1044 47 32.028
183 407 40 72.501
184 442 38 57.684
185 404 41 76.951
186 186 27 96.432
187 287 23 57.047
188 397 2 3.681
189 570 2 2.534
190 341 29 53.875
