200
1 909 23 15.98
2 878 56 35.094
3 17 37 47.231
4 263 25 41.471
5 624 27 70.927
6 102 37 39.701
7 1438 24 5.87
8 47 44 78.379
9 1010 3 26.31
10 1077 29 86.875
11 463 3 76.106
12 185 43 54.879
13 316 33 47.299
14 845 60 51.645
15 1176 12 63.064
16 1334 6 85.414
17 1250 59 36.786
18 332 28 76.766
19 1081 42 40.214
20 1095 10 52.885
21 703 10 79.697
22 923 17 82.431
23 466 7 48.841
24 560 34 26.97
25 315 10 70.487
26 1195 55 38.848
27 1398 49 52.376
28 602 60 69.615
29 441 7 45.798
30 413 7 48.558
31 343 37 44.85
32 949 32 41.855
33 67 45 89.389
34 1141 5 61.232
35 1137 6 69.792
36 283 56 48.131
37 1050 13 77.168
38 795 6 96.364
39 1108 27 26.213
40 1288 58 4.162
41 378 21 95.14
42 1013 18 80.855
43 1086 53 91.625
44 1085 38 34.023
45 555 53 57.05
46 1249 55 80.41
47 34 53 36.698
48 602 38 19.1
49 324 8 19.169
50 906 44 61.622
51 846 40 90.409
52 760 7 64.459
53 957 29 63.285
54 45 35 81.509
55 335 18 47.016
56 516 47 18.55
57 964 17 99.429
58 1016 5 33.482
59 1195 33 98.064
60 917 9 89.234
61 1215 59 91.539
62 228 54 24.951
63 610 47 94.806
64 75 3 34.894
65 1228 40 26.493
66 923 25 11.846
67 489 46 94.278
68 1342 14 69.309
69 957 44 85.216
70 112 10 84.225
71 1186 8 55.653
72 653 1 13.62
73 850 18 30.754
74 212 19 65.007
75 1208 50 97.275
76 1237 49 52.714
77 379 31 61.903
78 924 56 40.06
79 1401 38 14.249
80 313 15 79.45
81 513 8 12.266
82 240 38 54.076
83 1055 22 79.134
84 1426 1 71.124
85 759 50 76.381
86 1422 46 62.219
87 1242 49 44.24
88 380 50 61.725
89 53 3 66.547
90 353 23 24.567
91 396 40 47.716
92 864 18 34.234
93 1074 46 26.022
94 706 27 96.373
95 159 13 66.007
96 395 42 84.793
97 972 53 13.086
98 620 48 7.693
99 337 6 54.007
100 115 32 47.639
101 1384 11 60.917
102 799 29 71.469
103 937 14 38.09
104 8 34 97.707
105 1172 58 20.047
106 303 18 87.132
107 1237 45 30.044
108 843 55 92.873
109 357 16 89.386
110 513 49 94.277
111 161 31 95.393
112 1352 31 87.195
113 540 55 3.063
114 292 46 27.325
115 923 32 42.133
116 293 46 82.532
117 144 55 18.1
118 769 24 3.05
119 840 20 8.179
120 442 12 15.325
121 299 5 53.354
122 922 39 33.269
123 953 59 58.692
124 399 51 32.269
125 338 42 21.265
126 4 50 69.837
127 1360 28 90.884
128 1098 15 11.394
129 335 35 95.411
130 1146 46 28.776
131 64 56 49.412
132 896 23 81.706
133 126 9 69.198
134 994 40 1.544
135 1335 28 4.627
136 1161 33 17.457
137 1417 45 37.933
138 1200 51 76.863
139 953 20 7.086
140 1190 40 51.827
141 15 10 62.229
142 838 4 68.282
143 934 26 70.485
144 951 38 98.667
145 942 25 63.931
146 136 46 76.604
147 732 14 78.262
148 1345 39 59.999
149 1289 42 76.453
150 431 28 5.838
151 397 17 87.713
152 1078 38 1.69
153 466 28 40.054
154 223 3 20.934
155 850 19 0.815
156 730 3 0.328
157 990 15 99.909
158 325 17 84.783
159 703 1 55.358
160 425 16 53.699
161 1151 59 19.794
162 363 21 19.769
163 921 35 92.983
164 192 31 76.563
165 354 29 90.694
166 862 39 17.55
167 946 48 18.693
168 1163 24 79.82
169 914 1 77.879
170 288 36 40.89
171 994 15 15.704
172 1046 60 63.842
173 1440 46 83.157
174 1324 31 46.854
175 1344 49 11.747
176 119 52 15.978
177 774 53 81.698
178 599 36 29.705
179 685 37 68.663
180 1214 27 87.742
181 1224 10 12.443
182 196 47 41.657
183 699 41 27.07
184 891 51 6.204
185 1400 3 67.766
186 1396 49 28.251
187 642 36 82.748
188 591 54 51.301
189 35 5 19.336
190 1092 32 78.186
191 1352 22 13.18
192 155 57 38.065
193 477 5 96.357
194 739 38 98.75
195 775 17 71.672
196 633 14 53.465
197 393 59 48.714
198 1388 4 70.937
199 1063 47 84.039
200 213 59 38.056
