198
1 1143 21 37.774
2 740 41 76.039
3 920 1 66.989
4 182 8 28.105
5 1197 37 56.218
6 1052 2 54.625
7 548 24 83.32
8 712 6 73.952
9 115 2 37.745
10 126 40 17.658
11 361 35 64.154
12 999 36 14.395
13 325 5 59.812
14 351 55 19.289
15 672 47 16.111
16 1221 18 66.857
17 503 41 76.115
18 118 15 72.051
19 1172 24 51.618
20 372 48 17.614
21 751 42 69.113
22 511 56 59.373
23 80 57 61.626
24 1045 58 55.81
25 284 52 60.388
26 972 22 62.816
27 1224 19 62.516
28 67 18 69.86
29 1235 49 19.473
30 900 2 35.159
31 782 54 75.624
32 274 37 15.306
33 1099 13 38.445
34 721 53 73.082
35 1095 37 32.623
36 548 15 58.357
37 1336 51 43.248
38 557 29 77.094
39 718 12 75.738
40 104 53 19.4
41 683 11 61.454
42 56 28 50.522
43 1192 5 47.003
44 1066 40 38.316
45 995 16 52.324
46 187 29 59.237
47 888 42 65.931
48 1342 56 64.876
49 584 31 73.69
50 132 31 66.574
51 723 60 17.125
52 1046 60 45.015
53 355 23 24.413
54 872 52 74.118
55 495 15 61.048
56 196 48 20.7
57 330 33 29.204
58 518 9 53.786
59 1338 55 77.232
60 421 36 18.341
61 44 9 24.068
62 698 60 20.484
63 115 45 49.063
64 725 28 77.141
65 468 41 69.841
66 146 22 19.047
67 891 55 54.947
68 153 44 38.047
69 380 27 30.592
70 1192 57 70.58
71 238 11 34.94
72 1371 13 51.64
73 1295 56 40.834
74 182 17 31.282
75 689 40 42.806
76 891 36 30.032
77 96 3 25.017
78 387 13 57.014
79 711 33 39.016
80 257 32 68.527
81 462 53 58.987
82 863 60 44.093
83 520 48 47.125
84 891 9 79.995
85 491 14 81.31
86 160 29 39.503
87 126 41 24.82
88 242 21 28.389
89 817 50 91.642
90 543 44 74.07
91 497 19 53.456
92 1091 13 52.523
93 1268 3 20.787
94 187 2 31.884
95 1219 25 59.212
96 95 1 24.652
97 383 21 19.539
98 233 44 44.637
99 579 3 45.815
100 463 55 77.882
101 1201 10 58.026
102 255 19 77.336
103 189 3 26.055
104 1126 55 56.258
105 1326 28 79.405
106 74 40 55.479
107 981 33 62.319
108 739 41 78.212
109 1151 49 34.989
110 1227 3 70.852
111 225 10 55.875
112 1206 57 51.401
113 610 44 45.135
114 557 24 38.87
115 108 55 87.956
116 1052 4 22.181
117 289 44 68.507
118 678 5 44.149
119 439 25 58.96
120 791 58 20.238
121 574 25 68.707
122 1242 4 52.437
123 837 36 27.022
124 1245 29 57.603
125 325 13 62.691
126 120 26 34.062
127 679 38 27.901
128 1237 35 49.392
129 443 30 30.272
130 191 55 49.239
131 973 36 26.353
132 293 5 86.94
133 1299 17 39.464
134 362 54 15.788
135 490 30 46.298
136 951 28 58.799
137 232 39 26.999
138 455 4 55.79
139 935 11 64.519
140 1265 13 63.344
141 602 7 80.705
142 1153 48 41.823
143 72 53 77.432
144 576 47 28.036
145 1046 48 22.455
146 284 46 76.287
147 740 29 35.865
148 63 19 17.223
149 1204 26 53.883
150 1030 52 64.4
151 297 50 83.112
152 633 22 26.124
153 973 15 35.404
154 728 39 73.827
155 916 15 29.295
156 400 8 27.202
157 1291 3 28.175
158 1132 31 62.147
159 156 59 44.075
160 1324 45 48.439
161 1036 23 68.733
162 277 14 66.016
163 205 41 40.727
164 1072 12 88.641
165 748 52 16.228
166 616 2 14.226
167 648 42 32.131
168 296 57 42.828
169 384 27 18.781
170 457 24 19.691
171 661 16 12.813
172 253 56 73.798
173 364 50 23.913
174 238 20 60.844
175 1150 1 71.321
176 846 1 70.696
177 1300 55 63.596
178 237 50 61.945
179 605 48 65.167
180 1099 13 56.817
181 1091 54 85.495
182 244 50 73.705
183 893 20 42.368
184 1240 5 58.451
185 1287 44 65.172
186 1267 27 69.023
187 520 33 68.208
188 151 41 41.209
189 372 29 19.38
190 452 3 55.787
191 841 2 88.589
192 656 4 30.31
193 802 17 35.935
194 586 49 81.736
195 178 17 35.514
196 170 50 88.005
197 417 60 43.455
198 424 58 66.517