180
1 790 20 38
2 640 6 15
3 443 7 20
4 58 56 63
5 225 3 76
6 711 34 79
7 173 44 58
8 951 39 60
9 368 26 58
10 1296 43 30
11 944 9 67
12 1141 12 69
13 980 21 21
14 884 38 47
15 620 6 2
16 1001 9 43
17 864 34 66
18 1146 52 24
19 1432 13 35
20 950 57 33
21 1116 15 51
22 845 52 66
23 598 31 82
24 506 32 48
25 123 33 54
26 179 55 4
27 315 27 93
28 775 19 23
29 635 28 7
30 373 26 46
31 201 13 25
32 1023 55 95
33 492 48 60
34 1020 11 17
35 553 17 52
36 1292 27 7
37 282 53 4
38 1084 24 81
39 932 51 58
40 1004 33 10
41 980 4 34
42 571 20 6
43 106 42 86
44 920 27 33
45 979 17 34
46 824 27 16
47 952 43 81
48 713 47 51
49 1018 49 35
50 1345 7 42
51 1342 41 92
52 783 20 62
53 1123 59 56
54 362 9 49
55 747 19 98
56 314 53 90
57 117 56 37
58 1232 15 54
59 319 26 27
60 423 12 15
61 186 52 96
62 366 14 98
63 190 26 61
64 134 16 64
65 83 43 42
66 980 58 39
67 202 18 34
68 550 27 48
69 1188 35 37
70 453 57 19
71 1331 7 11
72 703 33 53
73 269 23 74
74 365 36 71
75 763 36 30
76 768 51 48
77 596 43 83
78 1257 6 15
79 1402 22 50
80 945 31 19
81 1167 49 1
82 427 24 97
83 1335 10 57
84 494 28 79
85 969 49 81
86 866 35 88
87 1294 51 67
88 743 22 79
89 1415 47 13
90 1243 10 28
91 1245 41 37
92 366 27 61
93 1415 32 51
94 801 55 31
95 511 44 81
96 442 28 69
97 1208 56 83
98 574 46 50
99 1408 26 18
100 976 42 52
101 594 25 15
102 88 29 71
103 264 16 70
104 1373 11 31
105 822 18 23
106 1393 55 4
107 1367 37 26
108 908 3 42
109 1106 11 27
110 82 5 35
111 417 30 38
112 840 14 91
113 1106 20 21
114 353 32 86
115 958 5 26
116 214 55 37
117 1240 37 2
118 37 13 51
119 45 13 5
120 390 58 93
121 834 2 16
122 393 22 98
123 423 11 74
124 970 47 34
125 1336 47 98
126 586 36 14
127 299 5 6
128 539 42 59
129 15 48 25
130 321 31 58
131 1123 27 26
132 646 44 88
133 488 37 35
134 1415 41 19
135 130 30 78
136 372 26 99
137 1148 36 16
138 589 45 15
139 1005 38 47
140 404 51 56
141 87 47 86
142 153 18 17
143 56 19 26
144 30 28 42
145 1199 3 76
146 749 23 3
147 1214 50 22
148 30 29 21
149 60 55 97
150 505 13 35
151 1048 14 26
152 199 4 41
153 1324 8 34
154 293 29 38
155 551 11 65
156 651 49 20
157 1329 47 46
158 647 33 35
159 862 45 36
160 92 37 68
161 41 24 24
162 51 28 73
163 748 45 98
164 1263 28 32
165 1197 24 28
166 619 11 26
167 582 49 13
168 317 33 15
169 465 47 23
170 554 32 99
171 189 35 49
172 742 48 72
173 515 57 11
174 440 29 75
175 1025 3 6
176 218 37 3
177 1153 26 72
178 1286 8 43
179 923 54 51
180 68 43 86
