200
1 646 40 26
2 739 30 85
3 369 11 99
4 1348 20 42
5 1170 10 28
6 212 24 63
7 499 54 25
8 592 58 26
9 625 27 1
10 1138 6 15
11 1269 58 24
12 1174 59 96
13 341 30 57
14 1316 7 79
15 820 38 28
16 679 50 59
17 92 25 70
18 278 11 87
19 424 13 75
20 29 51 28
21 586 10 94
22 713 12 84
23 1112 48 15
24 1140 11 70
25 986 17 24
26 73 56 71
27 832 9 30
28 1173 48 28
29 76 26 59
30 215 50 95
31 670 36 87
32 1295 19 5
33 536 33 15
34 206 60 64
35 402 29 66
36 925 41 38
37 657 3 96
38 56 42 34
39 1379 15 53
40 761 24 56
41 1091 29 93
42 737 40 55
43 223 20 58
44 737 5 69
45 67 23 51
46 231 59 77
47 270 21 18
48 1402 3 75
49 198 29 58
50 729 55 45
51 1106 34 55
52 451 55 30
53 323 19 66
54 266 1 37
55 1159 34 45
56 294 29 97
57 303 15 40
58 181 8 60
59 187 41 98
60 451 42 54
61 585 37 96
62 1338 23 59
63 1167 44 18
64 480 43 78
65 60 25 40
66 172 5 41
67 431 54 15
68 948 45 29
69 121 7 53
70 133 18 13
71 180 6 17
72 573 1 55
73 1117 24 8
74 838 59 65
75 517 29 3
76 870 47 99
77 497 1 78
78 1142 38 53
79 288 18 6
80 461 40 27
81 1236 57 31
82 592 33 26
83 619 20 83
84 1103 58 9
85 720 43 57
86 1047 9 73
87 439 25 46
88 262 55 33
89 625 47 93
90 6 23 4
91 676 25 45
92 710 25 33
93 516 39 15
94 925 23 72
95 1382 41 42
96 576 24 61
97 1069 58 19
98 1246 59 19
99 428 39 36
100 564 15 73
101 1359 33 14
102 1004 28 66
103 967 6 64
104 828 58 63
105 1177 17 24
106 271 52 35
107 552 1 33
108 805 8 51
109 1246 9 12
110 1102 10 55
111 1136 17 59
112 1414 35 83
113 177 19 9
114 491 4 81
115 888 14 55
116 177 60 15
117 653 33 77
118 63 58 64
119 543 19 30
120 293 10 13
121 194 42 94
122 1133 36 4
123 1096 37 77
124 219 30 45
125 264 58 54
126 1271 17 20
127 1292 15 38
128 1398 55 84
129 1402 39 24
130 398 25 93
131 328 49 62
132 960 2 80
133 1139 30 54
134 258 12 39
135 275 40 55
136 386 34 41
137 875 37 10
138 568 2 60
139 1321 1 8
140 684 20 27
141 821 17 92
142 826 26 16
143 1336 5 23
144 129 21 73
145 774 40 17
146 1300 4 81
147 1110 30 94
148 648 58 43
149 462 1 75
150 626 53 66
151 1280 21 98
152 1297 21 48
153 1071 38 65
154 868 31 89
155 628 27 91
156 784 29 40
157 349 53 2
158 747 44 27
159 1383 16 57
160 401 30 78
161 1084 56 95
162 1059 13 56
163 39 39 10
164 135 3 78
165 637 4 91
166 526 43 31
167 897 45 94
168 277 21 56
169 82 25 34
170 1238 29 95
171 1296 46 16
172 1316 56 24
173 101 1 69
174 650 12 82
175 37 32 42
176 1194 21 10
177 200 15 23
178 500 15 73
179 511 28 94
180 61 53 91
181 325 27 47
182 433 8 76
183 1376 47 67
184 1097 60 76
185 271 36 1
186 148 21 19
187 202 45 1
188 322 31 59
189 285 12 29
190 1308 44 36
191 1369 42 35
192 684 44 38
193 424 14 70
194 495 21 33
195 4 50 26
196 1132 46 50
197 641 36 22
198 952 47 55
199 470 36 86
200 956 24 52
