194
1 241 32 95
2 41 1 57
3 201 11 53
4 461 41 38
5 1308 30 29
6 652 8 39
7 1070 8 78
8 929 8 24
9 1139 43 69
10 262 12 6
11 692 31 66
12 667 14 71
13 615 26 52
14 624 57 65
15 907 15 94
16 772 56 83
17 620 10 41
18 674 17 73
19 1174 10 60
20 284 54 36
21 1425 7 43
22 22 21 90
23 1035 29 21
24 295 33 82
25 1125 56 10
26 1029 50 89
27 61 30 53
28 417 38 90
29 855 8 61
30 109 29 32
31 115 51 38
32 970 15 77
33 10 14 88
34 1372 32 77
35 902 46 6
36 177 55 24
37 316 35 36
38 1176 32 49
39 816 36 81
40 1205 5 44
41 170 47 91
42 1016 2 96
43 1072 12 12
44 438 52 52
45 408 34 42
46 822 18 80
47 649 39 46
48 292 35 18
49 937 16 60
50 1329 58 76
51 1216 22 48
52 1308 5 97
53 118 46 31
54 946 22 36
55 604 31 49
56 819 12 32
57 1296 27 24
58 1139 55 20
59 700 8 26
60 417 52 34
61 354 15 46
62 311 47 39
63 633 58 4
64 437 36 32
65 614 55 1
66 1126 1 50
67 481 3 73
68 988 55 32
69 767 21 16
70 1344 22 8
71 1399 29 17
72 1388 32 30
73 1036 14 73
74 995 51 37
75 822 11 6
76 346 8 36
77 628 15 6
78 172 55 98
79 635 43 43
80 785 38 23
81 339 54 1
82 800 14 96
83 252 56 95
84 1414 13 47
85 589 43 58
86 720 18 69
87 1391 32 40
88 804 29 91
89 97 24 45
90 943 3 84
91 1069 1 36
92 1 43 97
93 1062 58 60
94 1127 47 32
95 1192 55 2
96 1038 55 33
97 98 39 29
98 41 52 7
99 1322 41 47
100 1136 59 52
101 489 38 19
102 1172 32 93
103 150 12 82
104 21 4 29
105 296 36 47
106 234 23 23
107 749 21 94
108 816 28 57
109 1392 23 33
110 1133 48 12
111 610 15 31
112 368 50 28
113 516 17 7
114 1224 47 19
115 1316 29 4
116 12 31 21
117 1019 42 86
118 24 11 18
119 1323 35 83
120 895 7 98
121 1348 3 61
122 488 43 67
123 517 45 82
124 867 25 17
125 930 47 15
126 79 28 69
127 944 39 11
128 928 15 83
129 11 5 71
130 277 50 9
131 268 11 7
132 1194 20 24
133 186 33 2
134 419 16 53
135 246 30 1
136 881 54 59
137 1068 17 93
138 928 11 20
139 237 59 15
140 820 22 50
141 50 13 18
142 357 59 41
143 1393 49 17
144 706 46 92
145 739 14 95
146 414 4 52
147 594 6 18
148 851 3 4
149 1303 3 13
150 266 38 63
151 113 3 85
152 1035 58 30
153 1154 45 43
154 397 1 54
155 891 4 30
156 128 48 14
157 1352 16 19
158 1170 19 66
159 1290 48 83
160 757 32 72
161 1154 15 97
162 817 3 19
163 751 57 66
164 667 19 9
165 126 57 16
166 292 55 58
167 179 11 30
168 851 21 22
169 654 54 41
170 1139 21 9
171 1242 50 65
172 1346 48 4
173 1190 37 81
174 136 55 68
175 526 23 22
176 347 26 98
177 223 29 95
178 1039 5 55
179 447 17 37
180 927 34 60
181 628 51 25
182 466 18 59
183 1072 49 42
184 685 9 70
185 729 7 13
186 766 43 38
187 1413 19 42
188 391 26 14
189 904 4 67
190 68 16 86
191 986 45 45
192 755 2 33
193 1125 27 58
194 385 38 84