176 
1 907 15 4.422 
2 203 2 3.814 
3 558 44 41.183 
4 614 41 19.684 
5 845 31 26.201 
6 321 56 5.042 
7 1171 29 82.549 
8 1198 8 95.391 
9 1202 43 52.619 
10 108 18 37.051 
11 1417 13 12.675 
12 852 21 21.766 
13 134 16 85.887 
14 553 47 94.687 
15 1353 15 92.544 
16 565 3 53.110 
17 1018 46 27.518 
18 804 33 33.184 
19 1048 49 96.867 
20 1316 14 68.876 
21 748 17 21.757 
22 754 51 91.892 
23 1401 13 80.452 
24 578 11 59.667 
25 1219 18 96.616 
26 948 60 9.099 
27 786 13 57.342 
28 1346 31 15.792 
29 179 28 49.993 
30 1133 29 65.924 
31 30 25 43.225 
32 297 48 83.658 
33 430 10 66.450 
34 1287 5 16.006 
35 378 5 23.905 
36 553 33 6.332 
37 1361 24 33.908 
38 267 24 60.963 
39 884 13 14.741 
40 970 41 55.073 
41 869 60 15.846 
42 1136 57 51.010 
43 1040 38 13.952 
44 810 5 46.460 
45 1288 1 59.072 
46 1049 42 46.331 
47 847 39 39.101 
48 1325 36 73.426 
49 439 7 16.527 
50 1009 8 4.881 
51 28 25 84.306 
52 1229 14 89.126 
53 964 57 12.783 
54 1243 24 72.326 
55 50 56 75.798 
56 1329 22 40.351 
57 440 12 54.938 
58 245 1 30.558 
59 48 4 65.285 
60 369 15 89.009 
61 674 2 55.915 
62 655 25 37.597 
63 714 46 43.364 
64 392 29 16.249 
65 669 34 84.648 
66 1062 2 4.211 
67 43 42 93.481 
68 983 8 6.751 
69 1214 22 13.397 
70 1313 58 34.346 
71 27 39 96.415 
72 1422 13 66.395 
73 1436 6 79.755 
74 1113 29 26.202 
75 335 4 14.079 
76 342 49 17.474 
77 340 50 29.310 
78 1245 45 36.927 
79 1142 50 76.080 
80 1111 29 20.395 
81 300 48 34.334 
82 200 2 68.396 
83 1305 16 69.217 
84 579 24 44.237 
85 1242 45 62.687 
86 108 8 41.896 
87 241 45 82.690 
88 549 8 61.340 
89 1319 6 62.416 
90 785 47 3.899 
91 332 24 49.345 
92 1154 15 98.810 
93 611 11 13.001 
94 852 55 11.628 
95 1202 3 6.845 
96 1385 2 31.913 
97 706 1 21.916 
98 674 40 65.123 
99 1049 37 9.547 
100 238 46 58.220 
101 710 17 21.009 
102 392 4 44.397 
103 1248 8 95.660 
104 343 38 31.030 
105 319 53 13.931 
106 1348 41 93.958 
107 174 21 35.677 
108 765 21 19.411 
109 999 33 86.854 
110 928 22 1.084 
111 1299 13 60.325 
112 755 13 2.748 
113 485 7 39.326 
114 1218 33 99.834 
115 444 35 26.185 
116 773 45 62.842 
117 388 2 52.834 
118 615 36 88.405 
119 1347 4 53.637 
120 1285 29 62.719 
121 347 32 87.688 
122 217 46 2.901 
123 133 7 73.031 
124 1234 12 30.734 
125 862 15 7.971 
126 259 2 37.181 
127 466 40 1.982 
128 1270 46 50.451 
129 189 59 51.049 
130 48 32 91.239 
131 1032 8 85.099 
132 640 32 11.636 
133 556 59 85.323 
134 334 49 14.865 
135 434 4 75.474 
136 745 16 82.559 
137 733 33 63.735 
138 242 34 71.764 
139 41 56 61.301 
140 1122 40 75.704 
141 1178 56 2.258 
142 1410 31 41.158 
143 708 31 9.597 
144 1426 58 3.976 
145 285 51 29.743 
146 1179 1 86.787 
147 343 60 39.289 
148 546 52 46.712 
149 294 3 26.550 
150 827 20 55.851 
151 1044 31 85.757 
152 731 5 26.567 
153 870 37 89.274 
154 434 26 66.581 
155 129 2 13.582 
156 414 45 13.722 
157 790 4 35.421 
158 645 24 10.651 
159 509 5 91.892 
160 485 55 80.799 
161 32 57 20.810 
162 360 3 29.549 
163 54 32 34.983 
164 195 46 65.850 
165 391 17 84.820 
166 428 26 8.317 
167 1364 5 9.751 
168 1244 37 79.502 
169 1420 11 76.848 
170 1349 34 44.075 
171 932 59 59.272 
172 621 29 16.854 
173 967 59 58.758 
174 1382 27 67.899 
175 1065 7 6.144 
176 670 50 18.374 
