200
1 876 43 51.658
2 158 46 93.899
3 1088 49 30.0
4 687 47 42.699
5 450 49 56.28
6 865 53 7.156
7 210 57 48.826
8 1139 50 3.298
9 341 44 62.289
10 1282 52 61.826
11 546 52 15.178
12 290 54 97.013
13 327 41 20.667
14 667 51 33.852
15 669 54 87.787
16 73 58 23.513
17 390 47 71.176
18 814 51 26.287
19 930 46 69.316
20 497 46 47.425
21 1104 41 9.258
22 944 59 37.988
23 617 41 66.909
24 1366 51 90.729
25 846 44 19.186
26 31 43 29.118
27 1294 58 55.981
28 599 50 26.59
29 240 60 63.98
30 782 52 27.681
31 974 46 68.851
32 1236 42 32.134
33 1206 54 97.918
34 758 51 10.434
35 944 48 58.542
36 813 41 59.822
37 13 50 28.604
38 839 52 66.429
39 290 47 66.382
40 1159 42 19.041
41 1069 40 25.597
42 906 41 52.917
43 1047 50 51.622
44 352 58 28.961
45 209 42 17.501
46 716 42 27.352
47 274 53 50.909
48 291 58 90.428
49 1078 42 18.331
50 179 53 69.795
51 1092 54 90.951
52 754 54 69.203
53 958 49 12.727
54 345 40 79.744
55 1243 58 18.706
56 868 48 99.652
57 663 53 7.44
58 721 48 62.448
59 1052 40 99.179
60 189 59 94.03
61 1162 46 87.18
62 979 43 14.768
63 721 46 23.386
64 1155 48 21.505
65 1217 51 38.225
66 484 53 23.203
67 26 57 78.454
68 1 44 10.149
69 478 59 4.823
70 169 54 42.935
71 537 46 71.905
72 705 41 39.071
73 353 41 28.408
74 1371 52 98.712
75 314 45 39.879
76 798 52 55.162
77 457 44 65.911
78 854 58 98.41
79 251 47 67.128
80 455 57 25.758
81 1093 48 94.245
82 16 60 49.004
83 1059 54 27.9
84 756 55 99.073
85 1235 49 99.178
86 920 60 83.192
87 1230 56 84.036
88 162 54 59.577
89 774 57 11.723
90 491 56 19.345
91 1094 49 87.114
92 285 54 45.097
93 12 60 13.371
94 910 45 85.678
95 942 45 16.744
96 1099 58 18.517
97 2 48 69.497
98 1320 55 34.426
99 1076 47 65.247
100 849 56 96.865
101 134 45 77.113
102 785 53 42.906
103 1253 50 45.156
104 986 48 46.112
105 1360 46 59.019
106 907 58 53.675
107 1104 52 28.622
108 536 40 34.67
109 1261 48 98.839
110 923 43 16.56
111 525 40 97.514
112 47 46 75.844
113 310 40 45.046
114 813 60 99.961
115 978 55 22.42
116 336 49 93.495
117 170 59 54.031
118 602 52 86.173
119 1098 48 25.518
120 622 46 33.057
121 1062 43 24.529
122 440 54 46.002
123 857 48 1.075
124 764 41 62.599
125 2 49 30.753
126 824 50 34.28
127 233 59 17.67
128 876 40 62.309
129 645 60 76.93
130 492 44 16.567
131 712 48 34.735
132 738 52 75.178
133 1287 60 61.221
134 950 60 13.349
135 1230 51 6.219
136 788 44 66.246
137 307 43 13.093
138 761 41 2.784
139 762 44 17.59
140 209 46 61.568
141 878 60 45.756
142 241 45 39.328
143 1037 55 17.952
144 1197 47 21.893
145 1070 50 45.368
146 409 60 92.239
147 674 53 88.063
148 929 58 39.278
149 850 56 4.849
150 1165 46 3.209
151 366 47 45.345
152 832 46 73.834
153 1051 48 91.088
154 299 51 64.456
155 610 48 82.299
156 386 51 54.22
157 963 43 56.575
158 530 40 51.421
159 126 46 35.645
160 394 52 90.001
161 1300 47 82.063
162 621 41 47.812
163 1049 49 98.973
164 343 55 20.976
165 196 51 19.563
166 812 54 19.778
167 1154 49 56.494
168 573 55 93.72
169 1161 55 62.067
170 910 46 69.735
171 865 40 98.658
172 727 47 76.563
173 1031 47 17.867
174 323 50 6.245
175 350 54 69.102
176 132 53 1.634
177 840 54 84.698
178 203 47 8.28
179 557 60 11.427
180 1306 55 21.317
181 365 48 93.597
182 1060 46 62.914
183 522 59 51.973
184 49 44 28.199
185 729 43 14.268
186 823 52 38.875
187 351 44 78.343
188 1294 44 42.589
189 1320 40 23.384
190 413 53 57.345
191 342 46 3.576
192 788 45 40.424
193 809 45 16.44
194 1130 53 47.393
195 483 55 12.086
196 237 46 6.443
197 1128 42 68.358
198 259 57 4.174
199 811 50 18.007
200 1357 53 8.627
