200
1 148 17 76.5
2 1304 42 60.26
3 822 9 68
4 1148 25 64.499
5 289 60 26.96
6 397 23 96
7 828 54 65.9
8 11 29 11.3
9 946 31 13.55
10 1139 60 33.7
11 1366 13 54
12 207 3 50.12
13 263 46 34.143
14 264 33 88.992
15 429 60 9
16 700 53 5.112
17 320 58 10.456
18 762 10 76.73
19 1408 53 96.85
20 904 33 3.73
21 54 43 50
22 291 33 35
23 234 19 78.8
24 1223 47 8
25 752 16 35.8
26 1393 6 59.557
27 487 19 14
28 1219 47 43.12
29 418 27 55
30 337 4 41.02
31 245 60 41.02
32 336 28 19.6
33 67 14 59.6
34 122 26 10.77
35 609 28 63
36 1241 15 27
37 822 16 86.0
38 500 46 73.1
39 612 9 18.628
40 1155 15 44
41 842 40 7.69
42 995 19 56.6
43 113 2 21
44 42 45 12.924
45 1397 54 24
46 1366 4 74.95
47 1126 26 73.21
48 9 22 7.36
49 48 37 96.606
50 1306 15 84
51 202 51 12
52 994 15 38.9
53 1150 2 15.33
54 494 13 46.3
55 1314 33 29.3
56 327 17 43.126
57 322 9 29.338
58 365 35 63
59 227 36 38.78
60 849 9 75.968
61 1437 31 46.998
62 1355 37 39.6
63 472 22 95.5
64 587 48 19.51
65 1298 58 26.21
66 83 53 70
67 1073 25 50.5
68 872 12 37.9
69 1429 38 72.1
70 68 48 85.431
71 1291 2 73.1
72 1335 10 80
73 1028 58 84.91
74 582 33 56
75 942 39 72
76 1303 23 2.871
77 226 15 83.291
78 900 10 96.215
79 1275 22 69.3
80 966 40 84.21
81 933 24 4.149
82 1007 30 83.1
83 635 20 80.898
84 1362 4 78
85 1424 37 48.7
86 1135 35 92
87 1036 54 35.731
88 1004 38 83.881
89 1206 56 69.628
90 790 3 94
91 32 5 71.125
92 940 58 39.673
93 824 14 48.065
94 1122 17 67.2
95 641 38 77
96 265 7 5.749
97 1219 28 36.729
98 703 24 48.17
99 742 23 77.634
100 56 52 14.2
101 52 43 18.3
102 1095 16 47.583
103 1163 50 78.4
104 1068 4 82
105 1047 31 29.68
106 961 51 34.73
107 151 14 18.567
108 452 35 35.1
109 1238 55 54.3
110 97 47 69
111 41 18 9.8
112 335 1 27.148
113 1028 9 19.965
114 959 9 72.718
115 386 28 50.66
116 690 6 68.6
117 120 38 29.753
118 1344 55 11.037
119 685 4 78
120 1011 37 52
121 591 19 12.81
122 1249 29 80.022
123 571 2 38.291
124 1285 55 69.77
125 539 32 36.6
126 433 39 86
127 448 44 22
128 1380 34 52
129 615 8 24.35
130 212 5 30.9
131 905 58 72.016
132 510 52 30.57
133 431 21 51
134 345 42 95.79
135 1076 10 49.4
136 634 48 1.38
137 322 58 71
138 736 9 18.0
139 887 43 75.44
140 201 37 10.3
141 1081 52 46.13
142 1261 33 21.9
143 199 27 23
144 357 56 69
145 1279 58 62.64
146 866 37 88
147 898 15 25.241
148 1325 48 13
149 1384 44 26
150 1383 6 65.1
151 437 37 38.3
152 1378 40 55.924
153 852 19 26
154 1199 22 61.9
155 483 34 1.5
156 869 19 80.479
157 661 3 29.528
158 1029 26 97.6
159 193 20 82
160 536 26 95.347
161 673 21 96.83
162 857 35 54.07
163 1038 60 89.64
164 822 40 93
165 654 42 38.26
166 606 8 58.712
167 807 14 83.25
168 981 28 35.6
169 378 51 75.92
170 271 56 54.47
171 847 18 89
172 1390 36 81.273
173 1296 6 59.6
174 802 28 56.063
175 816 46 11.899
176 1104 46 96.3
177 1399 31 47.0
178 507 56 91.1
179 1423 54 4
180 327 16 17.2
181 1400 43 8.69
182 922 2 52.48
183 1068 55 89.02
184 1099 2 46
185 836 60 77
186 305 38 10
187 159 9 44.5
188 879 38 38
189 414 5 61.6
190 536 57 19.6
191 900 21 27
192 993 48 10.24
193 1331 43 57
194 1156 22 35.86
195 236 18 44
196 802 55 76
197 1177 39 74.267
198 606 57 36
199 897 7 3.729
200 367 14 41.85
