181
1 407 33 65
2 163 28 10
3 351 26 69
4 1360 12 66
5 106 49 98
6 594 16 87
7 1423 30 11
8 269 57 26
9 795 43 82
10 30 54 15
11 626 25 25
12 927 7 58
13 750 44 54
14 1231 19 25
15 286 13 36
16 870 2 88
17 747 58 5
18 1098 54 29
19 1285 22 29
20 434 20 4
21 752 58 7
22 44 9 43
23 76 21 75
24 715 15 46
25 79 30 1
26 914 48 20
27 428 58 63
28 456 48 58
29 475 28 45
30 27 1 1
31 121 20 67
32 206 3 13
33 854 30 21
34 319 21 30
35 1307 46 24
36 1065 17 91
37 666 24 64
38 1344 12 2
39 1070 8 24
40 126 26 56
41 1224 51 20
42 22 37 11
43 532 35 51
44 449 47 88
45 180 42 31
46 671 52 46
47 1430 24 63
48 1270 22 48
49 1421 2 90
50 1160 2 62
51 132 21 32
52 1098 53 98
53 706 18 66
54 131 8 77
55 1204 24 11
56 809 10 71
57 27 11 21
58 1225 35 95
59 1251 25 64
60 573 18 60
61 937 28 13
62 1368 38 91
63 1408 31 86
64 68 39 15
65 904 51 28
66 273 43 50
67 1010 22 24
68 1021 17 81
69 1216 31 38
70 1006 2 32
71 603 39 82
72 811 7 81
73 1084 26 75
74 562 18 3
75 1138 26 34
76 276 16 58
77 419 30 56
78 5 15 94
79 614 12 16
80 250 55 19
81 542 43 4
82 725 23 31
83 685 11 27
84 660 60 21
85 173 56 63
86 855 14 35
87 185 38 2
88 1429 31 67
89 874 8 3
90 635 36 70
91 1264 14 5
92 1332 18 13
93 1250 38 61
94 497 13 92
95 1003 7 81
96 1314 26 96
97 1216 9 54
98 284 10 85
99 208 7 14
100 1420 54 33
101 594 35 90
102 426 48 18
103 363 36 12
104 1376 53 15
105 1436 11 43
106 1251 59 18
107 544 32 96
108 105 52 98
109 208 2 81
110 422 17 68
111 824 56 41
112 730 22 66
113 229 26 39
114 1240 49 28
115 1139 44 60
116 387 47 13
117 888 2 76
118 290 1 33
119 1143 4 20
120 1095 14 61
121 778 43 25
122 1157 44 40
123 1273 13 61
124 1309 52 43
125 298 38 13
126 525 51 2
127 1202 38 50
128 508 2 34
129 1074 30 13
130 27 57 79
131 41 48 46
132 568 31 30
133 979 35 54
134 126 12 56
135 1061 27 17
136 856 56 52
137 213 33 81
138 1415 1 47
139 694 27 80
140 820 44 98
141 1182 49 20
142 171 2 64
143 113 45 53
144 78 41 60
145 1006 43 64
146 544 3 60
147 690 12 58
148 916 24 89
149 1263 60 28
150 1395 42 4
151 690 14 24
152 1133 49 14
153 299 41 83
154 20 20 24
155 599 6 84
156 458 60 5
157 1360 13 74
158 801 24 73
159 1332 14 46
160 158 13 29
161 216 36 92
162 406 9 22
163 75 8 19
164 1330 35 25
165 905 7 26
166 932 17 78
167 804 47 46
168 630 42 92
169 1174 28 27
170 1193 27 28
171 141 7 7
172 252 11 89
173 1203 24 46
174 601 14 23
175 1231 4 76
176 436 20 48
177 1286 50 65
178 404 12 49
179 536 29 32
180 845 58 31
181 1242 58 14
