89 
1 259 13 83.683 
2 1385 29 21.059 
3 1167 36 79.211 
4 1351 40 91.671 
5 174 59 21.218 
6 591 8 69.274 
7 965 58 68.467 
8 530 53 31.770 
9 796 49 91.232 
10 172 5 69.451 
11 742 55 21.014 
12 208 44 79.249 
13 288 20 7.533 
14 217 40 50.294 
15 568 44 36.189 
16 69 11 27.117 
17 799 9 97.613 
18 392 42 65.816 
19 191 58 21.187 
20 353 45 12.658 
21 197 37 2.973 
22 956 26 80.452 
23 1250 51 5.271 
24 282 29 62.758 
25 910 2 17.077 
26 1026 43 3.316 
27 790 31 8.286 
28 1259 43 53.734 
29 26 46 31.098 
30 1225 1 64.050 
31 628 18 54.981 
32 894 41 89.844 
33 273 36 86.625 
34 895 60 40.499 
35 1205 14 30.638 
36 1227 50 6.649 
37 917 29 7.102 
38 412 8 8.031 
39 600 11 45.599 
40 860 16 4.519 
41 1307 40 50.099 
42 1351 40 28.510 
43 92 39 22.651 
44 515 59 57.835 
45 760 57 7.402 
46 703 60 92.193 
47 1417 56 88.713 
48 1281 6 38.176 
49 968 47 77.789 
50 705 15 40.728 
51 434 35 1.708 
52 1080 1 63.022 
53 931 46 57.521 
54 1328 7 14.325 
55 1346 43 23.698 
56 1306 15 96.303 
57 1220 14 77.692 
58 533 38 77.208 
59 593 16 34.124 
60 324 29 25.778 
61 101 14 80.238 
62 1340 34 26.362 
63 822 17 14.497 
64 1146 40 20.453 
65 653 47 93.116 
66 18 42 2.393 
67 509 2 49.393 
68 1336 58 8.837 
69 789 14 69.260 
70 296 29 86.294 
71 348 15 74.431 
72 1087 36 2.458 
73 777 55 37.200 
74 48 55 11.768 
75 917 23 36.358 
76 67 10 25.985 
77 1404 58 88.512 
78 1265 1 37.939 
79 76 55 68.173 
80 786 3 74.045 
81 1309 3 45.866 
82 968 58 25.060 
83 764 1 42.466 
84 894 45 19.756 
85 1006 12 19.148 
86 1001 9 85.657 
87 1339 53 59.807 
88 945 10 48.222 
89 498 8 21.872 
