82
1 877 27 45
2 534 35 90
3 417 49 82
4 1137 11 44
5 1191 23 21
6 493 13 32
7 16 38 7
8 505 9 1
9 15 21 62
10 1060 42 58
11 445 45 88
12 768 41 33
13 950 39 27
14 168 34 28
15 1076 36 95
16 1058 19 45
17 20 43 11
18 1225 32 30
19 507 7 23
20 592 28 81
21 749 9 33
22 1192 20 36
23 96 15 7
24 61 56 47
25 1236 51 63
26 41 8 8
27 691 21 92
28 433 50 26
29 1110 31 84
30 1328 47 44
31 1346 7 43
32 1013 50 18
33 972 50 12
34 1063 35 80
35 969 53 94
36 585 17 79
37 1423 33 80
38 1358 37 6
39 129 34 13
40 1265 29 55
41 65 47 55
42 766 25 56
43 1163 58 50
44 26 60 73
45 650 10 6
46 1354 50 92
47 520 30 57
48 371 18 7
49 374 50 86
50 988 55 71
51 1382 16 22
52 871 10 57
53 752 9 62
54 1334 60 15
55 647 8 77
56 644 42 50
57 929 43 17
58 302 7 96
59 414 35 50
60 75 18 10
61 890 8 66
62 684 51 10
63 57 42 47
64 187 20 61
65 755 55 89
66 661 4 54
67 129 20 98
68 1221 6 91
69 1160 54 28
70 1311 33 89
71 136 20 56
72 136 46 21
73 1006 33 87
74 400 10 94
75 1110 10 30
76 894 59 96
77 539 33 48
78 1124 18 58
79 1277 25 4
80 1032 20 61
81 487 42 82
82 995 20 35
