100
1 1138 59 70.415
2 1091 1 33.267
3 575 18 8.254
4 246 33 36.749
5 367 27 42.791
6 952 23 58.157
7 1164 9 10.892
8 209 44 67.636
9 680 13 30.051
10 1230 20 92.646
11 269 47 26.438
12 1315 19 3.064
13 948 44 42.008
14 249 47 29.777
15 957 19 36.593
16 815 7 60.944
17 1288 7 85.472
18 768 43 94.038
19 1029 43 93.853
20 900 52 96.628
21 539 28 6.778
22 682 51 17.682
23 1416 9 61.624
24 334 18 7.623
25 735 36 26.052
26 311 43 28.250
27 203 13 2.109
28 927 30 70.242
29 888 27 2.782
30 796 10 56.094
31 197 35 53.323
32 1310 31 14.326
33 1093 29 25.252
34 273 27 34.601
35 818 56 55.001
36 532 2 11.951
37 1193 22 56.255
38 684 17 0.774
39 923 36 5.683
40 915 19 86.311
41 636 5 49.963
42 952 9 41.633
43 261 29 28.672
44 657 27 26.260
45 958 22 89.889
46 864 60 24.328
47 1260 41 92.739
48 128 43 41.756
49 1195 11 69.472
50 1353 26 99.684
51 482 33 42.696
52 829 43 68.534
53 721 48 38.006
54 1089 44 99.642
55 865 43 93.372
56 879 43 55.096
57 677 33 4.594
58 383 42 78.705
59 368 26 55.836
60 425 22 90.781
61 698 49 16.381
62 1080 7 12.811
63 302 12 90.386
64 616 30 6.393
65 1385 56 6.326
66 1240 2 99.544
67 170 3 53.288
68 226 45 33.035
69 346 20 15.044
70 591 21 25.784
71 1035 16 6.584
72 424 31 71.269
73 102 17 15.357
74 1278 6 4.367
75 383 14 55.993
76 436 41 81.556
77 1280 29 17.547
78 756 60 20.085
79 282 56 89.174
80 514 47 20.009
81 833 16 88.664
82 300 41 54.002
83 527 18 45.794
84 1209 51 72.774
85 1228 40 4.974
86 1057 37 8.430
87 807 56 9.399
88 395 49 13.200
89 1393 18 57.079
90 516 7 15.251
91 1121 27 43.211
92 589 15 60.536
93 270 25 98.193
94 584 47 34.211
95 908 37 9.924
96 1002 35 13.750
97 325 27 94.261
98 815 16 25.588
99 86 45 20.894
100 288 12 95.913