81
1 676 18 15
2 398 6 46
3 178 12 9
4 1390 39 50
5 738 5 31
6 1295 42 70
7 702 28 52
8 496 31 18
9 12 7 27
10 1427 21 95
11 182 59 80
12 402 21 76
13 575 22 67
14 723 7 41
15 759 36 23
16 1394 40 3
17 324 45 73
18 1022 47 28
19 276 20 52
20 793 30 94
21 976 44 33
22 662 21 50
23 1408 54 75
24 466 54 60
25 870 21 85
26 646 10 7
27 1385 12 25
28 632 23 10
29 287 26 32
30 829 16 53
31 1393 8 32
32 1046 31 96
33 905 26 69
34 757 8 50
35 700 26 98
36 156 57 21
37 548 5 46
38 333 33 69
39 339 47 59
40 1149 59 23
41 496 35 63
42 358 4 39
43 259 17 79
44 936 52 33
45 1289 58 6
46 1056 17 61
47 474 21 20
48 285 1 90
49 416 45 12
50 1233 57 68
51 79 12 70
52 462 36 76
53 835 14 28
54 125 1 69
55 366 60 13
56 311 44 91
57 413 45 67
58 16 2 43
59 955 53 73
60 337 26 5
61 802 30 29
62 1422 23 81
63 636 35 32
64 64 15 82
65 247 40 6
66 849 13 74
67 595 14 95
68 1136 38 28
69 1145 41 26
70 1315 12 81
71 1121 52 63
72 1100 47 98
73 1316 1 69
74 583 2 53
75 1341 27 43
76 1225 15 86
77 106 17 89
78 472 1 62
79 885 44 80
80 726 53 54
81 776 57 22