100
1 20 20 30
2 649 59 25.673
3 32 24 42.14
4 858 50 69.0
5 388 35 62.5
6 753 52 5.5
7 490 57 82.0
8 398 48 65.144
9 218 42 24.682
10 425 6 63.1
11 103 8 90.2
12 825 3 44.49
13 1205 15 48.0
14 1274 47 3.922
15 832 49 50.778
16 1081 21 29.53
17 96 25 1.39
18 60 60 99.999
19 1328 15 79.0
20 1146 15 13.189
21 304 54 18.83
22 667 16 41.7
23 1251 40 97.525
24 310 38 25.9
25 8 37 79.843
26 96 56 10.0
27 990 23 17.2
28 1412 44 54.7
29 730 57 99.6
30 1109 18 7.47
31 1440 1 1
32 1440 1 1
33 1440 1 1
34 1440 1 1
35 78 17 51.7
36 922 25 26.68
37 446 8 25.407
38 93 26 20.0
39 1213 15 71.0
40 1037 46 26.0
41 1221 24 68.16
42 883 47 65.22
43 509 8 27.0
44 84 3 63.743
45 152 21 23.834
46 312 10 32.985
47 1068 47 10.2
48 604 28 32.0
49 1347 45 12.0
50 679 9 6.0
51 1410 32 73.1
52 1091 34 68.1
53 191 20 95.37
54 204 42 34.31
55 163 45 98.4
56 912 49 5.28
57 1086 54 34.6
58 1038 57 95.0
59 511 18 16.77
60 1129 14 86.786
61 23 13 89.1
62 786 42 92.1
63 1204 2 23.02
64 884 11 1.241
65 55 23 54.288
66 276 32 40.6
67 996 49 82.0
68 1050 53 19.0
69 891 55 80.0
70 720 14 2.0
71 947 17 75.0
72 833 45 47.0
73 1407 49 16.41
74 386 29 44.0
75 615 4 30.0
76 562 42 76.1
77 936 45 76.0
78 298 59 1.0
79 895 3 86.0
80 1226 56 71.3
81 271 34 90.478
82 300 23 12.564
83 279 52 8.09
84 1036 53 21.66
85 386 20 81.92
86 380 52 52.35
87 962 16 71.88
88 9 33 73.0
89 137 54 18.6
90 973 37 14.79
91 1205 39 89.127
92 1065 20 5.5
93 424 59 33.1
94 1275 8 63.0
95 922 1 1.408
96 551 32 26.5
97 857 50 19.65
98 1189 18 37.245
99 775 44 85.25
100 21 21 99.999
