93
1 736 2 37.205
2 613 44 2.381
3 849 25 77.075
4 1080 15 78.19
5 967 35 88.006
6 168 41 64.177
7 761 60 7.263
8 743 30 82.729
9 68 52 52.123
10 237 15 95.767
11 989 18 38.154
12 1277 51 3.114
13 1104 57 62.556
14 51 3 93.198
15 483 5 7.95
16 973 21 99.007
17 611 8 92.804
18 1238 53 36.594
19 1004 41 83.464
20 1429 42 62.581
21 29 19 26.165
22 1042 30 81.727
23 665 30 70.072
24 576 5 80.191
25 288 25 0.742
26 560 21 79.352
27 61 58 29.612
28 186 49 33.184
29 237 47 99.293
30 848 9 16.115
31 201 57 76.161
32 986 31 3.899
33 632 42 15.785
34 391 27 84.883
35 971 38 62.278
36 554 18 35.645
37 239 57 53.141
38 955 51 75.013
39 581 16 61.65
40 246 55 45.929
41 292 11 78.466
42 914 36 18.607
43 884 11 87.033
44 470 58 13.692
45 1193 14 8.268
46 1083 33 69.45
47 442 12 9.592
48 724 33 84.095
49 1327 29 1.369
50 402 42 99.748
51 1161 32 30.313
52 713 8 33.534
53 452 22 51.885
54 381 29 92.647
55 988 43 65.298
56 213 6 78.47
57 1392 18 53.137
58 1345 17 9.14
59 986 54 72.26
60 1146 33 78.25
61 1239 7 22.232
62 999 59 72.357
63 1419 50 3.3
64 174 15 93.85
65 950 23 4.545
66 787 16 58.794
67 958 50 64.296
68 1291 15 37.603
69 431 11 65.57
70 281 22 55.33
71 1127 50 67.314
72 1198 16 10.702
73 763 46 94.3
74 503 28 2.966
75 545 41 71.178
76 919 33 38.765
77 1339 38 92.244
78 3 57 71.891
79 1362 51 11.612
80 1130 17 66.125
81 488 14 2.42
82 752 58 57.58
83 1006 45 54.75
84 1256 41 32.394
85 1013 57 10.256
86 1437 19 25.696
87 617 40 3.539
88 664 33 42.715
89 271 32 72.123
90 548 21 32.367
91 434 9 93.082
92 234 39 52.658
93 546 10 24.128