75
1 1196 52 65
2 796 38 53
3 1081 28 15
4 1060 12 90
5 412 13 11
6 641 54 34
7 322 56 22
8 272 9 6
9 324 53 7
10 528 21 60
11 934 7 88
12 1244 46 64
13 260 41 3
14 411 47 89
15 412 28 76
16 305 57 79
17 1096 28 57
18 1378 49 58
19 577 58 86
20 794 47 41
21 526 58 14
22 1001 5 82
23 103 53 32
24 61 5 12
25 362 14 64
26 956 57 82
27 356 56 35
28 87 11 46
29 168 54 87
30 231 41 54
31 551 53 63
32 845 42 86
33 670 31 74
34 698 31 5
35 1379 19 46
36 1286 33 75
37 752 27 24
38 608 57 83
39 371 53 90
40 1215 20 3
41 836 36 20
42 1366 51 60
43 593 57 11
44 623 13 33
45 833 21 76
46 241 19 67
47 841 26 66
48 728 26 1
49 961 36 78
50 538 8 40
51 338 23 9
52 1417 51 90
53 358 46 42
54 174 10 16
55 431 12 9
56 502 57 15
57 1202 7 34
58 1174 25 56
59 710 27 6
60 188 37 21
61 97 21 56
62 1382 22 91
63 443 22 82
64 786 21 59
65 112 40 60
66 10 11 40
67 101 43 25
68 794 36 27
69 672 19 36
70 1276 25 33
71 766 4 45
72 661 46 32
73 1148 55 80
74 54 37 64
75 1191 50 89
