100
1 775 54 38.77
2 987 58 79.876
3 32 50 45.382
4 766 19 17.933
5 953 18 77.876
6 1250 1 93.816
7 1349 45 63.861
8 252 6 19.824
9 801 37 86.867
10 723 5 28.025
11 121 29 42.682
12 280 26 2.523
13 1136 38 74.908
14 1417 38 0.383
15 18 59 86.592
16 1360 58 49.834
17 432 42 20.316
18 802 38 74.885
19 663 32 52.299
20 326 9 15.447
21 749 34 87.594
22 115 60 58.862
23 1024 37 88.003
24 1160 51 18.725
25 1233 38 29.7
26 22 14 15.488
27 813 55 28.419
28 1029 29 81.966
29 895 44 94.709
30 394 28 24.429
31 229 12 62.118
32 674 60 3.899
33 945 21 15.673
34 762 48 77.191
35 584 56 11.226
36 152 48 17.222
37 1433 16 68.055
38 872 3 17.341
39 1410 25 77.756
40 806 45 44.889
41 1262 25 93.263
42 496 15 12.779
43 557 20 69.119
44 17 8 0.246
45 229 59 44.305
46 973 31 9.201
47 1329 54 46.279
48 684 31 22.141
49 462 58 6.44
50 1373 14 78.123
51 1208 43 26.61
52 570 57 25.39
53 62 44 97.814
54 288 11 65.842
55 914 22 16.016
56 248 19 52.37
57 1356 21 2.496
58 557 1 18.261
59 281 57 6.185
60 1329 22 83.311
61 604 14 79.807
62 585 18 4.499
63 379 44 97.345
64 1069 11 13.787
65 429 55 47.764
66 639 51 91.181
67 534 10 39.285
68 1389 9 36.147
69 67 16 24.488
70 324 15 51.006
71 308 44 54.148
72 893 49 78.58
73 852 7 16.727
74 19 10 80.667
75 1170 47 75.138
76 1252 31 98.038
77 1000 17 62.96
78 48 20 54.523
79 1071 28 78.215
80 715 49 30.583
81 272 33 66.685
82 706 26 19.68
83 609 47 66.205
84 1248 5 23.993
85 705 24 62.415
86 464 6 12.302
87 396 43 50.224
88 952 30 98.094
89 748 4 99.306
90 654 6 7.25
91 800 19 15.444
92 577 14 97.758
93 884 21 48.798
94 705 11 28.859
95 588 29 41.23
96 1143 31 0.866
97 724 41 19.551
98 985 32 28.096
99 1431 37 26.729
100 1051 12 7.131
