97
1 957 15 68.699
2 122 14 6.223
3 907 11 63.038
4 1395 43 27.892
5 911 4 30.495
6 466 52 64.013
7 804 60 63.934
8 906 35 68.838
9 1014 19 44.338
10 1394 19 52.98
11 1350 50 80.334
12 118 26 69.675
13 1373 30 91.691
14 757 4 71.945
15 909 52 47.182
16 553 8 51.712
17 872 54 28.599
18 1097 50 42.436
19 923 59 87.981
20 370 50 11.584
21 268 36 70.564
22 977 29 89.733
23 675 7 42.516
24 860 4 24.246
25 952 54 36.987
26 125 14 21.701
27 1019 42 29.113
28 234 3 18.216
29 492 44 3.153
30 1240 27 15.432
31 1391 55 15.686
32 712 15 29.86
33 266 5 75.165
34 1013 8 95.791
35 964 30 67.392
36 851 22 75.976
37 1191 18 12.57
38 1242 42 96.368
39 859 54 87.58
40 524 46 41.478
41 210 9 8.796
42 756 16 12.185
43 913 14 1.111
44 719 47 94.394
45 1311 56 53.605
46 80 14 20.212
47 74 10 96.411
48 347 35 98.917
49 1157 48 49.901
50 385 42 97.084
51 144 23 14.088
52 725 25 34.034
53 564 34 10.219
54 132 42 54.285
55 707 31 7.342
56 1044 35 86.132
57 448 21 35.829
58 1102 25 94.043
59 180 46 48.67
60 996 43 59.706
61 19 8 49.92
62 95 23 66.945
63 159 33 81.344
64 663 16 38.915
65 954 48 21.995
66 603 52 53.393
67 668 54 70.005
68 203 10 63.371
69 161 45 45.75
70 314 45 64.729
71 867 5 27.101
72 246 58 32.728
73 442 39 78.819
74 1376 38 62.836
75 292 40 60.437
76 778 34 47.829
77 1260 34 92.68
78 880 29 12.399
79 359 48 79.307
80 228 12 34.138
81 732 25 57.674
82 567 36 54.463
83 1319 35 2.43
84 978 11 99.489
85 498 1 31.466
86 1209 18 56.476
87 1246 23 79.935
88 9 42 74.295
89 1339 53 5.368
90 78 39 88.851
91 341 46 92.463
92 386 36 48.123
93 1093 35 42.85
94 409 20 16.501
95 574 2 21.175
96 12 38 45.677
97 710 29 5.578