90
1 1166 33 85
2 860 59 20
3 598 4 44
4 887 13 47
5 1112 49 45
6 566 31 93
7 716 54 24
8 51 33 97
9 1017 20 70
10 223 4 20
11 932 30 70
12 1091 11 7
13 310 8 76
14 501 50 35
15 324 17 5
16 614 43 65
17 1350 28 25
18 1306 32 53
19 701 16 53
20 427 11 68
21 1403 40 38
22 1133 27 90
23 119 18 17
24 513 24 42
25 212 37 52
26 432 31 79
27 608 7 31
28 458 48 55
29 136 13 31
30 69 31 74
31 1398 3 59
32 823 43 13
33 596 33 26
34 1310 43 77
35 1324 37 15
36 93 15 38
37 1123 21 38
38 904 45 59
39 1396 46 15
40 710 25 69
41 593 54 55
42 433 46 97
43 347 16 95
44 1098 15 75
45 1032 42 84
46 730 27 77
47 429 15 79
48 510 31 90
49 125 29 59
50 489 10 16
51 1062 10 94
52 358 15 19
53 1403 4 95
54 401 22 44
55 1170 31 78
56 555 34 53
57 1000 11 91
58 1214 55 89
59 1369 36 38
60 1167 58 80
61 1070 40 59
62 414 23 2
63 164 43 12
64 1013 25 80
65 1033 19 38
66 358 18 75
67 454 50 72
68 982 51 76
69 273 47 68
70 1129 8 27
71 313 11 72
72 47 35 19
73 844 6 23
74 130 27 13
75 98 39 55
76 600 54 64
77 1257 32 47
78 924 11 57
79 860 5 46
80 719 15 33
81 449 13 73
82 824 34 95
83 1212 35 17
84 745 59 66
85 1053 33 35
86 80 38 16
87 537 6 76
88 97 33 12
89 985 55 90
90 20 39 92
