100
1 694 25 12.117
2 232 42 85.622
3 844 38 23.778
4 205 33 78.287
5 1206 43 35.348
6 824 25 35.787
7 799 33 38.195
8 210 35 76.445
9 1070 58 69.788
10 456 22 4.573
11 823 33 7.956
12 580 38 78.818
13 956 31 58.479
14 561 44 82.093
15 597 57 46.819
16 693 31 65.224
17 1314 59 30.073
18 855 23 48.479
19 1302 37 46.358
20 361 35 77.671
21 494 31 14.574
22 1008 40 54.852
23 85 23 25.307
24 699 33 68.512
25 255 42 88.536
26 1023 56 68.355
27 896 42 82.522
28 380 35 70.077
29 203 20 34.058
30 623 58 23.933
31 507 13 25.946
32 505 40 98.359
33 670 46 53.345
34 1419 52 24.604
35 1159 52 43.049
36 226 45 87.698
37 414 27 6.741
38 911 53 34.098
39 355 29 34.049
40 643 58 86.448
41 92 47 29.156
42 260 30 30.031
43 622 36 39.119
44 95 43 99.835
45 179 16 34.887
46 453 20 6.976
47 51 52 81.53
48 111 58 90.941
49 1311 28 29.138
50 818 40 65.915
51 1062 43 10.18
52 15 39 71.442
53 1296 29 49.014
54 541 40 49.129
55 22 27 28.965
56 583 51 82.995
57 573 42 23.756
58 4 8 8.36
59 851 28 54.173
60 86 53 61.611
61 224 46 96.628
62 343 46 38.668
63 600 12 2.608
64 226 56 94.613
65 1083 54 57.943
66 183 22 9.339
67 1103 42 26.552
68 207 32 95.976
69 442 45 74.141
70 646 19 16.47
71 347 49 56.762
72 242 34 70.191
73 599 50 11.782
74 1317 34 39.059
75 371 44 95.32
76 635 53 91.729
77 972 43 58.065
78 1023 46 61.565
79 279 46 28.352
80 297 43 69.758
81 1414 41 29.06
82 1181 57 33.946
83 316 35 68.867
84 305 35 76.24
85 432 34 35.522
86 129 45 73.287
87 1306 39 22.464
88 470 49 84.179
89 13 46 42.818
90 549 57 12.589
91 1163 57 27.552
92 473 59 89.906
93 53 15 32.976
94 878 40 95.694
95 323 22 33.571
96 430 40 98.569
97 1179 26 63.363
98 288 39 24.108
99 211 16 30.072
100 4 57 87.731