100
1 1111 36 37.0
2 112 21 32.675
3 777 34 45.152
4 730 32 59.9
5 273 9 23.1
6 729 34 28.26
7 691 30 35.4
8 1174 48 59.809
9 750 50 28.64
10 791 9 97.9
11 1019 53 30.76
12 335 9 94.0
13 178 5 14.423
14 682 20 70.7
15 670 26 86.052
16 443 47 55.0
17 241 8 43.0
18 842 16 45.631
19 864 3 25.2
20 22 30 34.5
21 45 8 53.9
22 512 11 83.5
23 256 42 43.0
24 116 4 77.78
25 424 6 33.59
26 1108 43 76.029
27 217 43 93.0
28 509 8 39.46
29 216 40 27.55
30 1000 58 80.4
31 242 29 32.8
32 1146 23 23.9
33 1097 27 13.07
34 138 33 46.0
35 203 39 23.05
36 1387 38 64.332
37 1266 19 44.0
38 590 23 58.7
39 336 51 34.477
40 1383 1 6.26
41 688 11 27.58
42 1133 31 16.0
43 908 30 11.76
44 196 58 96.0
45 684 33 52.0
46 1039 48 16.49
47 664 47 76.0
48 333 35 31.0
49 1273 22 96.0
50 174 24 13.19
51 70 12 99.0
52 77 13 83.0
53 991 7 3.1
54 315 26 92.492
55 491 41 72.18
56 52 50 51.009
57 789 52 13.5
58 376 2 10.33
59 151 26 85.43
60 39 29 61.54
61 915 20 77.88
62 536 13 88.747
63 368 15 82.1
64 482 60 55.0
65 638 41 91.922
66 800 58 81.0
67 339 55 95.8
68 903 10 84.31
69 1366 34 30.41
70 99 35 14.0
71 806 17 51.37
72 1117 18 88.29
73 297 21 8.65
74 299 22 70.171
75 67 17 30.01
76 552 52 25.5
77 708 16 62.0
78 132 34 75.8
79 274 3 11.0
80 540 52 4.6
81 850 1 69.28
82 408 51 75.0
83 538 55 8.5
84 440 10 44.3
85 606 20 84.6
86 51 55 34.081
87 1 34 25.8
88 1037 6 20.0
89 1300 1 91.6
90 968 46 2.8
91 282 45 48.1
92 633 17 70.06
93 1029 43 24.0
94 629 22 36.972
95 148 19 63.059
96 46 34 51.538
97 1430 45 21.344
98 1403 5 25.0
99 382 35 27.0
100 1265 9 32.0