100
1 13 15 70.49
2 906 52 53.939
3 738 10 79.428
4 1083 29 78.04
5 937 28 76.684
6 1389 49 82.379
7 717 57 68.398
8 523 42 54.936
9 1238 33 21.799
10 543 27 57.429
11 1389 55 90.917
12 333 17 72.036
13 955 35 86.319
14 369 60 7.755
15 1341 60 74.044
16 925 26 65.159
17 36 8 7.851
18 1174 35 73.894
19 1167 26 9.068
20 202 46 35.525
21 1202 6 35.604
22 618 2 82.889
23 533 23 12.225
24 1012 52 32.043
25 507 60 72.039
26 834 35 45.722
27 498 17 64.094
28 744 34 5.407
29 71 53 18.292
30 158 2 82.074
31 812 20 63.873
32 892 15 49.367
33 861 44 60.986
34 1021 18 14.618
35 1213 44 56.31
36 940 54 63.08
37 57 12 9.012
38 677 38 40.291
39 512 9 54.151
40 192 17 22.215
41 1399 16 27.737
42 72 28 23.939
43 746 22 74.393
44 64 5 14.35
45 1097 15 37.871
46 481 51 29.331
47 1130 26 70.467
48 256 26 5.262
49 803 40 60.88
50 845 23 91.78
51 97 34 37.759
52 681 29 85.904
53 1418 8 92.45
54 1337 47 72.515
55 1082 2 23.525
56 947 34 32.22
57 129 5 24.964
58 662 25 25.493
59 792 8 64.318
60 1120 18 14.475
61 256 25 96.394
62 958 39 30.607
63 906 14 16.548
64 958 55 42.428
65 1128 18 19.261
66 952 37 61.049
67 932 12 26.639
68 184 5 67.538
69 50 23 41.571
70 810 51 9.185
71 700 22 46.574
72 815 59 40.321
73 299 59 10.732
74 946 36 68.439
75 829 27 50.286
76 1214 23 35.181
77 338 36 78.478
78 273 1 80.543
79 1183 55 61.463
80 924 21 54.276
81 558 26 91.76
82 617 30 39.022
83 255 59 69.848
84 124 33 78.481
85 384 3 97.391
86 345 20 18.907
87 1380 53 35.017
88 318 9 80.067
89 902 12 65.995
90 976 34 41.509
91 1397 29 47.936
92 1410 44 18.533
93 600 23 40.423
94 177 33 69.539
95 726 44 44.351
96 686 35 20.912
97 1070 22 60.384
98 289 50 35.996
99 262 37 12.151
100 1368 41 10.958
