94
1 1218 31 59.086
2 1052 60 41.477
3 1188 21 75.504
4 1291 19 85.002
5 1251 50 1.245
6 944 7 3.748
7 494 18 47.533
8 1233 23 28.588
9 252 54 9.614
10 1104 4 95.961
11 79 49 43.797
12 128 51 86.954
13 628 26 44.063
14 54 44 52.334
15 382 60 48.688
16 22 34 19.431
17 368 55 99.319
18 711 52 31.97
19 727 15 28.039
20 45 2 56.518
21 720 16 8.409
22 1165 26 47.585
23 501 56 98.582
24 128 2 92.671
25 58 48 49.154
26 1224 23 96.466
27 12 30 39.905
28 273 47 7.39
29 1072 55 91.78
30 737 25 74.536
31 1274 35 85.922
32 1042 18 43.363
33 1212 30 95.695
34 49 36 58.344
35 1249 38 17.309
36 193 5 80.994
37 298 4 33.11
38 623 20 32.089
39 1093 28 30.032
40 1217 10 31.92
41 110 1 23.72
42 809 32 92.623
43 213 33 1.454
44 419 45 42.519
45 128 15 73.832
46 1336 28 28.271
47 933 40 63.769
48 362 35 67.669
49 220 11 31.351
50 1334 5 88.239
51 1074 28 72.414
52 331 28 22.712
53 720 53 79.08
54 1156 10 57.521
55 368 56 35.197
56 572 7 3.464
57 1034 4 70.727
58 87 11 96.099
59 925 9 28.352
60 101 54 95.383
61 1291 44 3.573
62 802 1 24.101
63 1126 59 37.387
64 413 2 87.947
65 1107 25 35.241
66 354 6 84.631
67 1052 21 79.149
68 1384 31 60.415
69 1251 25 88.057
70 1324 8 77.027
71 1111 38 60.093
72 721 24 18.975
73 1131 48 65.494
74 732 47 47.164
75 1418 38 95.362
76 461 1 39.04
77 1416 57 83.943
78 1244 40 11.045
79 32 37 84.731
80 83 54 68.663
81 922 53 99.371
82 314 35 87.583
83 362 36 60.63
84 876 7 62.654
85 34 36 30.613
86 763 24 69.584
87 395 55 47.167
88 699 59 33.638
89 1086 21 69.753
90 1353 41 91.507
91 405 42 27.617
92 545 60 22.412
93 662 17 42.198
94 513 34 27.106