100
1 1117 24 47.967
2 1372 34 50.198
3 548 44 29.929
4 573 28 42.72
5 1223 5 43.032
6 1155 12 23.045
7 1150 54 36.355
8 453 55 15.794
9 929 14 81.968
10 390 19 55.038
11 1423 44 83.756
12 170 30 56.804
13 1027 37 7.046
14 1238 18 67.304
15 1339 26 7.99
16 391 35 27.957
17 194 34 9.761
18 1435 27 20.857
19 962 28 30.206
20 1100 43 39.835
21 1277 55 6.919
22 876 48 78.555
23 1261 12 54.163
24 171 28 23.345
25 275 36 64.438
26 456 45 13.176
27 1412 43 85.612
28 910 35 85.56
29 902 22 59.636
30 741 52 20.508
31 28 18 54.331
32 233 51 12.213
33 114 5 90.381
34 561 40 91.937
35 439 14 97.758
36 484 20 32.342
37 767 50 43.0
38 451 59 90.267
39 249 19 79.306
40 78 13 86.981
41 999 10 51.904
42 1176 12 96.894
43 169 22 83.151
44 1369 37 27.947
45 499 27 78.293
46 1159 46 96.975
47 779 27 16.724
48 853 35 66.598
49 1351 41 42.706
50 181 35 58.214
51 168 38 7.805
52 1237 39 77.393
53 85 11 33.57
54 1047 25 93.823
55 27 50 60.386
56 37 19 10.44
57 581 59 19.075
58 110 5 62.187
59 498 20 16.19
60 246 40 33.399
61 899 22 23.722
62 1164 41 57.743
63 83 24 43.244
64 1221 34 98.612
65 1337 1 20.215
66 220 32 55.894
67 860 10 93.833
68 131 5 78.357
69 385 30 27.856
70 1103 2 33.225
71 726 2 77.336
72 265 23 68.118
73 4 25 58.749
74 548 39 56.952
75 358 47 92.463
76 421 9 26.368
77 923 58 14.337
78 835 4 28.746
79 329 7 25.223
80 1387 23 0.444
81 1271 17 34.715
82 1012 42 29.124
83 361 2 46.068
84 32 24 79.966
85 39 53 33.814
86 838 23 21.284
87 1429 48 82.768
88 929 50 28.082
89 55 51 29.226
90 262 57 56.278
91 1184 20 69.18
92 670 17 0.556
93 669 35 11.475
94 930 6 86.443
95 722 55 84.488
96 595 31 54.4
97 608 41 55.898
98 643 14 28.313
99 544 6 40.804
100 1327 39 4.061
