100
1 488 38 54.878
2 758 59 60.787
3 1282 38 7.487
4 27 59 83.909
5 532 36 24.199
6 964 35 83.809
7 976 26 64.267
8 309 15 63.851
9 1072 25 74.383
10 1376 50 7.339
11 1211 3 30.825
12 64 53 86.686
13 969 39 72.163
14 794 46 79.022
15 875 26 73.084
16 1182 29 96.444
17 275 57 37.186
18 74 9 49.993
19 529 44 44.18
20 1284 55 30.801
21 1039 54 39.2
22 719 35 58.922
23 1197 15 90.515
24 1397 59 92.965
25 573 39 67.455
26 335 45 86.202
27 1110 58 57.623
28 214 46 65.895
29 1297 54 98.818
30 547 19 13.319
31 988 55 64.236
32 991 6 35.064
33 137 27 89.812
34 42 19 43.287
35 851 56 12.773
36 1240 40 76.401
37 774 46 59.051
38 1129 57 92.265
39 572 33 24.359
40 74 20 1.716
41 222 39 54.022
42 405 27 29.869
43 540 10 69.283
44 696 21 36.659
45 284 58 86.308
46 772 30 87.118
47 791 42 86.816
48 1395 36 11.155
49 1039 18 43.688
50 487 60 30.807
51 529 34 30.996
52 695 1 79.05
53 1188 21 2.985
54 1262 38 63.585
55 124 41 63.106
56 955 23 68.248
57 723 39 70.987
58 1003 2 59.348
59 1385 2 96.366
60 515 41 46.174
61 1214 39 32.682
62 746 12 31.954
63 757 55 59.966
64 616 51 38.338
65 56 37 68.689
66 270 20 50.501
67 1339 52 27.668
68 672 12 68.128
69 1331 45 10.605
70 1231 21 94.965
71 1383 54 23.221
72 347 6 34.334
73 1332 14 88.604
74 924 18 23.278
75 248 3 53.433
76 391 21 80.87
77 1178 12 86.508
78 697 52 82.966
79 176 52 62.313
80 1208 9 42.706
81 1062 51 85.146
82 952 23 63.783
83 595 27 57.264
84 73 59 41.913
85 409 1 48.257
86 1276 33 44.0
87 455 3 74.806
88 1358 48 52.382
89 592 35 34.765
90 466 56 7.739
91 1206 19 12.88
92 501 3 4.479
93 1421 33 92.461
94 881 37 5.886
95 986 48 12.96
96 1031 20 24.665
97 41 34 54.162
98 110 59 61.604
99 700 9 25.995
100 1108 31 81.343
