94
1 649 15 13.388
2 805 4 97.456
3 481 45 48.805
4 1027 32 24.015
5 29 9 68.673
6 71 41 34.14
7 624 28 31.502
8 374 36 92.173
9 1058 50 96.079
10 440 56 77.722
11 995 16 71.326
12 980 55 94.554
13 1056 32 53.44
14 435 26 74.059
15 757 6 34.281
16 1116 56 87.775
17 147 22 13.849
18 575 8 95.446
19 442 2 44.621
20 833 3 25.602
21 242 55 32.329
22 1439 10 41.961
23 1077 15 72.118
24 680 29 83.454
25 522 53 56.65
26 941 41 18.621
27 599 45 83.488
28 922 1 19.613
29 105 4 48.01
30 931 32 97.056
31 58 55 15.849
32 1019 33 64.661
33 1331 30 19.723
34 283 20 23.861
35 1183 1 79.74
36 520 34 83.085
37 1035 17 53.658
38 502 10 5.129
39 1434 33 3.82
40 388 22 20.43
41 641 56 75.169
42 183 10 43.767
43 314 60 72.98
44 251 54 86.243
45 823 57 42.985
46 1301 59 99.78
47 1131 48 46.694
48 596 59 11.839
49 1352 18 45.824
50 745 48 39.305
51 699 3 66.022
52 154 3 76.167
53 848 5 37.142
54 796 35 49.849
55 477 4 20.201
56 901 40 44.783
57 3 37 36.658
58 1273 59 29.145
59 1401 10 36.114
60 215 25 26.856
61 760 39 52.998
62 78 41 7.039
63 318 39 24.141
64 134 49 84.509
65 740 53 63.708
66 929 24 23.958
67 685 5 67.703
68 1038 5 81.33
69 500 39 18.769
70 794 24 62.457
71 58 26 18.043
72 475 46 59.28
73 596 59 74.639
74 642 60 15.049
75 139 42 34.703
76 289 25 6.924
77 520 46 72.469
78 136 28 48.632
79 701 29 19.293
80 885 5 76.926
81 1029 56 47.637
82 168 32 89.007
83 69 20 98.561
84 292 26 22.861
85 155 35 98.506
86 774 10 12.893
87 805 59 27.359
88 91 22 17.081
89 276 57 33.815
90 979 18 62.045
91 519 5 3.171
92 1157 23 15.995
93 502 22 17.797
94 459 14 54.441
