100
1 1395 34 23.806
2 600 17 59.506
3 687 9 18.094
4 802 40 56.575
5 966 31 41.343
6 383 36 83.986
7 1364 8 71.965
8 1077 32 27.27
9 129 51 94.157
10 942 7 83.054
11 1426 31 91.285
12 637 27 75.191
13 1151 15 11.99
14 1139 1 44.145
15 1274 5 69.185
16 962 41 0.083
17 108 4 86.454
18 930 39 97.687
19 782 49 8.741
20 1179 9 75.218
21 898 41 93.336
22 199 52 35.903
23 790 30 50.711
24 1155 57 34.442
25 907 12 96.403
26 21 51 19.437
27 529 41 28.962
28 1326 10 16.05
29 343 10 24.689
30 78 34 69.984
31 1064 12 78.733
32 79 11 70.905
33 538 25 47.525
34 447 57 84.903
35 891 53 40.373
36 620 28 8.806
37 226 46 52.742
38 1400 20 34.518
39 975 6 64.752
40 471 53 38.366
41 403 48 54.175
42 711 35 21.337
43 1191 44 97.033
44 71 51 52.221
45 1059 1 28.785
46 33 43 42.173
47 144 9 54.67
48 1292 43 14.711
49 267 24 95.716
50 275 47 80.337
51 1311 10 44.269
52 648 48 66.551
53 289 26 49.618
54 84 20 96.048
55 568 48 5.964
56 1207 53 60.409
57 462 6 65.562
58 294 57 89.014
59 410 39 62.668
60 311 18 7.016
61 267 49 71.205
62 414 58 33.135
63 466 43 13.803
64 396 4 64.093
65 839 55 21.03
66 88 19 24.794
67 649 15 23.656
68 536 23 96.974
69 1141 32 70.553
70 518 40 97.035
71 1383 49 66.983
72 531 41 3.295
73 858 59 69.519
74 313 39 99.777
75 732 47 60.328
76 1034 48 77.673
77 794 46 66.334
78 103 26 74.169
79 735 32 30.73
80 1197 26 42.118
81 873 37 32.968
82 1309 3 74.61
83 418 21 92.736
84 909 12 56.675
85 949 29 83.203
86 111 9 2.718
87 1181 18 58.848
88 1245 1 82.791
89 956 27 85.903
90 624 17 93.964
91 578 22 91.776
92 1424 50 0.514
93 985 58 62.813
94 521 21 28.141
95 1345 1 29.585
96 513 22 22.265
97 665 8 86.49
98 629 45 96.874
99 520 16 47.278
100 789 35 44.368