100
1 1092 24 50.888
2 1007 25 25.545
3 348 46 50.466
4 1006 38 43.162
5 356 59 63.689
6 1431 41 42.346
7 1110 36 42.779
8 55 56 66.466
9 959 35 16.036
10 303 15 87.622
11 445 59 9.548
12 1097 58 29.111
13 240 10 78.925
14 95 16 61.19
15 602 58 44.038
16 826 42 87.895
17 1099 21 38.219
18 396 5 5.356
19 408 20 17.489
20 191 35 47.056
21 1032 59 39.492
22 318 26 17.188
23 61 39 61.87
24 670 29 95.458
25 921 40 72.012
26 268 6 75.527
27 426 8 51.429
28 1350 47 56.326
29 787 30 9.251
30 1436 19 28.711
31 557 25 36.139
32 1261 51 73.607
33 1157 30 63.808
34 191 23 18.575
35 698 11 60.329
36 138 17 89.276
37 204 27 59.505
38 606 55 96.633
39 786 4 93.908
40 936 55 51.348
41 148 21 72.175
42 1300 15 10.731
43 1276 11 61.575
44 1087 60 32.927
45 849 34 49.103
46 830 14 94.56
47 1368 40 87.388
48 1072 41 15.059
49 741 53 95.114
50 1352 57 14.636
51 1302 38 54.296
52 1293 48 76.12
53 1016 18 54.739
54 645 16 32.1
55 750 31 83.214
56 389 13 52.056
57 1032 44 80.34
58 396 31 44.574
59 1116 12 19.689
60 1100 41 78.3
61 43 21 85.257
62 192 4 48.768
63 92 9 7.961
64 508 17 43.372
65 1271 31 4.035
66 95 54 68.783
67 777 18 88.529
68 398 46 32.333
69 1046 24 20.209
70 1091 17 50.74
71 55 60 96.279
72 775 58 20.6
73 204 16 56.814
74 458 40 51.825
75 646 50 41.377
76 128 56 21.218
77 206 28 24.019
78 846 29 64.264
79 767 54 98.526
80 23 3 86.69
81 616 23 79.087
82 1183 59 30.406
83 68 43 54.428
84 835 51 93.971
85 795 14 95.409
86 221 7 15.818
87 1104 13 62.934
88 979 21 24.652
89 139 18 93.246
90 1045 12 27.431
91 1005 34 50.786
92 895 18 43.449
93 1093 54 85.339
94 426 38 94.515
95 654 54 36.392
96 710 7 99.753
97 637 23 69.296
98 416 25 3.757
99 864 12 71.492
100 411 46 38.275
