100
1 786 11 78.923
2 110 48 54.600
3 1037 50 23.727
4 368 22 32.656
5 280 27 99.079
6 412 58 2.043
7 207 45 14.686
8 538 26 65.407
9 948 14 21.076
10 1394 20 25.397
11 1074 29 48.016
12 550 44 21.248
13 1268 26 54.370
14 300 14 4.644
15 713 14 32.876
16 459 22 36.503
17 1270 29 67.597
18 1257 13 71.349
19 1305 20 61.249
20 1015 6 14.129
21 477 55 41.327
22 942 36 15.063
23 1312 14 66.499
24 1174 60 96.420
25 927 48 4.189
26 1436 49 38.289
27 890 56 99.740
28 681 41 74.630
29 293 44 8.015
30 16 26 28.842
31 1310 32 40.858
32 1205 52 41.602
33 1001 7 84.516
34 656 55 49.831
35 839 39 29.499
36 841 11 68.628
37 1271 45 95.262
38 234 7 84.569
39 1181 14 15.805
40 365 7 36.294
41 543 47 25.436
42 1035 26 99.616
43 1218 44 16.795
44 1100 50 99.028
45 2 50 7.691
46 1220 30 1.972
47 70 49 19.905
48 523 3 10.291
49 915 5 21.188
50 1432 56 51.504
51 901 58 15.395
52 8 20 30.452
53 969 32 91.042
54 557 37 85.002
55 525 6 20.585
56 808 23 61.971
57 504 20 44.973
58 508 4 59.553
59 1397 45 5.352
60 761 26 91.340
61 1221 12 27.777
62 898 41 64.371
63 389 7 95.245
64 188 18 78.504
65 833 48 78.172
66 47 17 19.768
67 366 49 85.738
68 32 42 6.098
69 1349 26 94.676
70 1073 50 49.482
71 167 41 41.995
72 484 35 59.138
73 1180 9 64.805
74 937 45 72.549
75 19 9 3.586
76 945 4 99.589
77 1182 44 82.841
78 496 13 35.020
79 178 36 9.336
80 335 60 95.861
81 552 3 4.980
82 1134 24 57.644
83 125 8 12.545
84 672 46 50.719
85 1055 6 61.082
86 779 14 93.502
87 846 23 95.699
88 799 2 54.272
89 108 2 3.469
90 80 34 41.445
91 1400 8 7.109
92 747 49 78.098
93 196 23 70.068
94 650 23 13.609
95 160 22 90.009
96 310 44 13.870
97 971 58 31.759
98 3 28 55.639
99 1374 17 67.110
100 149 44 40.051
