99
1 183 17 13.414
2 662 56 71.102
3 1082 32 82.711
4 1381 41 36.066
5 1142 36 15.131
6 38 57 18.312
7 1162 44 30.328
8 490 37 92.823
9 187 24 10.506
10 451 12 78.140
11 475 8 99.529
12 1041 8 34.156
13 674 4 36.274
14 422 52 80.092
15 781 23 75.112
16 953 2 62.393
17 327 43 50.061
18 1113 17 56.411
19 1211 35 5.487
20 701 15 4.853
21 128 29 27.668
22 26 12 73.667
23 799 60 83.482
24 1313 2 9.583
25 1401 3 53.442
26 675 33 2.762
27 118 41 94.149
28 1098 58 54.998
29 1361 34 84.728
30 488 12 47.779
31 754 35 27.947
32 886 44 62.007
33 231 50 29.358
34 1078 23 23.067
35 533 20 34.146
36 693 18 98.340
37 775 1 28.337
38 1132 11 56.545
39 1100 46 34.471
40 112 36 6.969
41 1208 60 94.050
42 189 53 48.620
43 534 15 48.932
44 825 7 40.851
45 550 2 25.400
46 152 37 96.735
47 692 56 0.107
48 1353 9 54.206
49 154 11 83.036
50 84 37 47.214
51 281 52 68.293
52 374 49 39.261
53 720 23 85.405
54 474 4 83.952
55 1160 38 8.412
56 1151 25 12.244
57 1406 59 10.465
58 1178 42 52.402
59 562 23 94.543
60 526 36 95.456
61 986 32 32.869
62 906 28 57.588
63 1370 56 54.155
64 913 27 20.890
65 992 47 84.620
66 1267 32 84.029
67 443 30 83.331
68 949 48 45.857
69 973 4 21.505
70 306 25 41.352
71 369 42 14.651
72 357 41 43.987
73 931 28 31.659
74 199 9 55.120
75 869 58 4.928
76 774 38 46.885
77 1098 29 68.740
78 481 6 63.556
79 761 28 33.957
80 1315 13 59.710
81 1126 50 26.914
82 1113 28 47.844
83 996 57 52.561
84 477 10 67.937
85 237 26 15.311
86 1336 44 33.921
87 159 41 48.334
88 58 32 83.645
89 1143 34 75.736
90 252 58 44.896
91 634 60 2.979
92 1372 56 70.537
93 318 51 19.173
94 365 40 26.378
95 31 34 85.639
96 293 9 45.949
97 1020 9 82.682
98 980 6 38.004
99 114 25 44.649
