100
1 633 7 21.180
2 1147 57 2.087
3 1070 56 72.813
4 1094 53 59.1
5 730 35 30.2
6 32 6 49.9
7 165 37 37.27
8 1388 19 33.6
9 922 53 65.626
10 503 38 37.51
11 143 59 62.300
12 71 28 22.38
13 645 18 90.6
14 773 1 74.70
15 1001 32 43.6
16 1064 35 64.5
17 744 8 32.16
18 292 12 75.86
19 1347 54 88.0
20 602 58 95.54
21 12 36 41.794
22 382 56 94.851
23 1086 40 25.45
24 701 10 63.06
25 693 26 62.976
26 1406 17 88.85
27 575 4 1.99
28 1169 34 59.7
29 1096 40 2.8
30 1332 20 31.6
31 1398 33 68.5
32 232 41 1.8
33 950 31 5.4
34 865 17 14.2
35 1165 23 36.10
36 669 37 9.68
37 1405 8 74.72
38 720 60 8.912
39 1420 21 46.086
40 1386 45 34.09
41 1107 2 68.941
42 1342 51 1.33
43 915 23 17.64
44 255 45 52.392
45 242 51 12.42
46 159 5 49.726
47 60 33 23.1
48 407 60 43.74
49 471 51 12.56
50 1231 42 87.99
51 26 33 50.452
52 837 40 23.7
53 1148 29 37.962
54 11 60 47.270
55 1304 59 13.05
56 1170 59 34.81
57 843 28 51.31
58 1378 1 19.88
59 1199 50 71.621
60 644 38 4.06
61 129 47 57.370
62 251 23 26.8
63 568 25 4.894
64 655 32 25.4
65 120 50 42.482
66 1413 58 46.5
67 958 38 12.220
68 208 30 60.28
69 551 13 88.2
70 212 44 91.77
71 1144 60 73.9
72 793 54 18.7
73 303 47 62.475
74 22 44 23.135
75 483 53 55.964
76 959 7 4.511
77 496 60 55.3
78 560 3 59.16
79 631 40 33.0
80 104 2 62.37
81 231 6 79.79
82 706 16 60.1
83 812 55 83.44
84 27 10 45.550
85 1046 59 61.522
86 1437 7 83.6
87 288 42 21.4
88 716 23 29.11
89 118 39 28.48
90 495 50 5.1
91 512 10 69.8
92 450 27 10.737
93 639 34 46.70
94 1091 57 59.469
95 420 7 15.5
96 199 46 26.286
97 586 50 22.341
98 170 11 98.5
99 1395 31 51.2
100 477 1 26.624