100
1 1120 19 78.9
2 859 7 2.0
3 1025 58 70.0
4 178 14 29.4
5 911 1 65.7
6 782 11 76.8
7 1032 15 74.8
8 1011 20 22.0
9 1437 23 39.2
10 955 2 23.3
11 879 45 8.8
12 1192 54 41.4
13 671 7 47.8
14 893 52 99.3
15 1025 26 77.4
16 932 16 33.7
17 1414 2 72.4
18 1376 41 44.6
19 728 26 82.9
20 1206 32 41.8
21 399 2 3.3
22 668 22 91.0
23 671 3 32.8
24 684 36 16.5
25 338 9 79.0
26 873 27 47.2
27 542 11 25.2
28 1043 24 5.2
29 255 37 61.1
30 1336 27 36.6
31 997 11 83.4
32 516 26 56.0
33 1064 4 13.8
34 546 29 11.1
35 182 54 47.1
36 285 37 17.1
37 1054 51 19.3
38 643 25 92.8
39 297 4 79.7
40 312 35 27.0
41 905 54 81.6
42 846 27 85.2
43 934 34 24.4
44 235 3 14.6
45 680 9 68.7
46 1192 39 81.2
47 376 44 1.5
48 150 14 39.6
49 956 29 17.0
50 1097 22 55.6
51 1224 47 90.9
52 1190 22 57.9
53 180 52 71.2
54 614 46 51.0
55 1317 29 42.6
56 771 54 90.9
57 532 47 12.9
58 674 2 93.9
59 438 49 49.7
60 569 2 7.3
61 1419 58 75.2
62 235 14 16.1
63 480 52 24.6
64 1362 31 44.8
65 1342 46 82.7
66 636 4 58.2
67 607 24 85.6
68 317 58 12.4
69 1394 18 55.8
70 933 4 17.9
71 1364 28 48.1
72 214 14 11.8
73 549 9 49.7
74 678 19 66.6
75 837 45 60.0
76 143 46 66.3
77 973 55 44.6
78 701 22 24.0
79 142 14 50.4
80 1124 57 78.2
81 1012 4 50.5
82 917 1 89.4
83 1118 21 87.6
84 1033 52 5.0
85 334 9 30.9
86 1326 10 96.7
87 194 19 16.1
88 453 45 93.6
89 975 57 78.4
90 1055 42 62.3
91 522 30 38.0
92 1085 36 16.2
93 1176 20 44.4
94 1241 58 76.9
95 1298 57 95.2
96 133 59 87.1
97 1285 3 3.9
98 1367 31 78.0
99 1148 44 31.7
100 1180 3 12.6
