97
1 1192 45 53
2 956 16 40
3 51 41 95
4 1060 51 73
5 193 51 67
6 1437 22 63
7 1305 16 64
8 1309 17 78
9 926 40 41
10 1228 29 87
11 841 3 75
12 632 54 4
13 599 27 15
14 937 25 33
15 12 3 91
16 1175 55 48
17 191 39 84
18 64 37 23
19 810 23 20
20 85 32 19
21 1031 3 82
22 78 37 8
23 684 52 72
24 1098 48 65
25 980 19 68
26 1388 53 37
27 744 52 47
28 529 31 99
29 1317 50 7
30 1097 12 23
31 358 47 98
32 1024 23 74
33 1262 24 22
34 1320 29 70
35 486 22 98
36 1242 11 26
37 401 6 89
38 556 4 4
39 920 19 88
40 817 51 47
41 209 14 28
42 968 28 68
43 1318 22 21
44 396 7 22
45 616 60 54
46 559 16 51
47 988 30 78
48 952 41 81
49 193 31 91
50 75 30 78
51 533 37 1
52 1133 46 57
53 309 42 6
54 764 28 66
55 1094 28 30
56 1342 6 70
57 410 52 54
58 376 53 86
59 1226 6 18
60 539 3 4
61 556 7 47
62 801 17 65
63 234 46 75
64 1405 3 75
65 1344 47 80
66 613 23 66
67 600 16 65
68 555 60 35
69 292 24 17
70 339 27 20
71 232 5 15
72 117 19 21
73 1179 30 84
74 1060 3 96
75 307 14 1
76 102 8 23
77 464 6 25
78 935 50 22
79 129 26 56
80 367 33 73
81 641 44 2
82 1062 19 61
83 174 4 79
84 866 17 28
85 502 36 48
86 195 54 55
87 363 28 64
88 374 34 24
89 1127 45 50
90 1274 55 78
91 27 14 84
92 606 17 51
93 717 2 6
94 1071 34 9
95 135 16 82
96 110 18 52
97 1392 60 57
