100
1 567 12 16.231
2 296 57 32.5
3 426 13 6.359
4 56 6 0.612
5 1060 24 3.691
6 616 7 4.011
7 960 22 10.852
8 540 32 11.188
9 1380 49 20.419
10 1383 53 19.333
11 75 11 6.812
12 1037 24 42.429
13 537 17 0.048
14 958 35 17.176
15 112 37 9.444
16 949 32 16.235
17 992 14 0.565
18 1232 57 10.459
19 25 29 1.36
20 567 38 17.889
21 233 7 35.111
22 976 1 11.618
23 1088 56 7.188
24 920 8 8.643
25 277 37 11.192
26 942 51 10.372
27 550 27 6.367
28 496 10 12.97
29 1315 10 50.556
30 847 23 91.75
31 300 32 5.167
32 509 44 92.5
33 858 48 27.6
34 966 6 7.379
35 98 23 77.0
36 875 29 1.642
37 284 39 8.871
38 130 7 5.86
39 183 9 15.033
40 35 23 5.13
41 1047 59 14.889
42 1 56 1.039
43 561 22 21.154
44 297 26 8.624
45 823 36 10.523
46 814 33 79.5
47 1320 31 2.219
48 570 7 2.325
49 119 58 16.176
50 420 47 5.959
51 517 46 10.104
52 1069 3 13.0
53 1230 54 47.5
54 285 52 9.469
55 297 20 9.725
56 93 9 11.207
57 1394 13 19.2
58 793 39 11.818
59 1267 34 11.6
60 277 27 4.542
61 242 54 12.0
62 223 27 9.443
63 1329 25 5.317
64 1124 22 63.0
65 21 12 23.148
66 541 37 23.826
67 644 14 21.815
68 181 10 7.286
69 1196 37 27.615
70 1374 6 67.375
71 1044 44 7.04
72 1164 37 13.525
73 326 24 7.929
74 1303 41 21.737
75 1018 21 14.455
76 1378 34 2.028
77 841 26 11.867
78 450 47 1.447
79 951 13 9.185
80 446 30 18.378
81 310 3 2.444
82 643 50 2.164
83 1329 47 0.378
84 314 28 25.382
85 554 49 0.741
86 468 23 12.0
87 1245 23 51.143
88 716 56 9.0
89 1060 51 6.906
90 714 27 23.676
91 1004 22 0.464
92 919 38 33.75
93 199 1 9.825
94 1328 59 6.907
95 1225 44 22.771
96 1215 58 48.176
97 1346 59 14.0
98 34 2 33.667
99 664 54 13.569
100 609 36 9.01
