83
1 450 52 85
2 1159 52 24
3 384 39 77
4 251 54 46
5 785 43 4
6 1148 45 47
7 926 25 33
8 387 48 79
9 1235 10 72
10 102 51 90
11 1069 46 78
12 645 57 13
13 375 15 32
14 337 28 11
15 1155 10 35
16 297 58 90
17 550 43 24
18 215 56 27
19 855 13 36
20 772 7 75
21 466 19 90
22 128 29 76
23 398 19 91
24 55 38 79
25 759 38 5
26 646 36 91
27 821 12 21
28 521 8 86
29 485 13 87
30 914 58 40
31 1339 37 37
32 459 12 9
33 1381 46 51
34 145 30 71
35 911 57 95
36 1419 20 74
37 1118 25 70
38 255 30 36
39 988 24 41
40 1087 39 32
41 1291 52 81
42 996 23 35
43 201 47 61
44 580 58 78
45 1165 10 60
46 1368 31 91
47 518 38 52
48 993 55 84
49 862 38 37
50 594 24 21
51 253 41 28
52 583 18 49
53 912 42 73
54 49 40 2
55 497 54 46
56 800 53 71
57 29 12 84
58 1016 34 80
59 780 19 78
60 1334 41 4
61 151 36 59
62 839 43 85
63 1253 27 70
64 945 10 88
65 304 5 7
66 6 54 48
67 1376 2 39
68 414 57 30
69 1430 38 98
70 376 24 14
71 979 38 36
72 1427 47 76
73 1005 18 68
74 628 46 5
75 357 36 83
76 237 15 39
77 209 59 76
78 592 34 45
79 931 20 77
80 515 52 31
81 973 19 86
82 502 16 65
83 1048 7 2
