97
1 127 8 57
2 41 33 11
3 986 35 41
4 864 22 23
5 892 49 5
6 365 25 15
7 1324 11 40
8 257 12 6
9 473 30 48
10 448 45 82
11 392 43 70
12 1078 37 7
13 893 31 1
14 1330 26 77
15 984 52 13
16 67 59 15
17 269 28 17
18 411 12 96
19 753 54 11
20 1025 46 34
21 1258 15 64
22 1308 37 5
23 305 12 45
24 1322 1 66
25 1411 13 30
26 956 20 37
27 1318 42 88
28 62 39 76
29 460 8 84
30 823 4 78
31 698 5 9
32 799 3 37
33 546 26 42
34 1352 55 80
35 398 34 43
36 218 36 53
37 352 54 91
38 604 40 53
39 1143 13 48
40 433 52 78
41 686 24 3
42 618 19 11
43 1306 6 59
44 1385 52 76
45 520 20 70
46 1171 42 88
47 918 57 26
48 657 16 41
49 1198 35 40
50 522 2 89
51 251 37 93
52 71 9 1
53 1108 2 12
54 716 12 10
55 680 56 56
56 824 17 44
57 735 44 84
58 546 54 81
59 129 29 49
60 555 3 67
61 878 16 52
62 438 36 91
63 1208 35 9
64 549 52 12
65 1381 52 39
66 1025 56 36
67 244 8 14
68 67 46 95
69 486 44 9
70 202 12 40
71 1133 6 27
72 1117 22 59
73 701 6 52
74 1200 27 78
75 352 16 66
76 937 16 60
77 330 43 81
78 1334 56 96
79 999 5 59
80 725 47 94
81 1293 60 88
82 463 25 96
83 1416 32 33
84 576 6 96
85 137 20 57
86 1101 6 81
87 282 1 4
88 779 7 38
89 1242 53 94
90 898 43 43
91 810 28 86
92 462 38 25
93 264 54 10
94 1276 50 85
95 504 1 61
96 1256 24 48
97 566 36 49
