100
1 391 22 4.367
2 125 18 45.431
3 947 33 68.693
4 1359 3 54.813
5 254 57 4.074
6 266 13 99.055
7 1058 17 44.198
8 680 46 38.043
9 124 51 28.261
10 1405 2 12.58
11 836 34 45.049
12 490 50 18.242
13 315 18 68.456
14 148 35 69.189
15 1187 7 37.367
16 834 53 31.314
17 223 27 87.593
18 1215 19 1.241
19 1005 1 12.611
20 405 5 83.261
21 1055 24 6.406
22 1125 2 45.429
23 122 34 27.797
24 361 57 7.956
25 1171 26 64.538
26 145 15 90.17
27 107 27 5.235
28 837 44 10.784
29 728 41 64.406
30 1396 33 55.209
31 1368 42 87.237
32 1208 18 95.6
33 1011 57 46.768
34 267 15 24.815
35 606 27 4.322
36 1336 12 66.889
37 166 48 44.766
38 394 59 11.752
39 702 15 98.069
40 489 3 68.917
41 1213 49 81.944
42 403 14 57.073
43 243 17 44.292
44 1208 28 74.652
45 993 31 48.049
46 68 13 15.111
47 838 13 17.004
48 368 9 53.94
49 815 9 48.086
50 1416 39 85.74
51 167 41 37.722
52 1336 40 56.305
53 985 9 41.163
54 1276 15 54.19
55 610 40 55.269
56 1300 16 3.357
57 371 39 73.875
58 330 19 74.764
59 109 11 65.723
60 460 56 48.798
61 490 3 80.051
62 842 17 72.858
63 575 11 16.969
64 166 10 43.398
65 535 37 32.463
66 54 20 31.367
67 485 30 98.003
68 653 52 8.701
69 6 13 5.858
70 550 5 20.714
71 194 12 32.472
72 169 12 75.196
73 147 12 80.917
74 1029 34 59.152
75 646 19 23.951
76 1306 51 54.895
77 260 34 87.368
78 522 13 3.934
79 833 14 78.644
80 319 11 34.8
81 1088 37 43.672
82 1389 29 31.265
83 1148 28 11.514
84 551 43 31.223
85 1327 46 5.462
86 18 11 78.772
87 633 32 74.667
88 316 20 19.487
89 750 41 13.599
90 1048 18 58.562
91 555 60 18.476
92 1066 23 22.119
93 856 2 38.628
94 846 38 6.005
95 789 8 4.874
96 668 27 41.922
97 274 1 24.227
98 1439 5 99
99 1439 5 99
100 1439 5 99
