100
1 20 20 99.123 
2 30 10 69.234
3 20 20 99.567
4 60 15 50.798 
5 60 5 49.800
6 70 10 20.365
7 90 20 50.123
8 302 3 83.44
9 304 3 12.22
10 306 3 58.8
11 308 3 49.8
12 310 3 10.44
13 330 50 39.643
14 350 50 4.553
15 490 21 8.99
16 490 28 8.99
17 490 43 8.99
18 490 33 8.99
19 490 50 8.99
20 490 13 8.99
21 280 5 52.238  
22 370 5 52.238
23 374 5 52.238
24 390 5 52.238
25 403 5 52.238
26 470 5 52.238
27 480 5 52.238
28 230 2 39.123
29 230 2 43.123
30 230 2 55.123
31 230 2 88.123
32 230 2 12.123
33 230 2 92.123
34 230 2 3.123
35 230 2 82.123
36 230 2 25.123
37 230 2 43.123
38 500 20 33.123
39 510 20 33.123
40 520 20 33.123
41 530 20 53.123
42 540 20 33.123
43 500 20 93.123
44 560 20 23.123
45 580 20 74.123
46 590 20 82.123
47 600 20 33.123
48 680 27 33.123
49 670 28 33.123
50 680 29 33.123
51 710 29 33.123
52 730 20 33.123
53 750 2 33.123
54 770 29 31.123
55 850 18 81.123
56 870 17 37.123
57 880 16 11.123
58 887 15 33.123
59 891 14 14.123
60 893 13 33.123
61 895 2 41.123
62 902 43 33.123
63 904 12 33.123
64 908 2 23.123
65 910 2 23.123
66 913 5 91.123
67 984 2 93.123
68 961 30 33.123
69 932 22 43.123
70 780 23 55.123
71 720 24 82.123
72 810 25 21.123
73 870 26 12.123
74 861 27 33.123
75 943 28 54.123
76 931 29 39.123
77 990 2 33.123
78 996 2 33.123
79 999 2 33.123
80 1000 20 33.123
81 1020 12 33.123
82 1030 29 33.123
83 1040 32 33.123
84 1040 2 33.123
85 1050 2 33.123
86 1060 28 33.123
87 1070 28 33.123
88 1060 20 33.123
89 1075 29 33.123
90 1032 33 33.123
91 1099 30 20.321
92 1100 20 40.213
93 1200 50 40.213
94 1300 40 40.213
95 1350 30 40.213
96 1360 10 40.213
97 1370 10 40.213
98 1400 30 40.213
99 1440 41 40.213
100 1440 40 1.123