85
1 1277 35 92
2 1348 60 88
3 475 60 86
4 804 26 20
5 1003 46 40
6 726 17 96
7 612 11 88
8 918 24 63
9 429 43 45
10 1287 47 24
11 168 18 21
12 157 18 49
13 466 45 90
14 895 37 66
15 913 15 95
16 1062 10 36
17 814 51 26
18 1396 49 79
19 1287 36 63
20 209 22 22
21 340 17 39
22 349 12 76
23 464 32 89
24 1281 29 95
25 909 49 96
26 750 26 28
27 840 40 10
28 220 13 76
29 539 21 94
30 876 26 52
31 1097 29 65
32 573 16 62
33 795 11 52
34 379 41 86
35 763 27 20
36 916 33 93
37 970 36 35
38 675 10 79
39 621 43 45
40 1000 32 90
41 159 47 91
42 1004 14 82
43 763 27 65
44 785 22 29
45 679 14 92
46 143 32 65
47 606 19 28
48 172 60 40
49 914 33 49
50 834 33 43
51 832 46 77
52 1361 35 61
53 1241 54 39
54 522 41 84
55 1290 25 86
56 512 24 71
57 1245 52 37
58 860 41 32
59 136 51 36
60 1241 33 88
61 1374 32 89
62 182 17 41
63 1199 29 83
64 319 44 28
65 1211 39 55
66 448 22 63
67 1285 44 40
68 1069 17 64
69 391 28 92
70 152 43 27
71 737 55 53
72 874 57 63
73 692 35 92
74 358 14 64
75 397 40 77
76 941 20 68
77 972 18 36
78 906 30 98
79 769 17 45
80 68 47 30
81 400 34 21
82 844 20 91
83 686 22 96
84 1071 49 20
85 961 57 80
