99
1 28 28 98.9
2 56 28 98.9
3 84 28 98.9
4 112 28 98.9
5 140 28 98.9
6 168 28 98.9
7 196 28 98.9
8 224 28 98.9
9 252 28 98.9
10 280 28 98.9
11 308 28 98.9
12 336 28 98.9
13 364 28 98.9
14 392 28 98.9
15 420 28 98.9
16 448 28 98.9
17 476 28 98.9
18 504 28 98.9
19 532 28 98.9
20 560 28 98.9
21 588 28 98.9
22 616 28 98.9
23 644 28 98.9
24 672 28 98.9
25 700 28 98.9
26 728 28 98.9
27 756 28 98.9
28 784 28 98.9
29 812 28 98.9
30 840 28 98.9
31 868 28 98.9
32 896 28 98.9
33 924 28 98.9
34 952 28 98.9
35 980 28 98.9
36 1008 28 98.9
37 1036 28 98.9
38 1064 28 98.9
39 1092 28 98.9
40 1120 28 98.9
41 1148 28 98.9
42 1176 28 98.9
43 1204 28 98.9
44 1232 28 98.9
45 1260 28 98.9
46 1288 28 98.9
47 1316 28 98.9
48 1344 28 98.9
49 1372 28 98.9
50 1400 28 98.9
51 42 28 99
52 70 28 99
53 98 28 99
54 126 28 99
55 154 28 99
56 182 28 99
57 210 28 99
58 238 28 99
59 266 28 99
60 294 28 99
61 322 28 99
62 350 28 99
63 378 28 99
64 406 28 99
65 434 28 99
66 462 28 99
67 490 28 99
68 518 28 99
69 546 28 99
70 574 28 99
71 602 28 99
72 630 28 99
73 658 28 99
74 686 28 99
75 714 28 99
76 742 28 99
77 770 28 99
78 798 28 99
79 826 28 99
80 854 28 99
81 882 28 99
82 910 28 99
83 938 28 99
84 966 28 99
85 994 28 99
86 1022 28 99
87 1050 28 99
88 1078 28 99
89 1106 28 99
90 1134 28 99
91 1162 28 99
92 1190 28 99
93 1218 28 99
94 1246 28 99
95 1274 28 99
96 1302 28 99
97 1330 28 99
98 1358 28 99
99 1386 28 99