100
1 402 30 85.221
2 754 28 52.624
3 5 39 6.834
4 1091 3 6.139
5 824 6 3.772
6 1066 52 31.019
7 240 52 90.537
8 775 37 15.077
9 927 46 43.142
10 1162 2 7.379
11 607 54 2.527
12 1261 38 52.403
13 279 46 18.803
14 128 3 5.513
15 136 33 58.98
16 983 23 79.697
17 1341 26 52.698
18 663 53 51.743
19 1396 52 67.254
20 1220 13 59.319
21 44 41 80.506
22 910 10 53.102
23 104 21 56.028
24 557 17 65.414
25 947 51 86.981
26 1064 48 37.703
27 1177 44 33.967
28 858 49 31.031
29 546 14 28.985
30 91 53 11.133
31 332 43 23.059
32 1163 45 78.471
33 69 4 89.669
34 443 19 7.45
35 1291 4 68.48
36 752 34 9.86
37 294 45 12.585
38 443 35 72.04
39 795 25 73.023
40 1129 6 22.983
41 147 34 56.71
42 1135 50 64.919
43 1374 4 39.928
44 1366 27 11.314
45 806 37 52.144
46 1068 33 8.284
47 1216 24 89.48
48 1082 25 86.561
49 1000 56 94.509
50 620 49 53.293
51 706 9 57.035
52 887 37 90.678
53 1332 55 52.92
54 769 51 92.339
55 187 60 84.958
56 1226 22 67.257
57 307 58 0.533
58 1272 7 85.167
59 549 41 68.829
60 962 13 33.544
61 593 53 21.34
62 1094 27 67.785
63 1286 41 6.127
64 1249 6 93.768
65 462 18 91.546
66 464 59 97.98
67 277 9 61.593
68 1218 2 17.454
69 535 9 15.903
70 591 2 28.225
71 1401 32 29.481
72 261 21 67.235
73 831 48 77.476
74 364 23 24.739
75 849 49 68.809
76 1123 41 45.539
77 1180 12 57.03
78 965 16 91.699
79 1352 11 6.862
80 1284 14 76.475
81 544 48 64.768
82 761 31 5.655
83 989 41 2.489
84 803 20 89.324
85 1409 41 95.125
86 930 25 31.733
87 406 36 82.505
88 814 7 14.45
89 1273 23 86.845
90 44 49 62.509
91 1142 12 24.917
92 130 10 69.438
93 52 8 70.345
94 732 28 11.966
95 437 27 29.203
96 1404 45 40.886
97 637 5 88.795
98 698 44 79.898
99 506 11 52.974
100 203 23 31.136