100
1 756 43 38.144
2 757 59 80.971
3 1218 44 75.822
4 706 26 90.081
5 400 45 25.052
6 552 15 95.284
7 613 53 50.919
8 677 28 91.891
9 987 35 24.419
10 810 31 62.725
11 374 26 46.222
12 484 42 7.799
13 1306 32 30.538
14 1125 49 93.088
15 1308 6 70.946
16 394 5 13.669
17 439 48 76.507
18 92 7 2.323
19 406 52 58.483
20 54 5 40.999
21 564 30 46.643
22 174 33 28.382
23 577 39 94.684
24 994 30 19.102
25 228 39 18.791
26 1329 5 77.632
27 1128 58 30.877
28 860 3 79.812
29 1338 7 44.088
30 1387 9 17.191
31 62 12 2.308
32 966 56 29.878
33 1115 39 82.406
34 576 45 31.572
35 487 16 98.375
36 581 55 93.077
37 26 52 72.243
38 1375 35 14.081
39 338 6 90.056
40 423 28 67.197
41 77 24 78.634
42 961 32 90.858
43 666 12 76.137
44 341 58 67.352
45 1059 13 49.321
46 10 41 80.862
47 1230 42 98.968
48 109 43 87.866
49 1090 18 15.556
50 1398 55 6.196
51 871 33 82.321
52 588 46 48.101
53 525 44 73.291
54 1278 13 86.33
55 504 30 71.024
56 4 54 84.821
57 565 18 60.011
58 450 41 97.814
59 626 15 73.341
60 146 52 52.916
61 286 32 31.354
62 972 55 24.016
63 137 49 2.802
64 1426 59 4.831
65 552 41 73.441
66 548 48 36.202
67 504 5 21.28
68 548 41 78.839
69 1269 18 99.586
70 101 51 63.382
71 82 5 40.887
72 330 41 51.788
73 1406 43 47.446
74 581 60 31.163
75 1097 48 84.939
76 1116 29 22.569
77 88 48 28.898
78 144 41 90.02
79 131 25 55.709
80 88 30 28.103
81 378 3 35.777
82 322 22 54.239
83 70 52 81.373
84 227 17 52.397
85 978 2 85.325
86 132 15 77.27
87 126 13 88.24
88 389 60 29.933
89 588 36 70.055
90 224 25 37.658
91 764 38 7.483
92 359 9 95.992
93 490 28 48.772
94 270 5 75.668
95 378 34 35.01
96 160 32 16.488
97 198 19 22.925
98 880 2 42.792
99 1266 60 79.132
100 1229 18 49.626
