76
1 3 1 99.0
2 5 1 99.0
3 7 1 99.0
4 9 1 99.0
5 11 1 99.0
6 13 1 99.0
7 15 1 99.0
8 17 1 99.0
9 19 1 99.0
10 21 1 99.0
11 23 1 99.0
12 25 1 99.0
13 27 1 99.0
14 29 1 99.0
15 31 1 99.0
16 33 1 99.0
17 35 1 99.0
18 37 1 99.0
19 39 1 99.0
20 41 1 99.0
21 43 1 99.0
22 45 1 99.0
23 47 1 99.0
24 49 1 99.0
25 51 1 99.0
26 53 1 99.0
27 55 1 99.0
28 57 1 99.0
29 59 1 99.0
30 61 1 99.0
31 63 1 99.0
32 65 1 99.0
33 67 1 99.0
34 69 1 99.0
35 71 1 99.0
36 73 1 99.0
37 75 1 99.0
38 77 1 99.0
39 79 1 99.0
40 81 1 99.0
41 83 1 99.0
42 85 1 99.0
43 87 1 99.0
44 89 1 99.0
45 91 1 99.0
46 93 1 99.0
47 95 1 99.0
48 97 1 99.0
49 99 1 99.0
50 101 1 99.0
51 103 1 99.0
52 105 1 99.0
53 107 1 99.0
54 109 1 99.0
55 111 1 99.0
56 113 1 99.0
57 115 1 99.0
58 117 1 99.0
59 119 1 99.0
60 121 1 99.0
61 123 1 99.0
62 125 1 99.0
63 127 1 99.0
64 129 1 99.0
65 131 1 99.0
66 133 1 99.0
67 135 1 99.0
68 137 1 99.0
69 139 1 99.0
70 141 1 99.0
71 143 1 99.0
72 145 1 99.0
73 147 1 99.0
74 149 1 99.0
75 1410 1 99.0
76 1420 1 99.0