80
1 903 30 72.1
2 240 3 7.85
3 16 27 21.416
4 186 18 89.45
5 1193 43 80.3
6 72 52 21.94
7 1376 3 82.962
8 1420 12 79.28
9 172 18 93.896
10 202 10 99.839
11 727 20 30.56
12 485 55 46.1
13 36 10 58.5
14 64 50 85.65
15 33 54 68.883
16 709 30 94.95
17 1328 3 10.13
18 1277 37 19.46
19 992 25 88.644
20 1262 49 46.0
21 950 23 23.633
22 305 32 79.75
23 187 22 93.102
24 375 38 20.5
25 235 53 89.0
26 30 30 42.12
27 1031 31 95.25
28 997 3 20.3
29 512 51 6.0
30 133 60 35.249
31 1367 31 15.31
32 1109 56 90.65
33 955 53 95.09
34 141 39 47.24
35 1232 57 13.874
36 1383 11 4.808
37 183 29 16.509
38 1055 47 14.49
39 1186 50 54.606
40 95 34 71.38
41 553 53 17.103
42 1140 29 66.8
43 130 19 6.083
44 1321 18 8.763
45 620 8 79.21
46 986 50 91.6
47 728 12 3.992
48 546 27 39.144
49 511 28 32.441
50 1343 50 97.2
51 410 8 67.47
52 929 34 93.638
53 1086 7 91.52
54 1363 54 28.01
55 40 54 63.18
56 1041 32 30.45
57 145 25 31.9
58 12 53 57.775
59 684 53 15.142
60 295 43 53.264
61 969 17 76.434
62 1347 42 27.8
63 773 13 40.0
64 343 23 56.49
65 111 7 52.58
66 157 45 70.2
67 1204 45 27.4
68 1017 52 29.74
69 336 11 83.7
70 155 38 39.834
71 1142 59 35.0
72 441 18 83.5
73 296 10 23.25
74 56 55 49.1
75 710 54 38.05
76 228 47 0.246
77 1085 21 48.02
78 290 51 29.84
79 1374 51 84.186
80 626 29 82.8
