100
1 1401 28 39.666
2 567 18 38.679
3 1329 31 53.016
4 411 47 90.331
5 606 10 62.458
6 819 1 54.938
7 1097 16 32.040
8 1198 42 47.475
9 1370 23 67.623
10 845 15 99.669
11 86 48 28.362
12 30 39 47.082
13 913 10 99.630
14 970 42 57.858
15 592 7 87.621
16 192 57 24.559
17 749 3 48.546
18 635 39 77.324
19 960 54 36.309
20 1133 11 53.614
21 1365 1 90.192
22 518 11 63.090
23 292 16 68.815
24 502 10 57.534
25 1017 8 24.174
26 422 52 5.978
27 1135 54 16.006
28 794 57 99.923
29 445 24 89.771
30 486 6 66.488
31 964 16 65.627
32 1427 60 79.011
33 838 54 27.611
34 703 44 68.209
35 83 5 13.413
36 1224 37 93.376
37 364 11 13.420
38 835 46 4.493
39 497 56 93.216
40 1318 51 32.309
41 544 23 29.558
42 1060 31 28.713
43 117 46 25.533
44 1017 1 37.561
45 369 49 56.783
46 517 47 93.212
47 138 46 89.417
48 732 57 1.052
49 538 1 1.981
50 1321 40 73.035
51 991 34 85.927
52 95 32 31.302
53 970 45 80.385
54 192 59 65.805
55 207 16 63.259
56 1198 30 90.795
57 515 49 87.171
58 1440 60 29.185
59 1089 9 42.227
60 697 29 85.111
61 21 15 40.661
62 316 19 56.555
63 563 23 13.819
64 537 34 3.850
65 601 22 42.560
66 22 20 47.806
67 128 1 58.653
68 508 44 33.343
69 449 54 28.416
70 922 27 10.082
71 1410 3 60.091
72 1377 59 60.393
73 742 11 37.182
74 303 56 73.363
75 1069 59 66.766
76 667 50 31.627
77 278 16 94.860
78 1229 46 46.595
79 614 31 56.641
80 1353 53 12.642
81 215 9 37.309
82 311 23 87.439
83 350 17 19.877
84 602 20 92.768
85 116 8 98.243
86 855 42 61.331
87 293 57 57.792
88 669 38 4.759
89 1107 30 74.490
90 118 41 51.414
91 1242 38 10.002
92 779 35 66.251
93 148 50 53.000
94 314 56 46.249
95 817 36 26.118
96 840 27 23.380
97 623 16 66.083
98 256 58 51.677
99 947 31 63.312
100 47 56 91.06