100
1 1310 35 44
2 1017 9 70
3 53 42 49
4 305 2 66
5 276 31 13
6 1131 13 40
7 202 29 38
8 50 15 92
9 257 59 42
10 679 14 67
11 1096 9 14
12 1410 19 26
13 112 22 87
14 1337 47 58
15 299 13 65
16 1399 14 8
17 100 23 80
18 181 13 77
19 701 57 29
20 422 38 95
21 1105 52 54
22 939 21 89
23 413 37 68
24 1070 5 13
25 1355 18 14
26 205 22 84
27 768 27 37
28 407 18 65
29 394 32 10
30 363 26 37
31 535 56 37
32 873 45 37
33 13 7 21
34 623 32 7
35 707 33 14
36 861 25 42
37 1400 44 6
38 971 4 97
39 567 14 92
40 768 7 31
41 995 18 25
42 1252 37 40
43 607 1 50
44 73 12 62
45 942 40 23
46 954 13 76
47 946 14 6
48 445 14 10
49 547 47 69
50 532 44 48
51 835 16 89
52 1146 36 98
53 999 55 91
54 1328 30 70
55 156 30 80
56 265 31 91
57 677 1 66
58 189 25 17
59 1268 49 89
60 71 17 81
61 96 1 44
62 528 22 44
63 1005 35 36
64 479 13 67
65 1225 54 81
66 963 33 87
67 1371 52 27
68 1113 15 80
69 875 3 99
70 130 24 95
71 708 30 44
72 593 4 40
73 265 53 36
74 295 50 96
75 960 54 64
76 355 10 46
77 146 22 44
78 630 34 28
79 1175 13 20
80 965 12 25
81 1315 12 19
82 1350 32 35
83 734 32 99
84 878 26 60
85 240 37 7
86 356 4 19
87 731 49 76
88 252 22 44
89 195 2 54
90 1168 32 54
91 781 11 90
92 181 12 65
93 371 17 1
94 1208 7 13
95 1238 43 28
96 829 51 43
97 990 45 82
98 919 28 39
99 1235 21 25
100 818 10 6
