100
1 349 5 61.651 
2 974 31 74.081 
3 1247 12 91.436 
4 550 11 94.769 
5 497 48 14.110 
6 796 9 24.455 
7 918 1 17.338 
8 1331 12 62.087 
9 1099 49 41.812 
10 154 38 65.917 
11 875 6 53.799 
12 75 28 39.783 
13 624 58 18.624 
14 1351 32 43.052 
15 1222 23 49.207 
16 1087 6 78.749 
17 1043 33 39.656 
18 1039 41 48.738 
19 961 17 87.453 
20 1324 20 33.477 
21 935 38 82.968 
22 504 7 45.614 
23 981 37 95.458 
24 754 22 40.201 
25 856 55 43.859 
26 871 18 35.052 
27 1208 44 93.410 
28 1312 43 0.130 
29 172 59 45.172 
30 1149 38 18.054 
31 494 50 48.167 
32 293 15 91.182 
33 1156 38 54.739 
34 1005 17 28.087 
35 100 58 98.321 
36 632 16 86.887 
37 151 6 49.294 
38 829 46 11.897 
39 1091 20 94.668 
40 701 55 84.949 
41 1332 51 75.557 
42 769 49 84.066 
43 882 59 1.953 
44 657 17 64.314 
45 729 43 31.407 
46 521 52 90.866 
47 663 44 12.945 
48 938 48 79.976 
49 1426 27 47.129 
50 1251 20 39.114 
51 217 44 37.485 
52 629 44 83.251 
53 294 58 27.482 
54 935 6 70.262 
55 557 9 93.183 
56 385 14 66.212 
57 1091 5 86.183 
58 1029 20 11.942 
59 520 31 26.310 
60 205 59 11.311 
61 648 23 32.285 
62 984 38 99.247 
63 924 20 73.848 
64 49 23 25.923 
65 993 12 52.818 
66 70 40 27.221 
67 306 58 38.074 
68 209 6 12.672 
69 417 4 61.197 
70 528 57 8.564 
71 1110 3 60.754 
72 868 47 53.963 
73 295 22 87.825 
74 901 31 15.412 
75 1036 27 98.936 
76 185 57 76.701 
77 874 29 47.637 
78 1298 11 99.039 
79 14 11 32.368 
80 1016 47 50.034 
81 119 16 11.616 
82 674 46 44.411 
83 204 27 57.887 
84 597 3 53.828 
85 530 10 70.158 
86 1340 30 1.466 
87 90 4 96.444 
88 1394 13 83.867 
89 142 60 91.288 
90 877 5 94.121 
91 1070 51 48.106 
92 953 34 91.270 
93 1337 15 82.468 
94 919 8 77.038 
95 1439 60 19.983 
96 941 31 11.408 
97 1053 60 7.541 
98 135 47 72.503 
99 617 20 46.762 
100 621 7 66.946 
