100
1 3 3 99.990
2 3 3 99.999
3 10 1 10
4 10 2 11
5 10 3 12.5
6 10 4 13.5
7 10 5 14
8 10 6 15
9 10 7 16.25
10 10 8 18 
11 30 20 50
12 25 30 99
13 45 35 67.5
14 50 10 12.5
15 45 10 12.5
16 55 10 12.5
17 40 10 12.5
18 60 15 16
19 60 20 16
20 60 12 16
21 60 22 16
22 100 30 45
23 100 30 37.5
24 100 30 50
25 100 30 65
26 105 3 1
27 108 3 1
28 110 3 1
29 115 3 1.5
30 118 3 2
31 120 2 1
32 123 3 1 
33 125 2 1
34 128 3 1.5
35 135 5 5
36 137 3 4.5
37 141 3 7.5 
38 142 1 2
39 150 8 20 
40 150 50 50
41 190 30 50 
42 170 30 60 
43 195 45 50 
44 240 45 55
45 192 42 55
46 240 45 50 
47 1150 50 99.999
48 1440 10 99.999
49 1150 50 99.999
50 1440 9 99.999
51 210 30 35
52 240 30 35 
53 300 30 40
54 360 45 50
55 405 45 60
56 500 30 30 
57 560 45 55
58 600 25 20
59 630 30 30
60 680 50 50 
61 401 23 97
62 1294 19 27
63 862 20 44
64 791 29 17
65 1353 39 95
66 973 56 62
67 860 30 58
68 1349 57 1
69 659 15 95
70 770 48 99
71 1185 17 87
72 1326 29 70
73 1006 47 67
74 1035 4 5
75 530 47 76
76 813 8 9
77 596 38 90
78 836 43 66
79 828 40 11
80 234 49 94
81 547 44 45
82 1044 56 84
83 1012 27 40
84 84 37 24
85 209 46 31
86 973 58 57
87 1437 12 35
88 234 21 55
89 42 33 83
90 220 32 51
91 5 43 85
92 973 31 14
93 508 52 70
94 574 47 64
95 318 57 12
96 1009 19 18
97 1240 2 25
98 288 6 7
99 628 14 98
100 98 19 48
