92
1 1068 9 57.942
2 350 27 86.047
3 1268 3 71.489
4 363 42 8.556
5 970 21 28.663
6 462 4 94.102
7 39 53 2.977
8 1086 51 61.333
9 652 26 66.075
10 195 21 35.196
11 726 4 21.864
12 743 7 59.37
13 149 8 75.403
14 137 26 99.027
15 371 4 92.913
16 207 17 19.481
17 833 42 1.225
18 994 16 30.308
19 13 55 99.626
20 1017 12 57.898
21 1111 27 57.128
22 1302 44 38.327
23 469 46 23.704
24 1415 35 40.05
25 335 59 8.04
26 1438 7 17.5
27 1387 53 9.464
28 431 13 74.616
29 982 33 79.176
30 662 13 0.336
31 1076 33 39.525
32 475 55 52.287
33 864 9 94.124
34 829 7 40.534
35 142 17 86.959
36 1056 34 17.377
37 970 3 84.629
38 1146 22 82.357
39 14 35 56.242
40 965 27 9.651
41 629 7 17.175
42 465 54 97.963
43 393 36 58.208
44 791 5 68.082
45 115 56 44.899
46 1384 22 44.571
47 1428 27 56.575
48 1185 44 91.746
49 1404 20 29.533
50 930 37 93.927
51 1137 11 83.04
52 821 39 47.37
53 597 52 93.152
54 1091 24 17.239
55 448 56 60.951
56 867 49 16.053
57 227 2 46.706
58 389 6 56.885
59 138 12 27.715
60 275 54 89.853
61 690 46 1.28
62 700 58 84.08
63 614 2 15.16
64 69 4 45.849
65 377 1 58.116
66 1044 50 70.384
67 1053 32 87.203
68 435 55 41.175
69 201 40 30.808
70 150 16 65.338
71 1203 58 61.403
72 1036 53 98.877
73 391 49 2.711
74 699 16 48.149
75 1076 22 77.738
76 173 59 27.64
77 228 18 19.15
78 627 7 36.002
79 813 24 56.769
80 645 54 92.026
81 1412 19 11.172
82 714 37 86.973
83 984 23 9.844
84 560 27 75.927
85 308 34 4.899
86 1001 24 79.814
87 1173 38 91.439
88 82 37 9.946
89 607 31 67.073
90 609 58 66.504
91 1046 22 75.651
92 1429 47 84.613
