100
1 1138 60 44.23
2 415 6 17.81
3 1059 56 72.34
4 1077 18 25.51
5 122 55 2.89
6 720 17 84.38
7 212 33 55.61
8 1302 27 68.05
9 1247 18 63.84
10 17 24 30.65
11 1068 39 4.35
12 498 39 59.06
13 590 13 37.38
14 1310 48 45.03
15 449 26 27.18
16 1417 12 36.38
17 1162 33 77.09
18 1176 41 11.38
19 466 8 71.08
20 224 27 53.72
21 1118 19 6.24
22 78 16 24.12
23 781 38 34.99
24 816 38 71.68
25 998 35 31.36
26 1125 33 33.33
27 1412 47 59.9
28 538 41 64.25
29 147 26 43.71
30 85 37 85.57
31 44 60 84.58
32 816 36 8.64
33 313 40 55.78
34 703 7 69.87
35 588 27 75.0
36 55 36 69.84
37 373 26 76.03
38 252 1 58.72
39 1233 4 95.03
40 886 48 98.96
41 365 37 71.39
42 1028 9 40.55
43 563 11 69.56
44 1127 30 35.47
45 48 16 77.73
46 431 59 26.85
47 1029 47 73.22
48 43 19 61.6
49 1129 20 73.89
50 748 22 47.39
51 661 32 92.96
52 945 48 13.94
53 224 51 33.28
54 682 35 7.63
55 717 47 4.24
56 1064 16 3.69
57 1111 52 2.53
58 195 33 84.86
59 361 7 41.46
60 322 58 6.74
61 1183 8 97.78
62 743 58 47.1
63 851 28 28.96
64 193 49 5.67
65 1155 38 2.88
66 1104 55 67.14
67 723 4 28.73
68 482 15 83.59
69 97 18 72.7
70 540 57 68.68
71 22 38 75.8
72 487 9 62.97
73 1223 17 85.99
74 32 55 45.47
75 700 35 39.78
76 1041 39 91.12
77 552 48 15.91
78 498 59 86.5
79 349 55 71.04
80 1408 14 38.37
81 722 15 24.79
82 1236 36 61.73
83 158 46 32.83
84 676 59 5.62
85 461 41 26.01
86 932 60 54.4
87 1328 49 24.07
88 157 13 39.23
89 242 22 70.53
90 951 5 72.34
91 900 39 36.95
92 91 47 57.1
93 234 29 87.36
94 129 53 47.2
95 688 60 84.75
96 884 39 38.91
97 82 8 60.71
98 1120 53 85.22
99 1195 48 42.32
100 997 21 6.3
