89
1 942 44 74.739
2 349 55 2.948
3 685 5 49.399
4 181 9 47.566
5 70 51 31.778
6 78 21 52.685
7 585 12 46.498
8 1194 31 67.224
9 1348 48 67.219
10 728 3 9.005
11 518 14 93.299
12 305 19 72.208
13 983 19 8.641
14 1098 40 97.061
15 18 17 83.002
16 262 29 65.848
17 710 2 86.363
18 1373 22 27.269
19 706 32 22.534
20 132 35 68.584
21 959 16 57.38
22 165 41 26.373
23 968 34 15.021
24 656 24 69.681
25 1204 16 82.682
26 474 35 81.859
27 90 20 87.311
28 801 39 87.271
29 713 28 21.827
30 1327 58 87.7
31 642 38 42.274
32 967 30 4.185
33 427 8 8.881
34 945 2 52.034
35 54 22 70.251
36 768 24 37.066
37 814 43 53.66
38 989 15 39.809
39 1173 54 36.27
40 648 3 5.275
41 187 57 94.865
42 748 59 52.399
43 296 53 64.083
44 19 51 75.552
45 958 49 96.243
46 119 8 91.323
47 195 53 50.17
48 373 15 60.243
49 312 15 65.524
50 1351 56 75.477
51 185 4 21.994
52 400 3 28.925
53 386 54 93.97
54 663 49 18.895
55 238 19 55.535
56 1265 56 64.355
57 1352 37 77.626
58 964 39 68.509
59 72 20 37.522
60 318 15 49.375
61 664 48 99.696
62 897 56 96.59
63 1191 56 32.925
64 1432 52 15.613
65 497 17 64.456
66 1288 6 23.284
67 1256 21 91.044
68 1365 25 46.003
69 985 5 75.884
70 539 57 49.191
71 485 32 61.747
72 63 23 81.527
73 471 21 42.601
74 287 39 44.257
75 604 11 93.111
76 361 20 28.329
77 1255 26 34.094
78 310 34 71.5
79 1041 6 92.136
80 596 58 94.207
81 1054 53 82.751
82 188 47 89.349
83 1138 56 67.545
84 1134 27 21.293
85 237 26 69.127
86 494 45 66.618
87 35 43 47.154
88 224 7 31.466
89 616 54 43.654
