80
1 716 8 57.004
2 1157 60 59.361
3 1359 11 4.039
4 263 42 17.774
5 981 42 16.164
6 1183 33 36.534
7 75 2 9.269
8 1216 55 29.266
9 1132 27 42.807
10 1431 23 20.689
11 3 21 60.937
12 767 7 99.454
13 974 13 3.834
14 838 54 53.582
15 592 53 61.924
16 1089 54 41.048
17 415 42 72.077
18 1079 55 60.262
19 984 35 55.853
20 1357 3 56.156
21 1288 30 27.783
22 781 27 46.337
23 302 1 72.509
24 1119 23 54.458
25 860 14 47.029
26 1023 3 47.987
27 67 59 26.642
28 1415 8 14.989
29 834 6 45.954
30 680 12 40.002
31 688 20 95.42
32 221 36 78.985
33 1289 47 95.926
34 725 36 41.255
35 94 10 38.613
36 686 15 30.88
37 72 54 5.989
38 710 13 10.079
39 1393 16 4.478
40 1387 33 80.552
41 263 20 34.422
42 1048 2 75.054
43 963 42 35.739
44 1218 41 0.615
45 202 17 75.109
46 1199 4 93.997
47 910 54 58.126
48 911 41 62.458
49 703 39 40.452
50 289 45 89.688
51 536 54 38.055
52 1306 4 52.183
53 1268 52 41.64
54 965 2 39.35
55 419 44 34.909
56 658 47 53.441
57 334 42 71.32
58 169 31 77.023
59 1136 20 16.753
60 1097 12 64.309
61 111 5 60.439
62 114 36 97.878
63 1387 57 92.563
64 1068 44 83.514
65 1153 59 52.787
66 626 17 45.679
67 1080 10 27.55
68 1191 23 72.264
69 969 20 1.836
70 1222 23 94.625
71 540 7 55.432
72 662 58 4.226
73 174 15 51.865
74 1423 2 94.379
75 1157 22 82.368
76 1048 11 83.425
77 1019 44 4.64
78 834 41 68.164
79 600 31 57.044
80 983 29 19.153
