100
1 300 44 86.173
2 486 16 47.071
3 344 33 7.512
4 892 9 88.903
5 293 29 64.457
6 204 48 71.786
7 777 4 19.705
8 486 59 20.648
9 125 19 43.869
10 1329 55 30.123
11 1236 11 30.171
12 450 5 0.775
13 1115 4 80.601
14 375 38 74.206
15 458 48 72.13
16 428 56 24.828
17 149 32 19.556
18 305 19 99.477
19 884 39 40.197
20 1005 57 74.551
21 295 48 91.789
22 504 16 73.629
23 735 54 28.56
24 70 52 46.65
25 1256 25 30.515
26 669 54 3.945
27 769 2 16.311
28 1266 20 85.936
29 256 44 64.212
30 117 27 75.899
31 1098 45 27.644
32 1061 1 12.72
33 862 47 98.411
34 36 36 53.436
35 1110 44 90.98
36 1322 39 23.016
37 727 13 40.671
38 151 37 83.857
39 461 41 21.11
40 1052 12 41.175
41 1253 27 27.953
42 78 20 21.788
43 997 29 81.768
44 347 27 87.636
45 683 46 13.743
46 778 33 31.902
47 143 58 21.737
48 579 53 43.937
49 445 54 14.16
50 596 37 3.448
51 776 32 65.759
52 755 46 31.71
53 879 19 64.724
54 804 58 29.617
55 212 2 20.216
56 5 35 35.243
57 980 41 68.352
58 1245 24 41.025
59 430 36 26.244
60 596 23 91.07
61 1173 30 87.154
62 34 40 90.338
63 145 24 97.604
64 287 24 81.72
65 338 47 86.112
66 1238 32 42.629
67 1097 24 29.28
68 41 44 61.954
69 1167 58 60.173
70 504 23 27.0
71 1405 49 38.484
72 185 47 89.062
73 1227 45 52.735
74 1224 55 34.0
75 1142 60 31.398
76 472 25 67.502
77 1238 8 53.259
78 359 21 51.755
79 1127 22 77.888
80 289 15 32.387
81 265 36 28.949
82 1310 54 35.703
83 645 53 60.388
84 432 14 71.603
85 344 21 67.275
86 1151 27 65.715
87 9 53 52.763
88 160 46 55.121
89 542 45 26.267
90 677 36 45.15
91 59 6 97.556
92 777 28 49.523
93 1388 13 36.296
94 465 15 82.083
95 940 60 94.06
96 94 58 88.604
97 102 27 97.801
98 418 37 68.661
99 1076 26 60.462
100 448 58 8.463
