83
1 610 18 24.117 
2 1001 31 49.471 
3 461 20 98.498 
4 837 56 39.305 
5 464 12 64.296 
6 192 38 0.875 
7 314 28 10.768 
8 760 2 27.314 
9 1151 28 63.854 
10 551 30 94.122 
11 499 54 76.119 
12 613 26 57.07 
13 820 17 48.927 
14 1010 11 78.899 
15 793 55 22.182 
16 1233 59 13.462 
17 774 51 80.616 
18 1348 38 76.245 
19 764 23 1.95 
20 23 26 80.981 
21 172 49 57.28 
22 487 40 63.055 
23 684 50 28.273 
24 765 57 4.435 
25 1333 59 37.952 
26 640 38 88.723 
27 265 40 98.575 
28 242 23 96.446 
29 907 4 71.459 
30 1201 55 36.173 
31 659 48 7.563 
32 119 30 38.977 
33 273 5 58.388 
34 766 12 1.557 
35 595 19 19.491 
36 1052 49 30.422 
37 838 27 98.29 
38 79 46 6.405 
39 198 36 58.454 
40 18 2 99.27 
41 933 47 73.026 
42 1293 40 95.866 
43 737 28 9.05 
44 927 45 38.66 
45 608 18 14.348 
46 1200 55 25.825 
47 30 17 91.224 
48 284 59 99.391 
49 254 48 29.2 
50 70 2 75.563 
51 1012 19 90.136 
52 827 27 14.623 
53 204 54 27.927 
54 90 44 25.618 
55 507 31 35.753 
56 1116 11 70.149 
57 107 54 62.548 
58 501 3 69.193 
59 474 31 65.511 
60 547 47 83.859 
61 223 42 80.05 
62 1282 4 59.674 
63 751 40 60.909 
64 807 36 72.686 
65 248 3 74.7 
66 769 49 65.347 
67 1235 45 3.898 
68 569 51 30.32 
69 177 38 32.581 
70 466 6 65.658 
71 589 11 68.721 
72 1255 11 55.104 
73 668 21 26.296 
74 99 12 66.959 
75 939 39 1.237 
76 962 16 29.072 
77 846 53 6.364 
78 1385 29 93.805 
79 749 55 91.728 
80 1200 35 98.672 
81 555 5 28.883 
82 381 33 35.179 
83 337 27 17.223 
