100
1 208 29 25.482
2 1146 24 46.671
3 216 51 98.259
4 372 46 42.975
5 806 43 86.142
6 103 27 86.222
7 277 36 15.386
8 389 50 73.741
9 486 34 63.028
10 684 36 96.438
11 1230 13 74.330
12 1211 56 70.321
13 1306 21 65.569
14 102 57 64.132
15 1207 31 95.945
16 956 51 9.819
17 13 31 53.910
18 1270 32 87.303
19 169 26 45.793
20 103 1 44.783
21 221 40 10.099
22 501 30 87.172
23 599 9 89.129
24 240 59 59.944
25 788 51 87.175
26 1207 9 45.227
27 605 26 24.428
28 239 56 28.642
29 957 52 81.480
30 1058 41 63.541
31 317 35 13.457
32 1109 10 89.001
33 375 44 20.982
34 103 46 58.075
35 1208 60 59.665
36 31 6 55.290
37 867 35 38.263
38 473 16 4.443
39 40 43 40.194
40 1017 20 12.867
41 1258 32 56.303
42 322 53 21.921
43 223 35 36.828
44 671 25 38.793
45 889 36 97.762
46 1339 56 52.820
47 940 8 52.570
48 523 22 69.137
49 515 49 54.303
50 521 38 30.925
51 467 53 63.099
52 1004 42 27.103
53 11 42 70.672
54 1279 60 34.029
55 1123 34 62.291
56 965 46 82.751
57 1235 36 60.025
58 117 59 93.500
59 448 22 89.897
60 40 17 48.942
61 406 20 72.219
62 966 8 27.619
63 675 30 68.390
64 1386 47 35.244
65 1338 38 38.341
66 822 10 86.587
67 1373 53 97.099
68 769 50 79.621
69 503 52 51.194
70 404 28 90.746
71 1101 12 76.190
72 1055 20 8.013
73 246 43 27.916
74 294 10 56.880
75 128 56 64.163
76 322 4 96.685
77 808 30 73.138
78 1136 20 76.097
79 1143 30 44.310
80 550 30 92.912
81 1039 9 78.014
82 254 28 6.635
83 715 55 95.592
84 1122 19 39.537
85 477 29 38.988
86 760 37 84.815
87 1208 50 77.401
88 1114 57 70.629
89 1358 5 41.421
90 528 41 81.902
91 918 40 46.689
92 769 22 75.012
93 700 57 74.769
94 205 35 35.774
95 898 56 70.476
96 540 60 92.176
97 1129 12 61.593
98 100 27 70.373
99 617 14 91.894
100 999 32 69.745
