100
1 986 2 2.633
2 537 29 74.426
3 1100 4 63.883
4 1265 23 40.031
5 74 48 38.393
6 32 53 70.59
7 221 20 55.403
8 312 48 70.086
9 1095 56 20.714
10 678 3 78.423
11 181 8 61.699
12 312 16 20.22
13 130 59 70.455
14 1294 9 63.286
15 1093 58 66.533
16 938 26 45.25
17 500 47 27.817
18 837 17 72.497
19 114 29 84.047
20 391 16 20.847
21 938 17 96.537
22 964 19 84.035
23 918 53 70.396
24 1439 3 24.508
25 244 51 91.646
26 1380 33 32.334
27 740 19 6.429
28 145 33 82.554
29 10 2 35.272
30 685 42 4.393
31 1332 21 89.892
32 988 38 95.106
33 1119 12 47.152
34 878 31 88.767
35 290 36 84.788
36 683 6 58.847
37 910 34 32.652
38 1223 51 78.52
39 891 58 60.118
40 442 33 39.491
41 998 18 78.412
42 1266 39 54.169
43 1359 6 93.441
44 495 59 37.169
45 513 43 95.6
46 1033 60 17.429
47 399 26 39.182
48 471 39 21.924
49 227 44 62.416
50 1269 42 4.505
51 498 31 92.106
52 1399 51 59.013
53 11 47 4.28
54 1086 39 40.398
55 561 12 10.318
56 1110 40 5.766
57 334 2 58.341
58 1320 34 59.269
59 1119 46 41.164
60 154 11 19.3
61 1302 12 91.048
62 1131 44 94.386
63 228 43 2.733
64 1275 14 26.106
65 80 53 71.618
66 611 15 14.041
67 264 41 42.86
68 434 41 97.63
69 159 29 55.692
70 1124 39 69.507
71 554 27 71.044
72 1130 39 89.358
73 1439 15 73.777
74 593 23 66.78
75 820 52 91.368
76 1047 48 50.971
77 5 13 16.207
78 237 23 93.541
79 1006 12 66.875
80 925 58 16.137
81 222 13 80.316
82 1127 21 87.028
83 966 41 38.254
84 1260 27 52.588
85 1112 42 70.458
86 24 24 86.512
87 1182 37 75.792
88 55 26 67.877
89 625 54 95.442
90 1307 5 21.445
91 1088 8 42.779
92 1390 48 29.735
93 1072 54 51.004
94 1012 29 29.075
95 41 20 6.724
96 777 23 64.411
97 1355 13 76.099
98 1175 21 69.643
99 246 7 28.239
100 654 37 57.875
