100
1 940 54 60
2 1115 11 73.477
3 559 49 68
4 1075 32 5.19
5 444 59 73.741
6 220 6 97
7 379 16 69.47
8 674 59 40.941
9 934 55 44.091
10 787 32 89.663
11 802 8 38.092
12 113 43 23.07
13 137 6 2.036
14 248 59 59
15 528 2 31.1
16 1124 18 62.084
17 1081 20 4.1
18 745 22 84.79
19 52 3 14.8
20 199 43 85
21 593 28 4
22 629 12 9.429
23 317 24 60.0
24 1144 39 63.1
25 439 22 21
26 356 12 74
27 1262 40 64
28 517 58 23.09
29 1282 44 52.406
30 1245 20 92
31 312 7 63
32 584 7 62.6
33 198 21 11.7
34 179 7 49.12
35 395 23 35.8
36 305 31 85.885
37 949 58 48
38 1046 52 82.74
39 406 39 82.83
40 734 28 28.71
41 634 1 4.72
42 1400 48 49.76
43 359 39 9
44 321 46 18
45 1427 18 49.5
46 1238 27 96
47 688 26 41.0
48 399 17 70.42
49 1389 56 83.632
50 343 23 84
51 218 13 39.0
52 1198 54 78.94
53 12 36 76.13
54 83 44 31.2
55 1252 58 80
56 524 47 25.62
57 1083 47 76.4
58 999 55 33
59 947 47 6
60 247 22 19.36
61 44 39 37.5
62 1299 29 73.2
63 1249 51 84.84
64 679 51 22
65 36 56 63
66 609 34 64
67 79 40 97.0
68 258 33 50.8
69 725 38 30.6
70 506 1 77
71 617 32 25.7
72 52 2 44
73 1117 4 89
74 853 22 11
75 1008 24 10.635
76 1368 22 22.4
77 53 59 46.8
78 1182 7 81.5
79 430 32 90.22
80 811 16 90.4
81 1246 50 9
82 809 34 85.0
83 1346 15 83.072
84 532 31 19
85 1190 17 65.0
86 830 59 33
87 267 46 37.73
88 1007 30 85.779
89 1386 32 80
90 1182 28 54.153
91 1029 20 68
92 766 57 22.35
93 1099 3 27.12
94 1268 49 89
95 122 5 28.77
96 308 51 26.6
97 1148 52 88.88
98 1223 1 63.793
99 1378 60 79.21
100 1255 14 24.43
