100
1 246 31 45.295
2 240 36 39.102
3 226 30 20.291
4 234 34 38.52
5 209 38 66.359
6 247 31 38.699
7 243 27 38.26
8 248 24 31.08
9 235 44 31.57
10 249 26 32.182
11 247 23 39.312
12 209 43 61.628
13 296 20 21.225
14 228 27 41.087
15 194 40 44.253
16 230 38 28.479
17 232 58 92.257
18 237 32 26.625
19 260 27 26.482
20 212 37 38.732
21 227 37 55.285
22 237 34 21.915
23 230 43 70.137
24 235 42 57.2
25 262 43 62.633
26 252 46 43.277
27 227 34 32.278
28 223 39 50.077
29 238 33 51.971
30 224 45 66.39
31 252 38 39.595
32 253 31 36.498
33 244 33 37.279
34 247 27 28.838
35 272 29 44.338
36 245 29 32.661
37 231 55 64.0
38 219 33 41.27
39 235 28 43.246
40 248 32 19.221
41 266 49 52.956
42 228 23 22.721
43 238 39 55.035
44 248 35 37.822
45 237 42 55.544
46 247 36 38.027
47 247 26 34.888
48 239 38 42.488
49 227 11 15.025
50 232 30 19.029
51 247 36 53.143
52 210 35 48.406
53 210 54 61.746
54 222 53 50.523
55 266 19 21.138
56 250 37 33.733
57 259 26 26.089
58 230 34 29.882
59 215 30 40.18
60 226 13 13.191
61 240 34 51.116
62 269 11 9.585
63 233 34 46.317
64 248 24 31.239
65 238 37 49.054
66 243 42 80.516
67 223 43 59.316
68 255 31 25.847
69 235 38 38.62
70 269 42 54.854
71 226 29 37.299
72 228 26 31.612
73 235 36 34.665
74 234 38 53.498
75 269 43 56.041
76 251 46 56.133
77 237 36 35.687
78 236 41 54.868
79 231 41 56.805
80 237 26 36.075
81 258 36 44.623
82 242 40 50.326
83 224 53 68.694
84 253 48 69.56
85 256 24 24.943
86 259 40 36.505
87 223 49 65.262
88 249 42 55.297
89 240 36 67.321
90 225 38 66.537
91 276 33 32.222
92 272 38 38.378
93 223 42 37.674
94 273 43 33.577
95 244 48 53.836
96 221 31 36.306
97 255 18 22.191
98 218 49 70.503
99 235 31 40.352
100 226 42 40.394
