100
1 1197 33 98.461
2 616 45 56.159
3 474 33 57.573
4 958 13 2.993
5 390 32 47.9
6 678 56 85.944
7 497 60 44.677
8 444 8 53.377
9 1086 60 68.191
10 497 28 34.014
11 816 54 24.691
12 1286 15 41.397
13 788 34 38.552
14 247 27 56.724
15 865 41 93.465
16 340 23 98.458
17 1121 29 42.941
18 1033 40 50.992
19 694 11 42.207
20 1131 21 98.396
21 1101 27 57.172
22 999 46 94.9
23 113 28 84.515
24 1077 12 63.458
25 938 24 9.365
26 937 40 13.468
27 1393 31 38.83
28 927 54 94.285
29 966 31 17.72
30 69 1 89.496
31 393 45 66.93
32 379 6 6.087
33 450 17 80.87
34 854 25 94.483
35 583 30 15.396
36 324 31 11.001
37 337 21 82.453
38 948 45 85.087
39 240 35 36.191
40 999 14 79.584
41 706 7 55.776
42 1258 33 46.06
43 939 26 56.518
44 961 16 66.357
45 856 57 71.646
46 760 27 24.228
47 1048 20 78.024
48 210 5 20.102
49 3 1 1.68
50 607 45 67.701
51 747 45 55.045
52 32 7 40.371
53 577 26 38.605
54 741 4 5.999
55 596 35 24.096
56 653 6 49.747
57 61 19 47.579
58 1422 39 9.883
59 1060 1 78.621
60 145 59 52.412
61 1262 4 31.877
62 5 17 65.994
63 1209 25 84.841
64 1121 45 10.823
65 563 45 65.849
66 701 58 7.358
67 348 10 92.157
68 790 57 38.359
69 1218 31 47.052
70 673 52 7.26
71 1046 4 37.475
72 153 2 63.315
73 150 33 88.149
74 1382 30 51.481
75 1200 39 13.287
76 785 1 67.305
77 549 17 20.483
78 66 7 72.379
79 1039 1 85.986
80 354 45 14.881
81 470 35 69.647
82 218 35 70.81
83 955 60 27.581
84 608 6 20.7
85 1291 23 44.362
86 1029 14 81.838
87 478 25 35.108
88 845 37 70.624
89 1342 8 90.688
90 716 56 44.084
91 1036 41 99.034
92 88 6 19.776
93 942 32 94.446
94 535 51 61.443
95 1221 22 85.23
96 1260 48 7.474
97 1425 54 45.697
98 433 3 52.234
99 829 6 90.105
100 396 23 5.908
