100
1 131 40 15.519
2 882 51 62.686
3 1396 36 90.203
4 1120 57 12.797
5 647 2 44.259
6 1327 48 90.088
7 1155 35 97.62
8 1070 54 58.542
9 1281 36 4.115
10 472 30 43.915
11 1189 45 10.546
12 1288 26 32.515
13 884 26 23.539
14 199 14 51.508
15 291 23 38.153
16 347 57 79.573
17 1006 5 25.546
18 1424 27 31.061
19 360 48 94.926
20 42 55 69.626
21 1434 22 2.336
22 1366 24 58.304
23 637 23 6.766
24 785 1 96.457
25 343 20 46.362
26 699 11 34.347
27 1438 29 94.408
28 1440 22 89.145
29 1414 52 88.636
30 247 21 62.95
31 13 47 42.107
32 889 16 24.787
33 193 59 88.313
34 371 15 59.467
35 1420 37 16.492
36 368 27 96.838
37 519 49 81.347
38 82 45 35.431
39 1041 35 62.557
40 908 36 74.622
41 3 28 41.224
42 379 31 4.128
43 1163 17 26.812
44 1216 7 51.395
45 1131 2 51.833
46 771 21 78.478
47 1087 25 13.592
48 875 57 6.732
49 461 21 64.039
50 538 49 98.719
51 1052 22 51.012
52 93 26 35.454
53 974 43 25.974
54 1015 24 30.475
55 677 19 26.311
56 1123 41 14.232
57 865 53 31.62
58 69 45 10.086
59 540 10 7.654
60 522 22 54.42
61 575 39 35.249
62 313 20 70.369
63 530 22 38.496
64 782 53 25.245
65 186 28 54.628
66 1124 7 26.212
67 422 32 8.95
68 563 56 92.225
69 1291 38 58.275
70 886 44 58.617
71 674 27 32.653
72 572 5 9.59
73 264 37 78.308
74 945 24 60.837
75 939 3 68.241
76 296 44 79.467
77 127 30 44.093
78 157 44 90.686
79 762 30 41.272
80 909 33 46.602
81 1320 11 66.447
82 384 45 34.395
83 1197 40 17.025
84 1020 13 73.67
85 215 58 28.624
86 580 58 27.23
87 1004 54 49.462
88 1154 39 11.603
89 822 3 91.712
90 1106 39 44.391
91 140 11 28.029
92 472 48 14.819
93 806 59 76.256
94 543 11 61.226
95 1312 25 93.375
96 430 36 90.213
97 1219 42 70.458
98 93 10 94.272
99 951 19 74.583
100 1273 7 28.895