89
1 407 53 73.154
2 752 1 86.298
3 260 53 71.03
4 1408 37 90.207
5 126 19 28.311
6 1394 43 72.775
7 737 1 87.041
8 1264 31 37.546
9 555 2 58.51
10 221 42 92.644
11 343 38 55.284
12 889 12 47.335
13 835 3 64.072
14 1340 39 13.931
15 943 43 70.811
16 43 15 0.641
17 1033 8 73.165
18 51 30 59.468
19 1436 5 25.315
20 1097 7 62.89
21 254 23 67.391
22 902 29 34.357
23 1373 32 59.566
24 724 28 19.279
25 312 34 90.842
26 1098 19 8.697
27 978 59 78.577
28 1225 14 94.349
29 1017 29 24.627
30 876 29 12.595
31 89 57 72.238
32 660 59 59.953
33 730 45 29.882
34 484 40 23.913
35 978 20 77.261
36 1261 53 90.588
37 1417 12 4.817
38 1256 55 81.154
39 520 9 83.645
40 789 46 37.328
41 720 55 30.843
42 463 44 86.656
43 731 55 62.218
44 1168 34 87.952
45 68 3 44.386
46 576 31 61.111
47 493 46 23.884
48 1373 24 91.914
49 1323 18 20.674
50 643 39 73.777
51 530 12 80.991
52 372 41 96.593
53 187 10 87.564
54 181 44 31.145
55 686 26 34.831
56 200 20 64.367
57 275 3 11.944
58 982 28 81.844
59 1358 19 83.618
60 298 44 17.294
61 472 3 6.448
62 473 11 94.84
63 490 21 81.532
64 1368 52 45.527
65 1437 59 60.024
66 1411 2 28.477
67 560 57 4.409
68 138 53 32.291
69 49 36 91.803
70 1133 8 1.652
71 413 14 81.986
72 994 1 13.958
73 1139 56 13.709
74 1241 37 72.227
75 51 14 75.971
76 573 27 51.877
77 3 41 53.876
78 1014 30 66.933
79 233 39 84.762
80 218 14 23.015
81 467 24 2.203
82 1277 55 89.629
83 868 18 63.846
84 274 44 0.851
85 570 13 37.862
86 343 31 96.903
87 186 54 81.587
88 396 13 45.446
89 391 9 42.579
