80
1 313 12 55.207
2 1117 36 91.806
3 1212 1 83.081
4 1396 32 3.777
5 1377 29 60.43
6 146 10 27.601
7 475 36 83.47
8 409 49 89.205
9 817 56 18.774
10 1215 53 29.691
11 434 18 26.492
12 736 54 9.475
13 988 52 76.515
14 1418 8 93.777
15 884 11 8.753
16 1399 56 39.867
17 998 9 74.742
18 841 54 47.632
19 363 37 80.464
20 887 1 14.867
21 1180 11 1.252
22 973 54 83.753
23 763 35 53.709
24 1232 28 70.86
25 640 4 80.405
26 687 8 4.552
27 736 5 34.627
28 150 56 18.64
29 718 12 84.817
30 1020 39 74.986
31 468 23 57.423
32 572 18 75.231
33 417 45 97.591
34 425 53 39.816
35 480 6 12.329
36 697 14 8.448
37 578 51 50.965
38 916 48 11.842
39 716 49 85.97
40 667 18 51.971
41 824 54 57.171
42 797 1 96.812
43 262 46 59.291
44 66 4 57.096
45 1251 42 96.606
46 1116 13 76.057
47 1212 51 52.274
48 15 42 52.709
49 1436 14 77.223
50 419 40 21.322
51 888 43 17.965
52 1254 59 51.187
53 1361 48 96.41
54 58 12 47.859
55 872 35 45.892
56 431 43 16.044
57 1284 60 3.699
58 817 5 73.545
59 1140 55 31.572
60 836 13 74.604
61 615 51 76.893
62 1308 60 39.799
63 1400 47 83.859
64 437 48 86.781
65 549 24 46.137
66 1078 11 18.357
67 216 2 91.855
68 437 37 74.974
69 560 45 73.142
70 1204 22 55.104
71 649 18 62.747
72 178 48 91.302
73 640 37 96.821
74 915 59 93.189
75 561 20 95.26
76 227 7 2.169
77 907 46 61.32
78 1295 38 17.158
79 206 59 62.596
80 1213 13 1.119
