75
1 740 11 9
2 1182 49 12
3 712 26 90
4 1324 28 56
5 489 33 56
6 858 25 37
7 1346 13 95
8 1190 42 90
9 899 8 46
10 11 22 91
11 36 55 38
12 243 36 88
13 1302 60 27
14 979 14 62
15 1263 57 96
16 222 40 74
17 1007 18 84
18 549 11 49
19 1063 27 42
20 873 6 15
21 1438 25 49
22 48 16 74
23 205 35 42
24 1249 35 97
25 31 16 65
26 739 58 7
27 1321 1 53
28 786 23 82
29 20 18 13
30 1287 11 4
31 1384 12 50
32 412 13 94
33 1181 17 50
34 553 19 96
35 141 20 61
36 541 54 74
37 513 31 36
38 1434 36 26
39 938 57 54
40 1346 40 36
41 1273 44 61
42 939 28 66
43 740 23 93
44 173 15 31
45 738 53 70
46 477 29 8
47 214 32 79
48 120 30 86
49 1277 20 51
50 662 57 2
51 1208 19 28
52 1342 32 76
53 568 31 84
54 1312 1 9
55 252 15 91
56 1025 46 52
57 505 40 25
58 1 51 8
59 166 6 6
60 241 48 46
61 1208 6 66
62 390 34 17
63 291 19 50
64 585 52 7
65 45 33 93
66 250 34 94
67 363 50 51
68 932 40 44
69 213 8 44
70 870 32 22
71 749 52 61
72 847 34 97
73 540 9 44
74 235 14 98
75 185 23 81
