100
1 917 41 18.942
2 801 9 72.163
3 350 29 26.089
4 1340 20 69.215
5 322 19 17.41
6 973 2 13.76
7 601 1 18.786
8 881 27 94.463
9 1176 42 50.326
10 1266 11 33.29
11 309 2 65.661
12 883 27 56.122
13 950 32 46.197
14 765 43 8.559
15 1192 44 69.529
16 1388 7 0.262
17 515 6 75.641
18 137 47 12.858
19 1392 49 84.785
20 560 25 75.22
21 918 24 59.828
22 366 55 59.45
23 225 54 17.105
24 927 3 67.529
25 428 20 29.575
26 515 11 87.919
27 57 5 55.114
28 382 2 7.715
29 196 2 92.545
30 508 40 31.534
31 43 23 50.678
32 100 10 12.87
33 1148 22 17.613
34 1165 53 99.465
35 672 37 54.361
36 715 17 57.461
37 337 41 29.527
38 847 24 19.496
39 379 27 25.86
40 1272 26 74.38
41 1391 2 79.684
42 1254 32 36.581
43 116 16 33.932
44 114 13 44.28
45 15 35 17.348
46 584 4 77.489
47 1358 53 9.389
48 1005 2 55.344
49 325 44 12.11
50 129 17 48.88
51 1062 30 62.839
52 484 29 75.442
53 1437 17 65.506
54 296 60 97.058
55 757 29 92.356
56 1199 45 67.95
57 1144 14 74.856
58 1211 58 61.142
59 976 52 59.017
60 642 25 81.359
61 635 58 48.597
62 1255 26 93.876
63 12 38 54.646
64 74 7 55.575
65 122 2 0.361
66 225 22 52.563
67 472 58 20.713
68 63 43 18.861
69 1034 48 71.589
70 186 55 36.818
71 374 27 18.07
72 842 50 27.762
73 1026 5 10.522
74 267 43 16.73
75 286 55 9.506
76 217 1 11.989
77 194 33 72.998
78 1174 29 97.567
79 388 3 62.371
80 617 49 36.242
81 63 25 54.365
82 377 43 75.773
83 1300 18 6.847
84 186 5 35.107
85 1273 25 7.676
86 81 9 87.966
87 657 54 72.983
88 746 27 53.759
89 366 19 78.029
90 166 4 4.129
91 722 49 63.74
92 486 36 50.658
93 1048 6 88.737
94 387 30 21.834
95 1014 42 12.284
96 1047 42 34.093
97 125 9 27.496
98 68 47 54.65
99 1058 35 0.723
100 307 20 31.986