100
1 227 13 25
2 800 41 39
3 100 33 85
4 140 50 30
5 200 20 33
6 715 15 90
7 1412 2 80
8 400 10 17
9 1200 22 10
10 491 60 97
11 514 10 20
12 705 36 71
13 542 25 90
14 191 23 89
15 150 5 7
16 199 36 42
17 1352 9 13
18 723 60 33
19 1360 24 52
20 952 30 56
21 1324 27 8
22 1400 3 65
23 94 49 65
24 1075 27 7
25 1230 58 50
26 1052 29 3
27 511 26 32
28 1288 2 26
29 184 30 37
30 1162 45 12
31 527 23 82
32 871 19 25
33 513 3 3
34 720 16 11
35 73 18 49
36 88 20 19
37 148 19 62
38 154 33 10
39 1140 20 58
40 190 37 6
41 180 57 47
42 209 27 23
43 124 24 17
44 1357 2 20
45 365 52 1
46 510 7 3
47 150 50 50
48 470 55 4
49 581 48 60
50 217 8 6
51 26 28 19
52 280 48 51
53 504 16 2
54 678 47 33
55 824 31 10
56 109 44 11
57 510 6 65
58 463 45 4
59 481 32 30
60 167 2 55
61 406 23 7
62 1284 19 7
63 812 20 44
64 721 29 17
65 1154 39 5
66 969 56 6
67 360 30 58
68 1170 57 1
69 650 15 5
70 70 48 29
71 185 17 27
72 1426 29 10
73 1036 47 37
74 135 4 5
75 510 47 26
76 815 8 9
77 516 38 40
78 336 43 16
79 863 40 11
80 635 49 24
81 749 44 15
82 1154 56 24
83 482 27 9
84 840 37 24
85 250 46 31
86 985 57 57
87 147 12 35
88 124 21 55
89 420 33 6
90 210 35 5
91 50 43 15
92 961 31 14
93 526 52 20
94 561 47 4
95 390 17 12
96 1119 19 8
97 140 2 25
98 263 16 7
99 675 14 8
100 880 19 52