100
1 985 20 72.276
2 912 26 31.664
3 677 6 64.91
4 476 46 7.868
5 420 40 11.297
6 628 35 73.216
7 1299 45 78.268
8 167 53 25.184
9 1391 48 44.621
10 848 28 94.754
11 572 41 5.832
12 1372 22 36.339
13 87 45 75.644
14 783 54 73.261
15 1142 50 12.498
16 633 41 54.592
17 170 33 32.239
18 659 44 95.658
19 557 19 46.174
20 97 23 15.015
21 567 46 42.184
22 787 42 91.558
23 240 49 25.337
24 768 34 28.347
25 1040 52 13.569
26 1117 39 72.515
27 78 50 93.503
28 1261 46 65.329
29 1037 42 43.694
30 616 37 71.939
31 685 53 88.154
32 858 35 78.161
33 565 47 88.114
34 512 31 89.296
35 563 54 2.953
36 942 38 79.746
37 378 54 1.089
38 811 42 61.683
39 945 54 46.536
40 1059 30 13.476
41 340 43 57.155
42 309 46 26.008
43 538 25 20.406
44 769 30 35.872
45 377 24 31.881
46 79 44 15.012
47 1340 35 34.527
48 359 47 18.59
49 659 10 47.128
50 818 20 36.077
51 1383 43 30.74
52 1080 31 23.943
53 869 50 21.567
54 76 39 74.657
55 580 48 7.038
56 874 40 59.442
57 422 42 8.824
58 810 31 53.045
59 969 42 8.718
60 1072 46 37.556
61 1120 56 75.729
62 932 32 96.846
63 1288 20 32.007
64 1158 32 89.701
65 424 57 20.836
66 225 40 2.977
67 491 42 10.657
68 1040 21 92.051
69 382 18 64.364
70 1185 53 48.007
71 548 34 46.127
72 1167 33 99.217
73 817 49 36.411
74 750 31 23.731
75 1088 29 48.464
76 688 17 8.028
77 1245 46 87.702
78 1308 29 96.983
79 366 31 78.582
80 1214 30 6.222
81 918 39 51.909
82 1042 45 26.37
83 562 50 72.017
84 333 34 4.351
85 615 52 92.931
86 839 50 24.679
87 1378 41 77.851
88 1368 48 96.767
89 766 40 28.441
90 405 15 10.831
91 530 33 90.614
92 141 36 19.55
93 414 35 52.348
94 1263 48 93.146
95 668 49 39.244
96 210 57 39.835
97 1406 45 47.793
98 1303 40 57.768
99 1031 58 50.289
100 967 48 75.577
