100
1 710 41 10.828
2 130 37 89.873
3 214 20 51.983
4 693 4 18.592
5 75 9 1.279
6 620 39 14.672
7 796 3 48.831
8 887 21 59.157
9 383 33 12.789
10 1144 10 21.716
11 1281 10 28.924
12 248 23 5.926
13 272 16 98.846
14 948 58 36.299
15 1202 13 54.01
16 1185 31 15.792
17 1342 22 84.736
18 665 34 9.988
19 969 50 25.894
20 457 51 96.26
21 80 12 32.913
22 213 50 64.406
23 1148 48 39.61
24 559 46 41.134
25 880 43 36.838
26 1046 12 69.81
27 832 49 40.71
28 1275 2 7.813
29 629 38 7.351
30 1230 21 68.902
31 1223 11 45.73
32 1045 4 57.665
33 1087 13 54.338
34 1428 57 65.013
35 1264 36 43.806
36 1139 45 31.973
37 1413 40 50.386
38 765 9 73.025
39 1439 37 13.896
40 728 30 63.003
41 312 57 35.656
42 587 18 7.422
43 193 43 26.16
44 1065 55 88.147
45 491 27 18.866
46 1423 38 52.555
47 1064 32 64.022
48 161 48 88.269
49 1124 14 78.882
50 270 50 50.469
51 280 10 2.377
52 528 15 87.527
53 1039 52 2.067
54 754 31 27.218
55 1147 44 32.085
56 1247 15 27.438
57 171 7 83.215
58 972 8 59.914
59 176 44 6.848
60 230 57 4.234
61 458 26 87.508
62 302 50 78.31
63 1054 15 24.52
64 902 35 16.19
65 1053 24 19.202
66 368 44 78.172
67 930 56 12.501
68 1386 24 64.805
69 1356 27 81.507
70 104 24 1.147
71 940 19 56.382
72 538 24 66.427
73 538 42 71.037
74 399 28 12.401
75 1252 45 56.291
76 666 18 57.066
77 182 10 19.677
78 829 57 89.337
79 922 13 65.13
80 410 53 82.667
81 376 14 22.155
82 904 56 73.526
83 842 20 16.366
84 485 26 97.766
85 796 34 1.839
86 427 8 83.965
87 663 51 95.392
88 1086 38 34.544
89 861 50 99.454
90 253 3 40.393
91 635 1 5.055
92 180 9 69.077
93 616 19 28.712
94 479 4 25.267
95 890 11 92.139
96 1094 49 14.9
97 62 50 43.521
98 173 19 70.676
99 624 4 96.029
100 768 41 57.751