100
1 239 37 41.697
2 375 47 70.529
3 1430 47 92.235
4 1148 58 26.958
5 121 7 61.47
6 1250 17 1.784
7 1054 60 12.807
8 495 40 14.1
9 709 47 28.793
10 137 53 16.803
11 423 34 77.383
12 714 53 92.553
13 448 9 79.873
14 715 34 26.231
15 930 35 88.943
16 165 24 2.144
17 342 17 1.076
18 666 46 40.433
19 371 19 64.054
20 686 4 9.985
21 181 58 57.186
22 205 39 77.357
23 465 52 26.069
24 1257 52 48.327
25 1291 14 82.713
26 136 20 63.243
27 1062 29 2.009
28 993 36 81.443
29 1160 37 93.094
30 75 29 57.972
31 1385 6 23.062
32 887 12 3.146
33 209 21 68.255
34 910 50 5.659
35 810 50 67.201
36 13 51 68.688
37 329 9 88.778
38 779 49 93.198
39 981 2 48.829
40 568 6 44.66
41 330 7 73.341
42 44 40 48.73
43 1196 21 42.274
44 1003 50 67.327
45 67 59 85.241
46 688 18 48.697
47 220 17 33.593
48 847 56 42.088
49 854 53 22.9
50 1212 53 98.658
51 293 58 57.823
52 1065 25 9.678
53 1423 51 39.998
54 348 16 4.268
55 1296 25 42.725
56 1384 41 63.995
57 300 57 0.666
58 911 39 18.07
59 769 47 15.673
60 707 60 43.169
61 661 42 50.798
62 497 46 59.042
63 134 51 8.448
64 306 46 22.77
65 798 8 59.421
66 715 39 46.052
67 1170 16 91.709
68 1362 49 97.723
69 1395 52 69.283
70 384 18 92.433
71 979 2 37.925
72 259 39 18.397
73 924 15 55.49
74 682 7 30.083
75 875 1 2.439
76 892 34 19.456
77 1142 27 70.557
78 1276 16 36.256
79 566 26 89.824
80 89 18 57.894
81 778 24 9.822
82 882 53 33.447
83 65 43 86.488
84 450 28 23.406
85 417 21 55.294
86 161 3 30.912
87 98 35 58.392
88 391 33 70.348
89 364 52 45.355
90 981 3 14.215
91 1150 45 93.61
92 518 17 91.756
93 1174 16 35.072
94 1423 30 13.821
95 196 57 90.427
96 271 37 80.197
97 1219 53 58.346
98 121 28 45.834
99 792 59 99.827
100 807 27 13.21
