91
1 801 13 2.693
2 1129 34 0.796
3 89 39 55.965
4 776 60 76.149
5 831 57 26.479
6 572 1 32.601
7 1015 21 18.591
8 424 50 91.603
9 1122 10 15.286
10 378 37 34.707
11 111 19 61.167
12 334 50 9.497
13 1239 47 96.057
14 1354 36 54.026
15 299 4 80.11
16 1065 6 10.907
17 303 8 53.928
18 23 31 34.781
19 237 27 96.332
20 390 30 95.827
21 304 21 36.905
22 1187 40 28.734
23 695 24 83.358
24 13 53 46.956
25 1189 7 92.844
26 332 17 71.048
27 28 27 12.251
28 74 41 11.447
29 952 11 55.407
30 485 51 35.449
31 269 33 49.759
32 4 8 32.897
33 970 35 11.229
34 723 20 51.605
35 720 45 13.097
36 997 15 77.942
37 232 45 34.155
38 491 28 86.352
39 888 6 16.377
40 611 19 31.454
41 1066 48 39.091
42 1026 17 44.122
43 970 43 6.725
44 555 7 20.382
45 472 60 66.383
46 1298 14 70.357
47 54 21 33.508
48 1408 28 27.914
49 691 35 53.687
50 887 5 26.648
51 148 18 99.468
52 1065 45 69.184
53 399 18 22.97
54 19 13 61.853
55 258 19 90.373
56 316 7 47.437
57 180 29 40.238
58 1076 3 10.055
59 110 24 82.954
60 17 10 35.463
61 41 42 94.897
62 766 59 34.0
63 393 22 18.661
64 46 29 90.542
65 962 48 67.377
66 1131 43 16.404
67 706 59 43.947
68 611 27 67.948
69 127 44 30.334
70 1381 5 41.384
71 1022 17 23.11
72 483 2 30.437
73 311 28 90.235
74 891 42 75.277
75 894 51 57.616
76 132 17 53.264
77 1080 21 37.783
78 275 17 16.641
79 440 1 33.548
80 1122 24 87.798
81 450 46 72.945
82 449 51 23.77
83 444 31 28.062
84 220 7 18.109
85 1122 3 92.973
86 939 37 21.149
87 1333 20 58.299
88 935 12 54.159
89 476 56 73.382
90 1366 11 46.603
91 167 52 0.851
