88
1 1358 50 59.707
2 393 31 3.489
3 332 20 36.521
4 465 48 38.311
5 557 53 62.065
6 751 36 37.29
7 1135 38 62.118
8 550 36 56.166
9 427 14 19.337
10 598 34 79.537
11 86 6 2.24
12 1408 49 77.696
13 431 13 10.538
14 15 59 92.72
15 416 36 14.5
16 375 34 12.92
17 985 35 93.043
18 313 49 56.001
19 125 54 21.773
20 1352 24 48.201
21 41 27 30.954
22 1230 60 66.89
23 945 18 14.167
24 1236 48 62.679
25 1240 25 53.247
26 671 42 83.597
27 121 14 57.43
28 467 60 38.317
29 505 4 60.125
30 598 26 66.47
31 1163 12 84.507
32 321 18 82.836
33 195 30 62.054
34 1383 39 96.029
35 1419 19 50.03
36 492 55 55.876
37 404 53 18.589
38 1124 17 59.809
39 672 11 89.868
40 1289 30 72.721
41 1253 55 51.75
42 942 44 13.365
43 357 33 6.054
44 701 4 99.583
45 860 42 90.549
46 408 43 73.075
47 841 6 38.834
48 1066 31 74.849
49 211 48 90.594
50 738 31 1.474
51 306 36 81.312
52 579 50 64.476
53 155 13 44.627
54 1357 10 18.736
55 969 36 91.669
56 384 48 33.45
57 1366 32 32.95
58 207 25 44.889
59 954 56 70.836
60 798 29 52.981
61 569 37 12.006
62 373 56 47.761
63 457 27 7.674
64 238 13 14.658
65 265 7 17.517
66 47 21 51.118
67 759 41 89.261
68 1137 4 58.83
69 604 8 12.204
70 1267 51 97.555
71 251 40 74.271
72 1027 15 99.648
73 1393 44 80.404
74 593 29 43.651
75 627 19 48.522
76 198 54 72.204
77 319 38 44.405
78 520 12 62.78
79 892 14 65.207
80 1312 41 52.6
81 1265 35 57.466
82 222 47 68.033
83 740 4 16.435
84 1292 48 67.586
85 1067 21 95.802
86 186 19 86.461
87 864 17 94.193
88 1237 40 51.76