100
1 511 45 65.75
2 517 16 38.42
3 1329 10 53.11
4 1309 18 36.76
5 1430 8 28.21
6 342 11 76.74
7 318 2 2.32
8 430 22 49.63
9 1113 48 70.26
10 422 15 26.9
11 552 21 56.12
12 697 4 7.58
13 611 43 98.79
14 368 54 17.92
15 155 1 65.99
16 893 22 32.57
17 1168 18 75.89
18 481 55 45.52
19 184 49 87.62
20 81 47 38.8
21 895 46 72.45
22 461 7 88.28
23 460 22 21.51
24 800 55 53.02
25 645 23 85.13
26 350 18 20.98
27 556 40 14.03
28 1000 19 55.59
29 516 59 76.05
30 479 26 98.05
31 1294 11 92.07
32 497 30 96.27
33 215 4 74.54
34 30 14 30.05
35 510 25 26.52
36 505 59 18.5
37 31 30 32.08
38 361 7 66.46
39 1133 43 22.44
40 578 47 67.12
41 1430 31 29.97
42 123 52 98.7
43 745 43 77.64
44 176 14 40.94
45 1035 3 90.36
46 1428 49 70.03
47 941 26 1.06
48 1434 31 16.07
49 28 18 61.25
50 1362 44 55.93
51 1409 46 91.17
52 1385 42 21.84
53 1084 13 58.26
54 947 30 41.04
55 1348 51 21.83
56 1250 52 41.12
57 1143 42 99.92
58 799 8 68.33
59 756 26 30.61
60 762 9 25.4
61 987 53 25.1
62 264 37 79.73
63 1125 31 88.8
64 26 38 87.86
65 753 36 34.49
66 1236 25 75.24
67 1372 21 73.19
68 41 37 34.43
69 1310 35 78.43
70 850 43 78.55
71 612 18 42.28
72 916 5 17.97
73 164 49 47.71
74 1147 55 20.79
75 776 2 72.57
76 511 36 86.35
77 1005 13 31.29
78 484 22 45.7
79 33 48 19.29
80 81 3 40.79
81 697 45 56.04
82 20 17 64.14
83 937 54 28.47
84 1156 19 76.58
85 346 49 24.89
86 1198 58 48.67
87 1078 15 3.03
88 1428 53 12.99
89 123 5 68.36
90 332 45 94.49
91 233 46 40.36
92 138 56 98.28
93 498 42 35.77
94 288 44 8.22
95 934 42 90.3
96 449 17 62.77
97 1141 26 30.13
98 1306 29 97.67
99 566 26 6.71
100 920 10 37.69
