100
1 205 18 7.976
2 738 57 93.704
3 55 19 29.859
4 734 41 27.837
5 1296 4 73.267
6 664 38 36.126
7 80 46 88.864
8 372 44 37.563
9 551 33 94.201
10 1356 59 27.391
11 830 50 17.909
12 769 31 23.616
13 1148 36 42.341
14 170 28 6.527
15 570 35 31.586
16 1239 19 56.418
17 24 14 6.008
18 1066 6 93.223
19 947 53 97.455
20 959 58 6.716
21 337 10 81.321
22 723 41 33.593
23 488 32 20.492
24 1133 18 81.666
25 724 1 58.672
26 351 41 87.454
27 558 42 58.47
28 490 17 2.109
29 642 19 3.462
30 1324 53 56.535
31 868 46 96.893
32 1015 5 87.386
33 668 59 34.96
34 1350 24 46.045
35 1199 44 95.095
36 190 13 45.27
37 1243 44 19.183
38 385 26 85.818
39 1270 18 54.018
40 546 7 49.64
41 1043 1 80.931
42 659 16 38.304
43 787 16 93.227
44 276 26 85.204
45 144 46 69.656
46 406 48 76.972
47 446 26 65.539
48 1357 27 22.496
49 1335 22 56.42
50 536 59 74.053
51 385 6 22.774
52 776 29 58.81
53 1196 20 8.653
54 430 51 42.913
55 125 33 36.711
56 262 28 51.441
57 555 49 27.043
58 1006 16 42.873
59 360 37 38.005
60 18 48 79.65
61 1140 35 43.638
62 762 57 43.817
63 1314 43 90.622
64 1093 48 35.771
65 407 23 84.36
66 427 41 13.318
67 550 47 17.028
68 324 51 49.446
69 235 25 44.184
70 377 57 76.942
71 936 46 57.057
72 1408 27 40.946
73 117 55 20.256
74 494 26 38.857
75 651 14 4.934
76 232 36 22.709
77 358 43 82.764
78 408 52 37.252
79 389 27 20.849
80 20 34 11.565
81 1152 47 40.996
82 314 1 97.021
83 936 31 64.61
84 1177 43 35.337
85 240 50 55.554
86 260 39 67.628
87 56 1 30.708
88 1064 7 32.881
89 1259 12 15.084
90 364 9 20.742
91 840 31 60.745
92 1326 59 39.464
93 88 39 45.643
94 1350 27 45.727
95 143 27 2.085
96 1292 6 26.351
97 921 3 93.319
98 1296 54 90.797
99 890 60 26.396
100 521 36 13.53