100
1 721 54 51.993
2 1426 23 45.283
3 124 8 24.582
4 432 21 44.59
5 57 55 78.589
6 514 10 30.792
7 440 59 24.864
8 171 46 66.823
9 264 34 70.514
10 932 40 7.534
11 1145 41 54.973
12 979 31 65.664
13 997 39 27.147
14 1364 53 19.368
15 476 1 32.499
16 39 35 2.391
17 1343 31 15.097
18 534 29 29.573
19 1177 48 83.448
20 183 21 26.787
21 631 36 92.4
22 615 4 89.991
23 468 56 79.845
24 67 11 21.0
25 1435 14 78.21
26 384 45 51.849
27 131 6 7.146
28 192 35 0.833
29 980 12 35.531
30 595 52 68.76
31 1350 28 36.265
32 396 57 79.267
33 611 45 94.712
34 145 10 51.148
35 499 45 82.07
36 1299 55 7.21
37 671 12 3.175
38 815 22 60.439
39 1068 28 94.42
40 971 13 96.26
41 864 35 37.467
42 563 46 36.069
43 1044 28 92.156
44 51 34 62.34
45 676 55 34.118
46 927 29 46.517
47 1383 29 14.14
48 1139 54 84.806
49 549 23 3.07
50 1033 58 41.862
51 195 44 2.058
52 130 39 25.267
53 975 7 7.587
54 1428 27 35.53
55 279 53 89.556
56 1037 5 78.408
57 108 32 84.917
58 593 14 1.892
59 149 52 93.847
60 1183 13 49.6
61 113 3 8.586
62 347 17 67.261
63 1420 19 72.171
64 645 54 19.01
65 623 38 97.74
66 279 13 70.624
67 1117 49 1.963
68 63 8 31.081
69 666 33 41.758
70 820 36 13.979
71 449 50 61.215
72 986 6 6.921
73 590 59 35.317
74 850 42 86.658
75 708 49 70.711
76 929 26 58.178
77 853 53 17.633
78 426 30 77.497
79 1318 18 91.398
80 835 45 0.549
81 669 40 86.141
82 1218 33 17.926
83 479 35 14.91
84 416 43 45.328
85 1072 15 13.713
86 1213 5 62.256
87 1118 51 7.436
88 1358 19 49.454
89 435 6 15.26
90 904 31 81.76
91 1001 50 21.853
92 947 13 14.573
93 345 25 41.824
94 350 3 1.6
95 53 42 28.132
96 18 35 39.998
97 1379 9 39.723
98 1155 29 88.178
99 812 32 24.076
100 743 23 98.855
