100
1 1414 9 58.448
2 310 55 79.453
3 815 25 95.147
4 520 14 73.253
5 1041 34 30.805
6 993 2 31.035
7 626 2 11.41
8 638 3 78.219
9 532 30 98.223
10 1417 15 2.537
11 1081 30 15.811
12 1086 17 76.673
13 1270 51 30.887
14 321 26 43.453
15 1323 19 50.724
16 654 2 60.405
17 1040 5 88.237
18 615 24 37.817
19 1148 42 27.877
20 1040 22 28.292
21 289 7 93.849
22 765 53 45.262
23 150 19 21.189
24 188 3 34.983
25 756 17 74.307
26 675 36 41.612
27 1174 43 68.534
28 796 7 99.674
29 1262 54 5.966
30 1070 41 47.911
31 373 59 63.735
32 1430 53 4.098
33 1171 28 87.577
34 994 36 27.119
35 924 33 91.039
36 140 5 10.515
37 542 21 22.616
38 967 16 99.505
39 120 58 68.734
40 733 15 9.445
41 1411 2 89.363
42 1365 39 62.23
43 1281 31 84.688
44 1302 43 55.969
45 61 15 44.207
46 1120 35 4.025
47 313 33 86.662
48 920 10 8.103
49 1087 10 24.039
50 1112 44 2.516
51 397 11 46.415
52 1189 58 18.242
53 950 18 80.419
54 1425 43 39.404
55 717 25 44.937
56 143 7 95.134
57 615 47 57.67
58 1248 13 70.719
59 1390 39 93.856
60 1185 22 51.769
61 1328 45 29.513
62 790 57 21.347
63 651 31 11.955
64 609 57 78.516
65 990 32 45.295
66 222 23 28.687
67 437 39 33.623
68 271 21 78.402
69 796 22 3.378
70 1098 35 0.204
71 1434 52 33.324
72 204 37 74.215
73 330 55 38.562
74 346 36 18.976
75 422 12 13.369
76 1123 41 17.128
77 706 43 42.87
78 53 7 11.351
79 700 50 65.824
80 629 25 35.147
81 553 9 6.43
82 984 57 50.226
83 1278 47 61.485
84 470 10 25.671
85 21 35 32.213
86 925 25 71.885
87 257 21 44.269
88 350 12 93.088
89 549 11 16.623
90 1431 56 47.437
91 1217 8 78.816
92 574 22 32.417
93 54 31 36.311
94 450 46 76.02
95 1285 12 97.911
96 1046 12 79.127
97 6 37 97.314
98 1247 24 54.039
99 1429 48 33.849
100 56 58 84.745
