94
1 466 23 92.598
2 1400 54 46.766
3 596 59 42.052
4 88 10 80.685
5 152 32 77.309
6 1040 35 43.351
7 642 56 21.872
8 1115 49 32.232
9 396 30 56.663
10 938 56 55.98
11 716 15 69.699
12 362 2 97.777
13 878 8 62.229
14 558 8 68.206
15 710 50 4.677
16 1165 50 6.139
17 725 6 90.562
18 699 52 24.424
19 773 30 48.694
20 1244 2 23.511
21 725 24 74.828
22 953 11 89.153
23 1088 43 62.577
24 609 11 65.482
25 1249 36 37.783
26 1164 48 22.787
27 246 45 64.005
28 1211 44 37.463
29 959 6 36.522
30 1115 24 19.765
31 50 1 65.884
32 760 59 62.995
33 1233 2 71.995
34 763 25 67.163
35 615 53 36.964
36 1090 53 76.37
37 1008 8 70.675
38 75 12 83.546
39 1122 54 17.799
40 511 6 55.046
41 21 32 28.854
42 1346 43 56.353
43 1137 43 10.733
44 210 24 97.343
45 775 17 64.692
46 589 59 38.642
47 786 54 73.03
48 857 20 85.143
49 1081 9 50.718
50 1057 4 88.707
51 1372 6 58.802
52 1147 52 49.459
53 1264 56 68.469
54 733 4 23.261
55 786 43 75.419
56 480 54 51.418
57 427 38 12.078
58 106 25 95.289
59 313 2 56.871
60 956 43 35.975
61 95 7 17.207
62 138 32 90.933
63 873 33 14.452
64 1031 12 69.808
65 222 35 27.479
66 1245 56 8.203
67 1238 8 27.266
68 906 13 2.17
69 215 20 73.097
70 959 45 48.187
71 862 19 57.982
72 457 12 49.826
73 1024 6 13.784
74 356 27 85.424
75 1061 18 57.275
76 275 37 14.312
77 496 24 91.127
78 656 6 56.968
79 1007 3 54.305
80 238 42 48.416
81 154 38 30.446
82 727 60 69.218
83 678 19 55.896
84 21 33 85.988
85 415 22 19.172
86 571 17 59.21
87 1404 44 16.202
88 395 36 98.066
89 825 1 16.24
90 738 59 66.688
91 1003 6 68.368
92 115 16 32.73
93 33 5 57.613
94 66 39 93.39
