100
1 500 40 99
2 746 42 99
3 89 49 86
4 364 15 23
5 114 20 44
6 522 53 89
7 609 53 90
8 198 56 37
9 985 33 15
10 88 57 73
11 997 24 39
12 1393 21 21
13 1380 48 79
14 122 49 89
15 1393 44 37
16 231 6 58
17 1410 4 73
18 582 44 7
19 1414 38 30
20 776 33 89
21 788 2 33
22 662 6 73
23 1138 51 37
24 469 8 96
25 736 39 58
26 369 32 31
27 1266 56 17
28 720 33 39
29 1137 11 27
30 1040 4 69
31 648 56 40
32 1371 39 36
33 712 9 86
34 28 36 27
35 45 28 56
36 105 57 86
37 150 47 33
38 31 31 89
39 892 18 15
40 391 42 83
41 1433 25 14
42 494 14 26
43 541 19 67
44 44 34 14
45 744 48 79
46 533 27 88
47 489 5 19
48 83 31 65
49 848 17 48
50 1311 53 76
51 1322 47 96
52 926 50 92
53 431 58 10
54 1293 26 4
55 279 22 16
56 1317 59 71
57 29 11 71
58 1139 11 45
59 1014 37 89
60 297 11 52
61 1356 20 98
62 850 32 44
63 933 47 38
64 1387 37 57
65 548 28 42
66 1166 3 91
67 1363 25 99
68 333 51 9
69 72 59 5
70 1282 5 38
71 362 43 46
72 621 24 70
73 1311 12 34
74 1035 23 33
75 356 28 39
76 976 38 85
77 1398 28 39
78 1367 24 20
79 875 46 83
80 446 28 14
81 1358 50 39
82 1302 14 75
83 684 52 97
84 1021 35 16
85 609 2 24
86 633 43 19
87 1017 2 88
88 264 48 36
89 547 7 22
90 656 57 12
91 277 21 59
92 27 16 67
93 1087 5 33
94 1195 56 58
95 616 33 70
96 95 23 60
97 100 8 22
98 697 54 98
99 1328 15 65
100 310 55 57