100
1 1269 2 25
2 1293 43 28
3 81 23 95
4 1235 40 85
5 1174 17 82
6 497 30 23
7 270 19 26
8 265 21 10
9 180 53 94
10 350 41 73
11 1205 59 5
12 491 4 55
13 122 29 89
14 255 6 48
15 942 18 83
16 79 12 91
17 616 52 14
18 870 20 53
19 1122 21 63
20 961 24 70
21 792 19 63
22 1369 49 29
23 306 26 73
24 913 16 72
25 345 37 52
26 397 42 89
27 30 18 47
28 458 27 56
29 1033 50 97
30 962 46 96
31 1319 48 62
32 302 13 56
33 1214 50 53
34 999 54 2
35 560 48 58
36 1343 4 94
37 398 40 92
38 1299 2 29
39 825 33 60
40 132 49 26
41 1262 16 49
42 1170 35 54
43 387 47 38
44 1262 46 80
45 681 34 18
46 385 32 34
47 1259 58 22
48 167 56 93
49 555 56 70
50 1033 52 71
51 173 24 25
52 930 54 37
53 395 58 62
54 1174 36 63
55 481 33 35
56 1126 27 34
57 636 8 92
58 197 20 39
59 58 41 3
60 631 37 83
61 1058 50 4
62 467 11 38
63 783 40 36
64 721 24 81
65 689 40 89
66 628 42 73
67 1207 14 66
68 1040 18 55
69 356 26 14
70 271 54 80
71 567 43 78
72 984 15 45
73 315 46 51
74 437 40 35
75 261 7 90
76 1288 43 46
77 556 9 66
78 625 47 77
79 218 16 58
80 267 55 70
81 38 21 65
82 69 2 17
83 760 9 87
84 587 43 30
85 720 58 44
86 958 13 29
87 128 39 64
88 1279 15 28
89 500 23 25
90 790 51 20
91 108 3 69
92 1148 50 44
93 314 16 93
94 1072 27 83
95 293 29 45
96 536 27 21
97 1142 25 46
98 1069 50 65
99 527 59 7
100 797 47 34