100
1 630 30 59
2 510 30 59
3 1407 1 2
4 1170 30 59
5 360 30 59
6 300 30 59
7 1020 30 59
8 60 30 59
9 150 30 59
10 240 30 59
11 511 1 2
12 1260 30 59
13 420 30 59
14 1316 1 2
15 1165 1 2
16 1303 1 2
17 554 1 2
18 1350 30 59
19 1218 1 2
20 930 30 59
21 630 30 59
22 540 30 59
23 180 30 59
24 120 30 59
25 450 30 59
26 1152 1 2
27 880 1 2
28 480 30 59
29 129 1 2
30 65 1 2
31 330 30 59
32 690 30 59
33 1140 30 59
34 1410 30 59
35 1262 1 2
36 210 30 59
37 510 30 59
38 750 30 59
39 390 30 59
40 600 30 59
41 570 30 59
42 270 30 59
43 30 30 59
44 1300 1 2
45 30 30 59
46 1322 1 2
47 1200 30 59
48 660 30 59
49 1354 1 2
50 335 1 2
51 611 1 2
52 900 30 59
53 780 30 59
54 870 30 59
55 90 30 59
56 1380 30 59
57 1359 1 2
58 210 30 59
59 270 30 59
60 660 30 59
61 965 1 2
62 450 30 59
63 300 30 59
64 1440 30 59
65 1110 30 59
66 600 30 59
67 840 30 59
68 480 30 59
69 817 1 2
70 263 1 2
71 829 1 2
72 540 30 59
73 1320 30 59
74 960 30 59
75 240 30 59
76 1080 30 59
77 570 30 59
78 1185 1 2
79 1247 1 2
80 720 30 59
81 1004 1 2
82 1230 30 59
83 1290 30 59
84 1050 30 59
85 990 30 59
86 1225 1 2
87 390 30 59
88 60 30 59
89 360 30 59
90 420 30 59
91 1130 1 2
92 330 30 59
93 729 1 2
94 150 30 59
95 90 30 59
96 690 30 59
97 810 30 59
98 180 30 59
99 558 1 2
100 120 30 59
