100
1 1167 11 12.567
2 496 60 92.016
3 50 5 32.386
4 131 40 81.634
5 1247 43 48.078
6 1076 2 77.445
7 569 33 97.751
8 606 46 0.762
9 156 51 57.201
10 1169 35 77.654
11 627 12 57.013
12 1291 42 29.477
13 391 27 92.547
14 339 52 63.359
15 1041 46 46.766
16 1115 15 73.904
17 72 56 43.231
18 1249 33 21.737
19 885 38 47.438
20 273 26 93.518
21 832 34 12.307
22 1374 9 12.222
23 912 47 20.279
24 413 32 94.844
25 399 28 85.548
26 39 57 70.136
27 184 56 25.615
28 351 30 77.131
29 1077 8 40.507
30 1084 56 99.696
31 499 51 97.378
32 1435 29 95.238
33 335 50 30.483
34 850 4 87.891
35 29 39 91.113
36 590 51 38.364
37 381 15 51.319
38 406 18 74.248
39 1088 34 53.612
40 798 50 49.575
41 697 21 51.633
42 779 1 59.972
43 206 35 83.712
44 667 39 41.792
45 1118 6 43.159
46 328 47 14.056
47 497 36 81.177
48 513 37 37.579
49 1079 1 95.185
50 605 14 88.369
51 500 27 39.622
52 1228 20 87.446
53 1197 14 99.522
54 436 11 52.390
55 1379 11 13.252
56 1092 14 52.910
57 1311 25 69.140
58 950 38 95.429
59 338 44 27.251
60 718 36 93.863
61 304 29 82.956
62 346 21 89.969
63 766 57 69.732
64 208 20 61.283
65 470 8 35.629
66 108 57 17.285
67 906 48 27.116
68 353 7 62.347
69 787 29 39.997
70 24 34 20.721
71 800 48 72.252
72 894 54 16.457
73 587 49 46.192
74 503 47 48.542
75 623 37 66.391
76 999 36 94.971
77 838 24 94.156
78 1180 55 42.911
79 60 36 54.555
80 133 33 29.946
81 1349 9 89.178
82 1383 18 77.889
83 1128 20 2.171
84 372 6 27.560
85 842 9 23.867
86 398 18 95.396
87 896 47 9.502
88 286 10 54.727
89 50 20 32.472
90 50 57 90.528
91 25 23 82.186
92 656 50 32.670
93 383 2 28.145
94 221 53 49.491
95 757 49 74.007
96 246 53 13.753
97 264 21 71.453
98 1074 34 5.083
99 84 40 33.248
100 853 46 58.235
