80
1 60 60 99
2 120 60 99
3 180 60 99
4 240 60 99
5 300 60 99
6 360 60 99
7 420 60 99
8 480 60 99
9 540 60 99
10 600 60 99
11 660 60 99
12 720 60 99
13 780 60 99
14 840 60 99
15 900 60 99
16 960 60 99
17 1020 60 99
18 1080 60 99
19 1140 60 99
20 1200 60 99
21 1260 60 99
22 1320 60 99
23 1380 60 99
24 1400 60 99
25 100 60 1
26 100 60 1
27 100 60 1
28 100 60 1
29 100 60 1
30 100 60 1
31 100 60 1
32 100 60 1
33 100 60 1
34 100 60 1
35 100 60 1
36 100 60 1
37 100 60 1
38 100 60 1
39 100 60 1
40 100 60 1
41 100 60 1
42 100 60 1
43 100 60 1
44 100 60 1
45 100 60 1
46 100 60 1
47 100 60 1
48 100 60 1
49 100 60 1
50 100 60 1
51 100 60 1
52 100 60 1
53 100 60 1
54 100 60 1
55 100 60 1
56 100 60 1
57 100 60 1
58 100 60 1
59 100 60 1
60 100 60 1
61 100 60 1
62 100 60 1
63 100 60 1
64 100 60 1
65 100 60 1
66 100 60 1
67 100 60 1
68 100 60 1
69 100 60 1
70 100 60 1
71 100 60 1
72 100 60 1
73 100 60 1
74 100 60 1
75 100 60 1
76 100 60 1
77 100 60 1
78 100 60 1
79 100 60 1
80 100 60 1
