100
1 534 21 83.446
2 1074 19 75.902
3 686 17 79.423
4 1221 59 93.536
5 63 49 61.865
6 1226 55 73.865
7 1368 1 84.944
8 1243 34 51.514
9 679 30 44.619
10 485 19 24.648
11 231 54 98.242
12 1326 55 76.258
13 897 17 76.407
14 819 2 14.112
15 1321 7 33.773
16 1068 20 88.463
17 1274 52 21.613
18 1250 18 65.534
19 604 30 79.577
20 1339 24 58.487
21 333 11 1.256
22 378 47 88.185
23 263 2 39.721
24 235 13 19.896
25 693 39 63.228
26 707 35 31.971
27 1180 30 43.539
28 951 10 30.378
29 444 25 82.546
30 1057 54 44.61
31 616 21 39.094
32 517 30 55.131
33 35 41 67.033
34 1389 29 50.93
35 591 39 36.106
36 40 54 27.965
37 235 60 33.928
38 1404 1 63.842
39 451 17 55.114
40 777 9 19.804
41 249 42 44.606
42 139 24 16.827
43 546 18 76.661
44 392 7 16.589
45 159 44 76.354
46 362 17 49.749
47 455 1 87.6
48 801 15 95.301
49 560 15 44.423
50 1265 30 51.911
51 16 53 65.123
52 910 26 70.268
53 503 12 94.384
54 886 47 75.844
55 1058 36 85.41
56 744 37 70.175
57 1387 53 23.721
58 1263 57 57.422
59 1216 7 44.683
60 986 3 54.751
61 638 18 27.859
62 337 24 67.154
63 1195 8 78.356
64 581 37 15.007
65 1155 1 75.158
66 1147 36 55.901
67 415 56 95.316
68 1438 39 98.66
69 559 9 36.117
70 269 43 47.213
71 539 22 86.262
72 475 41 75.699
73 756 56 15.965
74 701 54 54.802
75 1086 53 78.659
76 1213 16 82.685
77 464 43 30.011
78 1131 45 60.176
79 916 8 75.84
80 1222 29 26.733
81 486 12 91.857
82 1164 24 7.07
83 1248 1 32.356
84 1154 3 68.339
85 872 20 35.379
86 371 34 85.434
87 896 25 20.934
88 69 35 11.984
89 1365 18 31.574
90 82 14 4.751
91 1311 51 71.583
92 545 8 70.217
93 1340 28 40.704
94 49 28 22.638
95 513 12 11.032
96 956 31 28.56
97 303 38 80.735
98 69 37 98.496
99 406 23 9.989
100 1023 50 28.268
