99
1 1440 37 23
2 1440 33 95
3 1440 30 46
4 1440 29 14
5 1440 51 8
6 1440 17 39
7 1440 33 3
8 1440 26 50
9 1440 57 52
10 1440 45 54
11 1440 52 39
12 1440 34 15
13 1440 13 34
14 1440 35 98
15 1440 11 80
16 1440 41 38
17 1440 36 18
18 1440 14 99
19 1440 43 61
20 1440 12 49
21 1440 56 98
22 1440 53 63
23 1440 24 22
24 1440 28 33
25 1440 2 73
26 1440 52 20
27 1440 57 20
28 1440 41 57
29 1440 14 9
30 1440 10 6
31 1440 6 97
32 1440 39 65
33 1440 43 45
34 1440 12 71
35 1440 11 56
36 1440 45 97
37 1440 29 1
38 1440 38 42
39 1440 2 57
40 1440 32 75
41 1440 19 72
42 1440 8 66
43 1440 22 54
44 1440 28 44
45 1440 12 91
46 1440 23 79
47 1440 30 71
48 1440 36 23
49 1440 48 75
50 1440 32 47
51 1440 34 15
52 1440 17 57
53 1440 24 81
54 1440 9 56
55 1440 22 25
56 1440 30 58
57 1440 38 61
58 1440 45 78
59 1440 35 44
60 1440 24 97
61 1440 56 75
62 1440 4 42
63 1440 56 54
64 1440 16 61
65 1440 54 33
66 1440 35 33
67 1440 33 70
68 1440 3 51
69 1440 45 95
70 1440 10 77
71 1440 30 32
72 1440 24 14
73 1440 45 95
74 1440 31 98
75 1440 19 86
76 1440 5 1
77 1440 6 68
78 1440 30 1
79 1440 59 98
80 1440 56 12
81 1440 49 6
82 1440 11 11
83 1440 57 54
84 1440 56 2
85 1440 15 23
86 1440 17 36
87 1440 46 33
88 1440 17 16
89 1440 24 86
90 1440 55 77
91 1440 3 44
92 1440 55 20
93 1440 53 73
94 1440 32 32
95 1440 59 7
96 1440 11 28
97 1440 60 98
98 1440 36 46
99 1440 16 37