96
1 93 30 30.883
2 76 22 1.586
3 812 21 70.505
4 1047 22 98.611
5 1094 32 92.625
6 271 15 19.342
7 1244 12 49.982
8 950 35 68.414
9 502 37 13.13
10 1231 24 22.674
11 841 34 53.921
12 1150 55 35.779
13 810 60 10.622
14 749 15 56.874
15 754 3 71.054
16 778 56 38.894
17 948 34 94.21
18 750 2 68.993
19 414 52 51.592
20 920 49 41.19
21 869 50 59.566
22 1146 49 41.456
23 506 2 93.635
24 231 13 53.681
25 601 51 21.025
26 648 50 78.021
27 23 36 71.096
28 1200 32 93.04
29 929 33 98.143
30 516 57 4.503
31 741 27 89.047
32 1043 53 71.757
33 612 3 83.314
34 317 59 79.443
35 1072 38 55.073
36 443 4 36.886
37 1018 38 3.607
38 1368 23 74.419
39 362 34 11.212
40 77 50 14.907
41 1159 53 1.701
42 1093 56 69.236
43 598 42 86.717
44 799 8 53.804
45 1169 12 14.945
46 907 21 71.279
47 1305 58 92.896
48 643 3 5.255
49 1263 25 5.893
50 329 58 86.406
51 1317 16 31.359
52 1150 20 69.872
53 598 42 40.134
54 64 59 65.734
55 1103 43 85.267
56 1369 22 21.328
57 1104 1 51.203
58 310 40 75.79
59 993 52 34.699
60 177 17 92.325
61 721 38 46.758
62 411 48 5.063
63 1034 46 12.537
64 14 9 76.25
65 167 37 20.07
66 625 59 31.6
67 760 42 85.033
68 27 45 31.867
69 1067 22 90.519
70 990 39 38.384
71 196 35 30.357
72 173 1 96.033
73 953 45 71.787
74 240 15 12.463
75 63 3 26.744
76 1230 27 7.527
77 638 16 53.082
78 533 14 41.735
79 1127 47 91.03
80 652 14 22.927
81 284 9 34.047
82 956 14 81.325
83 906 53 26.444
84 1414 14 22.329
85 1220 10 82.095
86 275 5 26.853
87 1028 44 91.039
88 556 19 63.401
89 839 12 36.817
90 1332 31 74.213
91 685 5 86.572
92 898 60 85.269
93 248 28 46.827
94 1017 36 72.976
95 806 46 50.869
96 176 27 25.379
