100
1 162 8 51.906
2 42 45 50.839
3 1396 52 63.139
4 671 10 17.369
5 642 60 17.906
6 350 25 55.886
7 694 21 86.131
8 677 42 85.898
9 1195 54 78.315
10 854 47 8.267
11 1264 28 65.383
12 203 45 31.863
13 443 43 55.118
14 658 50 76.696
15 532 1 87.775
16 1169 25 40.457
17 1198 50 55.867
18 1079 60 36.313
19 197 58 28.383
20 283 30 78.833
21 661 10 77.186
22 688 57 13.571
23 576 40 41.778
24 92 52 45.21
25 932 7 70.88
26 385 9 0.007
27 412 33 5.475
28 1397 13 44.044
29 194 8 91.407
30 1362 55 96.062
31 876 49 49.472
32 805 10 67.016
33 748 22 44.301
34 707 55 87.465
35 1239 54 2.729
36 65 60 14.355
37 807 5 8.881
38 723 40 39.109
39 1102 49 7.027
40 1035 32 29.218
41 681 7 64.378
42 1126 39 36.959
43 124 45 8.935
44 409 41 48.017
45 514 16 49.584
46 650 17 60.368
47 646 28 10.196
48 973 2 90.097
49 68 10 98.948
50 16 14 22.45
51 757 3 81.068
52 1419 58 8.489
53 957 12 19.256
54 943 59 93.299
55 905 11 39.218
56 210 49 14.589
57 503 5 18.733
58 36 9 14.898
59 112 47 14.268
60 405 33 45.067
61 23 23 70.834
62 658 31 14.174
63 1281 40 28.094
64 582 17 95.479
65 652 38 37.201
66 614 8 89.853
67 490 1 17.686
68 680 30 88.648
69 1077 20 4.619
70 333 12 67.79
71 238 23 13.549
72 817 28 65.907
73 507 16 24.288
74 543 3 24.296
75 237 25 76.459
76 136 29 26.725
77 285 58 95.834
78 229 31 83.171
79 940 46 79.472
80 1349 32 14.452
81 439 22 50.524
82 155 22 3.908
83 369 9 17.923
84 305 31 87.224
85 1048 25 30.104
86 1008 2 45.726
87 63 7 83.893
88 42 39 70.647
89 813 7 76.625
90 1266 18 88.555
91 1392 6 67.459
92 1117 49 48.845
93 896 44 78.619
94 465 46 43.922
95 1062 58 71.533
96 1083 33 73.457
97 181 25 63.089
98 1303 16 34.001
99 304 57 74.577
100 1078 45 83.759
