99
1 213 23 85.918
2 416 51 48.86
3 446 58 32.811
4 254 53 44.368
5 102 42 41.433
6 517 18 21.603
7 307 32 16.74
8 255 6 15.969
9 392 56 20.121
10 245 34 72.475
11 44 29 39.206
12 553 26 68.15
13 527 11 32.868
14 322 30 69.015
15 253 45 74.5
16 392 46 56.897
17 521 33 31.095
18 258 49 77.072
19 150 53 66.494
20 490 16 30.782
21 522 28 48.147
22 497 22 39.399
23 621 29 75.307
24 30 37 30.389
25 229 22 25.561
26 240 29 48.655
27 99 33 80.405
28 76 13 34.833
29 64 54 36.412
30 172 8 86.723
31 529 35 31.455
32 527 27 32.955
33 224 45 61.842
34 375 29 74.226
35 220 9 48.999
36 63 50 38.335
37 521 4 30.5
38 325 22 66.214
39 601 37 67.645
40 319 6 49.016
41 388 49 44.586
42 543 29 21.418
43 333 25 69.291
44 210 44 68.51
45 159 18 57.891
46 148 43 49.079
47 273 7 21.271
48 344 6 70.882
49 183 22 51.399
50 128 42 23.065
51 141 46 64.921
52 172 31 29.182
53 197 49 27.945
54 391 19 62.79
55 426 14 51.638
56 406 50 79.457
57 283 59 22.066
58 615 52 78.263
59 180 54 56.103
60 524 25 75.336
61 542 46 28.6
62 538 11 54.109
63 262 20 68.787
64 268 15 62.619
65 147 51 81.156
66 443 29 24.729
67 465 37 16.243
68 5 42 31.123
69 490 33 30.694
70 436 20 30.67
71 138 11 49.364
72 447 10 30.717
73 489 60 16.874
74 590 27 80.317
75 111 57 76.7
76 313 43 73.123
77 463 39 51.225
78 489 59 32.333
79 514 21 76.357
80 331 11 70.578
81 167 54 27.26
82 168 7 58.23
83 15 4 22.44
84 225 1 21.871
85 106 27 38.274
86 519 57 21.389
87 142 58 70.321
88 246 42 67.798
89 497 42 62.628
90 420 59 76.819
91 425 44 33.486
92 590 26 69.762
93 241 35 75.558
94 189 50 76.32
95 602 28 75.156
96 201 46 31.907
97 558 23 78.968
98 274 51 71.786
99 112 34 61.307