100
1 1085 37 30.165
2 927 44 27.441
3 510 36 60.465
4 691 56 14.651
5 903 12 84.222
6 512 45 21.050
7 800 9 35.477
8 1044 42 19.790
9 1337 27 27.627
10 976 38 35.353
11 17 50 89.079
12 394 24 32.792
13 1162 20 41.139
14 131 27 81.769
15 1427 46 72.140
16 1059 15 0.203
17 1189 50 80.836
18 564 58 68.739
19 1360 48 22.844
20 468 52 36.473
21 743 4 9.245
22 1417 37 65.708
23 343 34 10.711
24 488 24 88.360
25 894 30 31.835
26 267 26 30.907
27 410 23 7.983
28 865 22 20.250
29 899 26 95.230
30 1270 46 14.462
31 815 20 18.225
32 781 47 89.740
33 439 22 20.614
34 754 12 34.203
35 741 32 42.219
36 1335 24 69.688
37 612 21 88.625
38 1127 33 78.261
39 574 32 5.098
40 1250 37 27.316
41 823 26 82.590
42 1271 31 86.988
43 857 25 98.323
44 148 57 86.987
45 913 9 65.934
46 452 8 86.482
47 693 50 62.393
48 562 34 50.669
49 772 9 82.921
50 306 8 72.317
51 80 48 41.131
52 265 46 61.552
53 633 18 81.947
54 671 18 29.267
55 561 32 46.455
56 130 17 25.609
57 1079 6 8.087
58 996 1 1.665
59 652 13 99.001
60 297 53 16.386
61 564 50 36.199
62 1206 21 40.924
63 695 49 86.922
64 235 57 89.187
65 1087 34 63.466
66 605 28 96.579
67 1350 17 65.513
68 620 41 17.801
69 1 1 13.735
70 955 57 22.691
71 1337 1 31.360
72 1088 36 45.262
73 83 1 27.738
74 826 35 87.405
75 1357 49 26.154
76 616 47 40.160
77 688 38 56.757
78 3 6 42.167
79 150 38 21.511
80 1305 16 82.327
81 417 31 38.086
82 429 1 78.865
83 463 55 52.051
84 1206 16 65.963
85 1070 20 17.847
86 327 23 89.964
87 209 52 49.398
88 69 9 80.467
89 82 23 81.585
90 759 1 72.271
91 827 17 37.445
92 1228 33 77.717
93 729 2 41.462
94 374 52 6.538
95 499 18 9.070
96 538 28 28.103
97 1321 1 71.377
98 1385 28 21.893
99 369 42 52.028
100 451 52 75.651