90
1 558 39 29.650
2 282 29 30.444
3 311 35 48.740
4 1098 15 27.283
5 863 46 22.895
6 926 57 52.341
7 58 35 11.822
8 713 48 71.177
9 1042 35 82.738
10 1244 60 32.336
11 518 28 91.447
12 958 31 61.931
13 533 53 44.230
14 636 29 36.869
15 272 42 16.928
16 770 58 24.227
17 51 47 16.713
18 404 56 84.904
19 867 17 93.828
20 1023 20 1.770
21 1224 38 3.757
22 640 49 38.161
23 839 20 56.312
24 592 53 38.767
25 1301 9 49.881
26 894 57 20.685
27 1059 14 84.172
28 288 58 20.404
29 1056 18 87.021
30 835 7 24.013
31 1353 49 70.808
32 998 11 76.616
33 321 33 50.799
34 258 13 28.020
35 977 19 20.056
36 16 17 12.775
37 166 24 52.289
38 1077 11 72.406
39 1135 14 44.728
40 1014 5 67.626
41 714 1 43.174
42 1090 16 55.661
43 584 5 15.139
44 917 37 96.181
45 386 19 3.557
46 338 33 24.468
47 1262 55 60.635
48 737 3 74.530
49 839 48 33.086
50 540 24 75.269
51 467 7 96.850
52 1252 40 51.456
53 941 47 66.407
54 461 57 67.036
55 880 37 73.863
56 1050 35 36.182
57 1195 5 20.663
58 242 50 24.597
59 217 28 88.376
60 376 44 42.356
61 949 49 61.570
62 961 55 22.464
63 987 8 61.937
64 623 5 17.686
65 540 49 80.413
66 1232 53 12.591
67 75 40 57.312
68 265 32 4.006
69 859 37 85.814
70 144 45 40.687
71 339 14 60.179
72 208 47 44.001
73 234 27 92.122
74 1040 31 89.290
75 1081 10 68.116
76 912 23 30.341
77 200 12 93.528
78 561 35 83.499
79 901 11 89.179
80 807 58 99.085
81 138 50 22.069
82 373 10 48.812
83 922 24 18.299
84 971 46 19.835
85 676 41 21.976
86 1261 55 44.087
87 126 13 25.466
88 799 30 42.792
89 159 24 65.609
90 170 1 93.815
