97
1 64 1 1.212
2 19 2 1.287
3 79 3 3.447
4 22 2 1.813
5 69 3 2.24
6 12 1 1.438
7 44 3 1.866
8 52 3 1.737
9 120 38 6.958
10 1 3 1.429
11 56 1 1.157
12 61 57 6.23
13 57 2 1.403
14 93 2 1.289
15 20 3 3.195
16 158 19 2.147
17 65 1 1.488
18 47 1 1.215
19 82 2 2.657
20 200 36 65.45
21 72 1 1.81
22 14 3 3.342
23 80 2 1.659
24 51 1 1.147
25 90 3 1.236
26 94 3 1.795
27 97 27 4.792
28 18 3 1.418
29 75 2 1.451
30 4 3 1.436
31 170 26 4.423
32 71 2 1.359
33 60 1 1.428
34 43 1 1.865
35 27 3 1.547
36 17 1 1.716
37 58 1 1.317
38 49 2 1.257
39 78 1 1.401
40 200 36 65.45
41 81 1 1.354
42 90 58 6.524
43 42 3 1.53
44 48 2 1.609
45 84 1 1.97
46 38 3 1.765
47 36 2 2.832
48 15 1 1.051
49 30 3 2.011
50 77 1 1.725
51 66 1 2.209
52 76 3 1.242
53 2 3 1.737
54 31 1 1.186
55 35 2 1.942
56 25 1 3.573
57 336 19 29.944
58 63 58 10.04
59 55 1 1.706
60 50 2 1.835
61 74 3 1.289
62 28 3 1.446
63 33 1 1.954
64 70 1 1.759
65 85 2 1.99
66 83 3 1.265
67 97 3 1.147
68 54 1 1.946
69 3 1 1.773
70 37 3 1.528
71 34 3 1.27
72 7 2 1.596
73 95 2 2.28
74 344 16 56.251
75 23 3 1.532
76 87 1 2.643
77 89 3 1.443
78 11 3 1.461
79 63 3 3.158
80 39 2 1.722
81 40 3 1.388
82 77 57 9.258
83 53 1 1.569
84 91 3 1.071
85 61 2 1.973
86 13 1 1.586
87 59 2 3.531
88 29 2 1.331
89 704 49 27.230
90 16 1 1.791
91 9 2 1.186
92 6 2 1.326
93 70 60 6.148
94 26 1 1.599
95 62 2 1.344
96 46 2 1.767
97 32 3 1.304
