88
1 230 8 16
2 1416 57 89
3 101 34 35
4 796 22 58
5 783 51 9
6 658 25 48
7 1329 49 17
8 706 28 52
9 1440 6 42
10 559 47 64
11 345 37 69
12 853 5 88
13 266 13 15
14 933 24 29
15 516 36 90
16 894 18 68
17 74 54 90
18 794 20 81
19 177 14 98
20 1156 5 39
21 1347 32 99
22 23 12 27
23 214 29 3
24 464 8 7
25 568 45 24
26 859 17 2
27 596 25 95
28 1433 14 87
29 650 9 32
30 427 48 28
31 198 37 72
32 1126 42 85
33 1394 44 66
34 384 37 39
35 159 56 89
36 1274 55 1
37 777 54 11
38 1386 29 11
39 1253 53 8
40 395 49 43
41 1191 19 12
42 584 21 59
43 831 25 6
44 1188 17 57
45 266 58 25
46 1372 54 51
47 672 10 64
48 549 33 58
49 1123 22 87
50 1017 22 73
51 543 26 11
52 1035 21 23
53 681 9 44
54 966 18 67
55 908 1 99
56 254 9 54
57 541 31 8
58 1004 43 89
59 1073 6 19
60 140 43 6
61 1194 33 75
62 1430 14 15
63 82 51 34
64 203 37 57
65 703 54 45
66 301 11 24
67 588 20 80
68 125 22 38
69 1307 51 87
70 1221 11 24
71 763 40 81
72 124 22 74
73 604 16 10
74 204 47 5
75 167 56 55
76 413 42 31
77 873 13 33
78 538 41 63
79 1056 18 99
80 1039 18 3
81 72 56 81
82 303 5 52
83 595 54 72
84 762 55 25
85 1260 10 26
86 314 6 85
87 234 33 84
88 1407 39 9
