90
1 920 35 2.262
2 856 51 6.507
3 719 30 92.395
4 818 27 53.414
5 615 9 36.679
6 110 2 36.394
7 419 46 15.137
8 809 48 14.960
9 913 18 35.08
10 1341 7 33.596
11 1408 23 78.402
12 135 50 48.673
13 953 51 46.479
14 868 40 13.125
15 683 58 88.639
16 514 57 67.455
17 685 7 83.515
18 967 39 65.648
19 1382 29 98.391
20 129 4 97.978
21 1149 54 25.015
22 851 30 62.457
23 1314 47 72.824
24 146 4 49.817
25 423 16 84.982
26 75 40 19.091
27 726 9 12.414
28 1107 39 0.279
29 408 24 15.295
30 325 46 53.416
31 478 40 51.063
32 653 23 38.521
33 1062 19 31.059
34 735 21 0.355
35 551 56 81.524
36 1304 28 63.841
37 1390 27 44.833
38 905 28 24.408
39 191 57 80.338
40 891 14 82.397
41 552 53 85.219
42 1428 2 46.725
43 414 21 97.069
44 1017 46 84.124
45 771 21 7.854
46 279 38 23.759
47 993 28 81.757
48 73 1 40.582
49 266 36 46.631
50 66 37 95.153
51 1275 39 96.5
52 1210 21 76.528
53 171 30 57.453
54 591 43 91.592
55 174 54 49.543
56 824 4 16.601
57 1368 6 32.599
58 370 39 29.643
59 1426 46 55.829
60 504 60 6.747
61 301 8 6.897
62 959 22 16.678
63 1402 41 94.743
64 897 23 81.108
65 92 52 71.045
66 538 18 97.024
67 240 9 99.842
68 334 41 98.745
69 76 13 15.008
70 1299 53 95.847
71 1143 46 53.045
72 538 26 7.408
73 1199 1 31.182
74 1086 9 89.517
75 896 17 83.476
76 568 53 0.234
77 518 37 64.02
78 128 20 80.318
79 493 18 24.513
80 791 27 6.412
81 664 55 26.314
82 930 56 10.272
83 740 31 48.371
84 1173 38 41.888
85 140 44 38.128
86 668 2 88.676
87 850 35 42.055
88 270 3 28.384
89 881 26 4.818
90 75 29 21.916