100
1 388 59 3.902
2 451 33 89.463
3 734 28 70.08
4 835 5 81.697
5 1163 32 19.691
6 393 23 90.858
7 5 53 46.85
8 821 32 63.398
9 306 1 41.706
10 701 13 47.598
11 334 9 85.406
12 1222 27 98.655
13 901 29 13.24
14 160 50 88.866
15 1084 5 7.455
16 776 31 25.749
17 711 1 49.966
18 234 42 93.215
19 1236 31 33.437
20 1043 30 47.085
21 491 15 12.865
22 893 35 76.311
23 847 26 81.081
24 1378 19 73.09
25 872 7 58.785
26 673 52 94.961
27 1388 13 21.598
28 1081 57 16.205
29 541 4 90.336
30 1281 39 54.553
31 561 36 60.203
32 216 41 19.283
33 204 36 79.697
34 142 60 17.089
35 1350 45 37.109
36 1274 42 40.862
37 506 56 97.112
38 1128 14 9.424
39 893 5 56.472
40 876 17 88.465
41 1178 23 68.96
42 1060 15 44.88
43 177 49 44.602
44 335 10 93.043
45 235 22 58.043
46 38 3 36.419
47 760 49 41.312
48 339 23 68.81
49 285 5 82.546
50 716 37 66.786
51 129 38 88.26
52 87 25 34.352
53 1439 2 79.746
54 774 51 67.462
55 647 3 53.047
56 934 39 74.634
57 4 6 39.792
58 153 26 95.955
59 1039 12 69.111
60 650 10 37.679
61 1210 55 89.693
62 740 16 47.514
63 695 33 3.661
64 947 26 64.681
65 240 11 19.496
66 264 36 73.89
67 290 48 40.107
68 105 9 39.11
69 998 15 71.66
70 1276 58 15.106
71 922 39 96.395
72 1346 41 89.881
73 1320 1 5.823
74 1402 57 96.229
75 1410 47 40.282
76 1156 9 32.413
77 1344 28 17.998
78 363 35 45.756
79 54 12 86.726
80 1145 59 21.033
81 274 14 61.202
82 975 16 29.84
83 687 46 51.338
84 835 11 46.674
85 775 47 84.06
86 1016 41 31.208
87 564 22 1.542
88 1229 10 89.054
89 371 39 11.158
90 276 46 99.627
91 454 6 18.682
92 323 3 31.897
93 1121 9 64.355
94 558 22 3.775
95 336 42 42.83
96 717 4 19.202
97 618 45 97.341
98 1174 4 98.678
99 395 54 41.988
100 323 5 24.512
