100
1 465 18 11
2 1418 28 55
3 642 56 40
4 916 39 11
5 911 39 70
6 1049 1 19
7 217 34 62
8 1179 34 35
9 1039 56 55
10 1163 51 87
11 118 56 71
12 822 25 12
13 1368 12 61
14 1435 13 5
15 1069 58 20
16 1027 7 72
17 664 35 91
18 499 35 63
19 226 55 68
20 332 24 7
21 685 28 38
22 847 31 25
23 242 31 19
24 1245 4 7
25 68 53 13
26 378 31 60
27 1134 52 74
28 273 15 26
29 1029 22 86
30 877 6 21
31 1129 31 40
32 398 19 46
33 1357 48 56
34 1404 26 51
35 1121 48 43
36 89 4 93
37 643 37 46
38 1060 56 93
39 579 7 87
40 1199 10 51
41 1057 57 76
42 1438 57 62
43 116 39 85
44 1147 56 81
45 1249 11 80
46 768 2 5
47 146 32 65
48 1288 12 47
49 787 25 57
50 1166 46 6
51 1410 42 74
52 1337 13 39
53 207 34 25
54 852 22 8
55 65 53 63
56 832 39 79
57 1370 26 99
58 978 18 50
59 115 8 65
60 774 21 51
61 529 54 32
62 1008 35 99
63 1261 45 62
64 395 29 94
65 1189 21 22
66 212 28 58
67 423 20 52
68 644 35 43
69 284 26 4
70 731 43 46
71 683 57 12
72 1435 29 71
73 1240 17 6
74 881 21 17
75 215 52 11
76 319 26 60
77 159 22 95
78 221 55 24
79 659 18 88
80 981 35 83
81 290 9 48
82 10 42 36
83 1241 37 15
84 1057 47 73
85 1087 50 93
86 208 48 28
87 902 26 10
88 964 55 2
89 363 48 53
90 660 19 35
91 347 26 41
92 913 2 60
93 576 14 58
94 1286 41 67
95 719 20 40
96 1151 48 39
97 17 49 66
98 606 55 34
99 205 46 85
100 854 37 12