100
1 1109 13 6.56
2 1321 8 21.4
3 1136 37 84.775
4 779 26 8.158
5 364 6 61.6
6 468 57 87.283
7 1366 10 44.162
8 1241 20 8.042
9 658 20 93.747
10 347 20 68.841
11 1075 52 70.81
12 1153 40 97.05
13 150 33 81.224
14 995 45 27.386
15 215 33 14.924
16 466 32 30.497
17 1204 31 23.51
18 1270 24 7.695
19 876 35 7.069
20 197 21 96.486
21 1117 30 55.195
22 894 34 50.85
23 642 32 57.541
24 40 24 13.811
25 1232 19 17.452
26 1260 7 32.775
27 231 34 63.636
28 557 31 27.126
29 797 49 57.503
30 1387 38 75.117
31 646 3 68.166
32 1341 17 84.041
33 377 27 58.648
34 1208 40 47.289
35 417 41 88.859
36 298 47 28.422
37 938 9 93.421
38 1299 2 50.29
39 581 30 50.057
40 1086 56 74.042
41 312 1 99.557
42 184 45 64.72
43 750 18 96.885
44 603 31 90.246
45 421 23 88.763
46 574 11 9.972
47 308 49 62.582
48 623 50 77.879
49 685 48 63.095
50 544 13 66.558
51 616 48 60.34
52 98 28 3.443
53 528 9 21.3
54 688 40 5.002
55 793 55 89.531
56 1205 34 19.682
57 1183 29 56.19
58 849 7 13.563
59 1307 27 72.565
60 532 19 91.802
61 203 21 89.184
62 1198 17 36.628
63 520 56 86.728
64 370 28 61.858
65 664 38 24.889
66 33 40 70.228
67 986 44 44.18
68 18 59 7.401
69 977 5 87.061
70 897 21 68.131
71 167 1 88.405
72 966 5 23.289
73 415 48 69.323
74 318 25 88.24
75 853 31 99.372
76 772 35 79.062
77 1188 17 18.966
78 877 50 42.242
79 1269 40 38.529
80 1265 9 14.694
81 198 47 1.296
82 947 60 9.896
83 237 21 20.419
84 184 8 41.473
85 1213 33 29.309
86 1137 15 62.651
87 1131 44 73.736
88 1089 21 17.152
89 981 22 99.322
90 431 45 57.889
91 868 24 3.857
92 1320 13 35.602
93 64 50 12.845
94 449 4 25.653
95 696 48 75.542
96 699 50 55.793
97 788 14 25.07
98 204 24 70.246
99 203 4 42.079
100 1352 21 46.993
