78
1 451 9 64.17
2 1336 38 13.91
3 184 43 39.65
4 889 53 33.27
5 1103 42 17.14
6 1403 8 54.0
7 1133 44 65.62
8 871 37 44.19
9 101 26 37.54
10 399 37 22.19
11 901 34 97.32
12 914 48 58.59
13 741 7 31.59
14 395 37 94.57
15 1104 11 75.54
16 721 54 78.61
17 658 42 42.81
18 88 48 52.89
19 745 45 92.7
20 580 45 33.08
21 442 47 94.37
22 1227 56 45.29
23 1419 18 83.96
24 824 30 80.65
25 1067 11 22.04
26 564 41 97.57
27 344 38 30.53
28 779 51 60.81
29 644 27 64.04
30 728 16 81.38
31 419 1 8.1
32 784 11 70.58
33 1233 15 32.25
34 339 45 37.25
35 589 15 29.72
36 1184 51 7.65
37 235 54 36.64
38 1339 48 24.76
39 84 55 40.54
40 395 54 86.94
41 90 15 38.59
42 873 46 96.4
43 331 8 10.47
44 1005 10 12.22
45 401 59 78.72
46 333 25 10.17
47 62 55 62.86
48 964 34 13.99
49 34 5 29.57
50 210 3 93.21
51 482 18 83.27
52 1409 9 79.96
53 1423 19 75.14
54 721 46 63.91
55 674 41 5.93
56 856 59 52.25
57 1102 60 94.47
58 253 39 45.6
59 610 27 73.72
60 1182 2 21.67
61 786 57 25.2
62 298 49 77.41
63 856 35 86.87
64 303 59 56.32
65 981 16 12.91
66 699 45 97.42
67 869 32 84.73
68 318 8 16.47
69 236 21 63.46
70 947 13 22.23
71 99 8 92.32
72 1232 19 69.49
73 1289 56 2.31
74 1155 22 26.48
75 507 50 45.96
76 905 32 65.88
77 34 1 75.43
78 907 28 32.23
