100
1 603 54 61.685
2 1282 29 36.846
3 1427 24 60.753
4 284 53 2.71
5 26 54 63.386
6 1221 38 67.829
7 1192 38 12.453
8 1201 33 84.337
9 1312 9 46.107
10 1329 6 71.187
11 606 54 71.754
12 1166 60 44.921
13 1323 17 8.91
14 1110 48 62.135
15 324 57 78.475
16 994 23 93.965
17 665 36 6.002
18 1279 48 45.537
19 382 51 16.096
20 587 17 52.386
21 1093 33 62.293
22 1364 24 70.796
23 999 17 56.882
24 650 15 88.743
25 730 16 65.063
26 760 25 55.4
27 888 43 88.235
28 247 8 93.272
29 838 25 90.999
30 290 15 35.51
31 565 39 7.637
32 685 56 51.308
33 862 33 51.109
34 166 41 19.931
35 1415 51 43.035
36 730 4 27.912
37 724 9 46.665
38 313 28 24.937
39 589 11 63.75
40 1292 16 51.241
41 1158 24 74.261
42 160 2 74.75
43 160 1 93.508
44 408 4 21.348
45 48 39 54.162
46 384 9 79.781
47 1315 47 55.434
48 864 48 61.564
49 825 44 22.51
50 248 9 12.0
51 419 13 22.623
52 100 34 5.925
53 154 2 89.461
54 687 49 36.286
55 741 39 56.502
56 1128 19 13.676
57 551 35 47.962
58 310 23 79.074
59 252 1 94.995
60 1278 53 75.633
61 1215 18 76.606
62 132 6 81.846
63 917 29 62.048
64 1315 15 97.425
65 122 36 87.904
66 585 43 1.195
67 643 27 0.29
68 1250 4 31.894
69 1249 4 56.461
70 765 7 49.722
71 247 3 85.287
72 214 42 79.593
73 871 16 33.244
74 647 8 25.603
75 667 53 45.733
76 350 48 51.872
77 1016 17 48.093
78 1326 15 63.468
79 327 23 17.178
80 808 7 75.201
81 467 56 35.788
82 1224 27 46.559
83 689 11 88.261
84 312 35 70.038
85 801 8 73.599
86 52 15 84.326
87 724 1 95.722
88 91 34 31.391
89 8 19 0.136
90 388 60 59.333
91 1361 37 47.7
92 699 3 45.339
93 1364 36 69.021
94 287 57 98.993
95 1396 4 84.618
96 732 1 91.997
97 722 3 44.928
98 131 12 81.174
99 13 33 55.03
100 1274 38 57.982