88
1 228 12 24.363
2 84 1 70.489
3 1272 48 3.424
4 738 40 33.122
5 564 10 69.532
6 387 37 2.753
7 519 54 53.467
8 1154 7 52.133
9 330 20 98.948
10 469 4 21.986
11 1024 6 24.891
12 572 47 34.212
13 405 17 72.363
14 928 27 96.721
15 609 24 27.225
16 663 18 0.101
17 1220 59 19.475
18 284 30 62.320
19 553 56 27.177
20 920 15 99.575
21 997 25 54.288
22 382 46 87.990
23 694 59 9.498
24 1384 51 34.310
25 646 16 86.156
26 1213 23 91.818
27 1287 58 32.379
28 780 38 41.996
29 533 49 4.408
30 816 10 11.870
31 1177 52 16.835
32 907 2 12.752
33 163 12 38.514
34 748 47 66.615
35 1229 11 34.456
36 1419 58 33.204
37 444 45 20.881
38 1226 39 62.992
39 31 10 83.086
40 1299 39 79.180
41 816 38 3.993
42 286 18 35.087
43 848 31 64.807
44 105 1 2.576
45 1292 2 9.061
46 64 57 21.840
47 892 46 5.675
48 308 54 83.107
49 1376 39 8.028
50 133 25 16.886
51 579 23 81.707
52 1275 53 40.823
53 1402 32 65.899
54 1094 13 48.735
55 355 43 40.619
56 387 51 29.771
57 520 26 95.387
58 1303 10 74.528
59 1083 55 33.548
60 691 49 58.831
61 121 22 0.763
62 880 41 95.527
63 681 46 96.519
64 466 10 10.240
65 1052 44 12.882
66 1383 22 27.596
67 556 2 45.895
68 1319 12 51.512
69 511 53 42.453
70 307 26 84.793
71 802 11 77.267
72 471 3 61.594
73 1392 25 3.304
74 1129 10 59.438
75 746 49 82.421
76 617 52 16.779
77 957 36 82.712
78 1121 13 6.619
79 1089 53 23.596
80 1253 39 7.195
81 23 28 60.829
82 433 4 66.555
83 456 19 29.636
84 1423 28 79.569
85 362 44 5.933
86 1232 8 82.956
87 667 52 3.491
88 1328 12 26.951
