99
1 521 15 64.706
2 1057 31 6.016
3 942 34 44.058
4 1326 28 74.637
5 241 36 24.724
6 718 49 75.898
7 1296 42 23.981
8 403 20 55.815
9 545 40 59.279
10 153 36 99.949
11 1007 39 59.341
12 980 54 62.727
13 1408 35 19.575
14 1318 2 34.189
15 912 7 65.108
16 311 16 36.694
17 1373 10 17.73
18 852 58 97.885
19 1252 31 2.188
20 1064 5 79.519
21 1151 1 42.477
22 214 7 70.911
23 1208 58 79.677
24 916 48 88.754
25 730 32 60.781
26 349 55 14.972
27 461 59 65.23
28 1156 25 25.868
29 382 9 6.879
30 308 58 72.549
31 984 49 23.17
32 310 16 48.416
33 1146 19 98.693
34 46 2 76.001
35 1432 34 99.809
36 328 27 85.806
37 1388 59 73.357
38 79 39 63.608
39 451 39 77.331
40 706 25 32.713
41 484 14 89.622
42 1422 44 51.384
43 1329 9 65.8
44 981 19 16.344
45 686 6 46.755
46 959 32 87.29
47 638 51 66.723
48 502 47 8.818
49 388 48 28.581
50 71 4 90.932
51 375 59 18.389
52 618 39 38.977
53 1105 30 44.952
54 1053 58 18.066
55 884 57 27.705
56 1146 19 71.27
57 330 41 20.579
58 217 46 74.036
59 1304 14 18.002
60 1070 52 89.512
61 11 5 10.061
62 826 27 35.98
63 1186 42 84.275
64 468 31 78.013
65 1274 28 35.794
66 879 8 44.224
67 41 38 74.325
68 767 51 44.271
69 967 54 32.928
70 557 37 23.75
71 1005 5 77.879
72 495 50 38.233
73 1317 46 77.47
74 1261 19 35.883
75 599 56 67.249
76 333 32 26.25
77 809 35 57.202
78 191 21 65.432
79 906 4 66.63
80 37 14 25.142
81 36 4 54.796
82 1338 4 11.275
83 1216 8 85.644
84 564 30 8.425
85 1165 40 75.104
86 424 29 33.104
87 860 38 81.377
88 1000 6 77.949
89 139 32 57.968
90 365 39 36.695
91 866 38 45.347
92 1358 55 71.755
93 1168 1 37.248
94 1075 10 22.921
95 7 52 63.849
96 1010 21 21.931
97 710 5 41.484
98 1093 39 49.372
99 690 3 44.538
