84
1 646 57 15
2 113 55 86
3 12 9 21
4 122 7 90
5 1339 23 26
6 60 6 72
7 856 11 68
8 807 9 82
9 890 2 23
10 307 55 29
11 1242 42 58
12 1229 27 93
13 376 31 42
14 69 33 21
15 119 44 37
16 158 44 15
17 210 53 26
18 91 20 56
19 1233 2 70
20 436 1 5
21 765 44 27
22 1136 5 46
23 129 13 57
24 1404 15 82
25 225 14 67
26 74 44 43
27 950 7 8
28 636 38 88
29 624 3 51
30 1394 19 32
31 1140 56 68
32 379 52 26
33 666 54 39
34 315 10 34
35 1018 47 1
36 977 2 17
37 252 52 56
38 1141 20 86
39 1 45 89
40 604 59 40
41 249 51 17
42 177 11 81
43 1235 9 27
44 1047 16 97
45 993 6 65
46 1066 23 19
47 1424 28 71
48 452 29 3
49 1379 30 68
50 988 35 40
51 1029 36 23
52 698 25 46
53 1131 1 55
54 1019 28 64
55 68 1 50
56 73 40 34
57 724 24 14
58 347 56 43
59 891 47 65
60 99 16 32
61 551 17 28
62 635 47 74
63 601 38 95
64 989 37 35
65 673 38 28
66 543 51 28
67 9 56 4
68 763 43 13
69 938 26 40
70 664 58 28
71 288 9 17
72 317 36 24
73 543 30 83
74 890 59 72
75 965 4 90
76 65 59 54
77 826 9 82
78 222 44 97
79 147 15 4
80 668 11 22
81 948 59 43
82 706 8 40
83 382 11 10
84 1365 1 61
