95
1 567 1 7
2 550 29 15
3 303 27 9
4 278 27 51
5 1173 29 57
6 1215 17 80
7 1128 27 51
8 74 7 59
9 1316 41 56
10 836 33 89
11 882 44 43
12 41 42 47
13 766 36 99
14 96 52 96
15 1348 41 19
16 701 14 8
17 1239 11 84
18 1092 47 56
19 1190 6 11
20 741 29 84
21 952 50 84
22 189 53 53
23 352 20 78
24 879 44 10
25 175 33 60
26 1130 39 47
27 127 29 66
28 595 35 45
29 1132 20 23
30 1189 32 25
31 627 24 13
32 157 54 18
33 130 39 90
34 447 51 73
35 522 23 81
36 712 18 20
37 613 41 30
38 638 1 18
39 1160 31 99
40 737 26 98
41 599 59 17
42 475 23 27
43 586 24 70
44 1005 3 81
45 962 42 44
46 726 22 42
47 79 40 35
48 1212 8 6
49 95 6 86
50 129 42 89
51 743 38 59
52 449 56 46
53 714 8 27
54 1401 40 81
55 698 59 59
56 1374 17 33
57 50 23 48
58 193 8 74
59 1364 33 12
60 451 31 59
61 1193 22 20
62 678 11 94
63 1179 36 27
64 1410 14 67
65 465 30 77
66 324 2 60
67 1020 58 45
68 248 49 45
69 588 4 89
70 62 55 35
71 248 48 74
72 589 40 80
73 137 39 36
74 1390 58 45
75 99 51 81
76 780 41 78
77 564 16 28
78 1227 39 66
79 200 49 47
80 368 56 68
81 1343 35 20
82 1333 29 71
83 387 59 59
84 1370 52 90
85 672 51 33
86 299 56 10
87 788 59 17
88 945 7 18
89 820 42 37
90 614 57 52
91 1081 38 65
92 300 10 45
93 588 13 80
94 262 27 62
95 246 16 34
