100
1 1095 48 70.004
2 376 11 5.443
3 683 22 87.495
4 39 59 67.473
5 1301 47 13.360
6 362 7 44.573
7 1440 23 80.662
8 1 60 99.999
9 21 56 0.001
10 8 9 15.546
11 17 16 78.683
12 60 60 62.868
13 39 39 62.868
14 27 27 1.000
15 27 27 1.001
16 60 59 62.868
17 1232 9 56.723
18 539 37 11.292
19 1117 6 16.637
20 1163 57 43.323
21 597 15 27.471
22 889 11 11.949
23 657 10 64.872
24 1183 47 48.013
25 501 27 0.502
26 1027 20 31.943
27 116 27 58.285
28 563 53 67.335
29 348 32 91.053
30 749 37 6.278
31 705 28 40.113
32 606 36 53.867
33 706 10 44.135
34 1395 25 3.533
35 5 33 5.058
36 134 7 45.408
37 1430 30 45.864
38 629 31 44.709
39 1046 54 69.787
40 610 39 90.953
41 222 15 61.911
42 990 39 58.853
43 1195 29 80.758
44 1386 27 85.884
45 1035 54 4.624
46 1315 47 96.237
47 1414 18 67.0
48 204 36 91.957
49 277 21 7.975
50 281 13 9.601
51 1440 54 46.376
52 1071 42 52.245
53 610 40 55.552
54 383 22 62.726
55 904 13 60.977
56 1260 53 65.226
57 102 26 8.903
58 80 16 45.687
59 1094 38 28.249
60 1001 31 50.753
61 380 27 34.153
62 1047 29 44.677
63 687 29 68.963
64 1037 49 40.526
65 1143 58 99.234
66 1038 4 84.728
67 1205 1 32.767
68 464 45 61.03
69 407 12 16.854
70 138 48 93.573
71 317 45 95.113
72 277 35 43.931
73 1404 53 1.606
74 11 11 55.964
75 53 26 22.353
76 36 25 43.686
77 11 2 92.769
78 7 1 63.921
79 43 33 54.135
80 9 4 90.075
81 8 2 44.7
82 48 24 17.587
83 4 4 22.151
84 16 8 94.544
85 20 1 23.981
86 31 6 97.061
87 52 31 64.71
88 19 9 1.019
89 58 54 44.622
90 37 29 68.854
91 6 1 57.679
92 46 31 62.79
93 8 8 64.832
94 47 22 16.147
95 59 38 31.857
96 6 6 22.452
97 34 26 96.258
98 16 7 83.938
99 23 17 44.434
100 37 14 10.642