80
1 728 28 71.93
2 390 44 1.07
3 1202 10 62.73
4 1325 4 82.33
5 173 47 75.0
6 424 56 11.03
7 79 50 71.82
8 1152 60 89.33
9 57 55 48.81
10 1128 33 72.22
11 1189 32 46.89
12 352 59 41.45
13 358 22 27.04
14 450 43 41.84
15 791 23 40.8
16 1433 14 95.48
17 1212 59 97.5
18 643 59 87.41
19 701 38 27.11
20 615 2 86.24
21 206 55 29.14
22 758 54 19.29
23 726 27 79.28
24 800 16 59.32
25 1182 1 60.99
26 1258 21 91.03
27 1305 34 99.93
28 1374 41 85.42
29 373 37 33.35
30 77 2 93.26
31 1389 18 98.56
32 573 2 73.48
33 635 33 66.37
34 843 42 13.52
35 473 44 77.81
36 106 16 92.45
37 36 16 44.33
38 435 3 80.41
39 1143 8 74.37
40 801 56 9.53
41 734 2 91.4
42 755 36 26.2
43 609 15 5.01
44 416 45 10.21
45 1144 36 54.5
46 447 8 82.85
47 169 28 1.86
48 1250 37 19.63
49 435 28 13.34
50 161 37 81.69
51 1093 46 95.97
52 802 4 71.2
53 236 54 53.79
54 1331 39 66.88
55 311 32 45.06
56 1127 39 28.3
57 402 4 25.41
58 598 46 84.01
59 1120 30 95.46
60 1252 5 57.76
61 304 10 5.96
62 1437 8 68.06
63 981 59 64.01
64 123 44 89.25
65 571 50 54.3
66 1303 30 85.99
67 1100 36 58.71
68 278 8 60.31
69 1077 44 96.42
70 361 18 43.71
71 322 2 76.4
72 523 17 76.38
73 307 4 8.64
74 245 18 42.15
75 972 5 44.11
76 1082 28 63.95
77 1011 14 36.41
78 264 50 25.17
79 1308 2 23.63
80 181 56 77.99