88
1 703 19 31.628
2 1083 20 22.036
3 46 5 92.837
4 1041 51 23.01
5 876 21 75.891
6 521 20 6.56
7 705 40 42.102
8 982 3 36.606
9 796 11 12.337
10 1065 29 36.55
11 56 26 35.559
12 1401 22 50.067
13 682 57 53.771
14 1061 6 43.323
15 75 54 10.017
16 130 4 79.67
17 669 55 2.789
18 1327 18 22.154
19 159 15 69.348
20 767 31 68.339
21 1238 56 32.87
22 206 38 80.956
23 474 13 80.168
24 1342 17 25.538
25 261 21 80.229
26 1143 49 35.492
27 874 13 74.694
28 377 38 25.104
29 1225 27 23.709
30 861 43 63.211
31 422 45 1.653
32 1204 38 79.97
33 1285 55 69.098
34 426 17 86.428
35 779 54 88.215
36 260 2 85.167
37 1145 33 51.82
38 312 28 31.753
39 840 36 34.504
40 1213 37 41.929
41 1203 58 39.809
42 1265 38 43.381
43 345 14 47.06
44 1439 45 76.774
45 67 40 39.696
46 83 17 13.198
47 394 27 41.872
48 84 18 2.866
49 584 37 88.67
50 1421 41 95.819
51 1416 54 84.747
52 739 44 57.091
53 166 58 0.707
54 1042 26 82.088
55 589 43 18.376
56 323 36 92.121
57 536 50 9.101
58 68 9 66.073
59 748 55 7.17
60 868 22 12.373
61 210 27 77.732
62 743 60 84.052
63 1409 12 10.97
64 1300 22 79.377
65 849 54 1.568
66 466 34 99.678
67 1191 10 46.063
68 1295 42 17.768
69 228 21 7.924
70 206 50 23.094
71 101 34 2.545
72 862 31 50.356
73 809 58 94.332
74 868 40 43.353
75 829 58 62.751
76 53 1 87.919
77 719 8 32.458
78 768 6 84.047
79 429 11 25.202
80 1243 60 45.117
81 565 17 41.469
82 1255 44 87.302
83 866 12 79.437
84 914 2 34.97
85 611 42 1.369
86 930 50 91.796
87 1389 37 38.161
88 427 27 42.691
