80
1 60 60 20
2 120 20 17
3 180 60 85
4 240 39 33
5 300 60 2
6 360 60 10
7 420 60 70
8 480 60 34
9 540 60 25
10 600 60 81
11 660 60 19
12 720 1 4
13 780 9 75
14 840 60 66
15 900 10 89
16 960 60 11
17 1020 54 21
18 1080 60 85
19 1140 32 9
20 1200 60 12
21 1260 60 99
22 1320 12 8
23 1380 60 5
24 1440 60 42
25 1200 60 9
26 560 22 10
27 1360 54 87
28 430 23 54
29 980 60 88
30 1110 40 32
31 990 60 12
32 540 10 8
33 230 60 76
34 900 60 55
35 650 23 36
36 1000 60 75
37 400 60 80
38 700 34 10
39 140 50 23
40 540 6 50
41 100 60 1
42 100 60 1
43 100 60 1
44 100 60 1
45 100 60 1
46 100 60 1
47 100 60 1
48 100 60 1
49 100 60 1
50 100 60 1
51 100 60 1
52 100 60 1
53 100 60 1
54 100 60 1
55 100 60 1
56 100 60 1
57 100 60 1
58 100 60 1
59 100 60 1
60 100 60 1
61 100 60 1
62 100 60 1
63 100 60 1
64 100 60 1
65 100 60 1
66 100 60 1
67 100 60 1
68 100 60 1
69 100 60 1
70 100 60 1
71 100 60 1
72 100 60 1
73 100 60 1
74 100 60 1
75 100 60 1
76 100 60 1
77 100 60 1
78 100 60 1
79 100 60 1
80 100 60 1
