100
1 801 20 24
2 1238 22 22
3 568 39 32
4 140 29 26
5 461 29 23
6 502 30 27
7 1332 15 21
8 20 34 24
9 711 26 26
10 276 38 32
11 385 25 22
12 419 22 17
13 219 13 10
14 936 28 26
15 730 27 26
16 337 31 28
17 569 21 17
18 1034 32 27
19 976 33 27
20 61 33 27
21 935 11 9
22 282 32 27
23 1346 17 14
24 1074 21 21
25 1188 34 25
26 679 11 6
27 604 42 33
28 860 26 23
29 363 29 23
30 1328 22 22
31 496 22 14
32 1308 35 28
33 1235 30 25
34 1284 31 24
35 892 34 27
36 1383 24 22
37 970 31 28
38 919 32 28
39 139 37 32
40 773 29 25
41 106 38 30
42 198 40 31
43 1357 25 21
44 616 21 20
45 770 23 16
46 1136 30 22
47 641 33 25
48 345 22 23
49 836 27 26
50 1402 25 27
51 308 30 29
52 232 47 35
53 810 27 25
54 1175 24 24
55 752 21 18
56 286 25 20
57 178 28 24
58 339 32 29
59 425 40 34
60 541 12 14
61 1208 11 14
62 1437 45 32
63 184 25 24
64 1180 27 24
65 1330 19 21
66 604 35 28
67 956 25 24
68 1127 30 22
69 1223 13 15
70 97 44 32
71 1015 35 25
72 1413 22 20
73 1346 20 23
74 960 18 21
75 650 25 25
76 460 31 25
77 385 25 27
78 1013 32 23
79 274 40 31
80 298 21 22
81 1127 22 16
82 428 26 25
83 303 28 27
84 779 51 35
85 108 30 22
86 201 35 29
87 1208 20 20
88 886 29 26
89 1041 19 18
90 452 14 20
91 678 59 40
92 125 37 22
93 44 40 31
94 1066 18 17
95 25 21 15
96 1047 34 27
97 176 33 27
98 625 22 28
99 204 35 27
100 159 31 27
