100
1 1291 53 14
2 1061 58 80
3 896 49 51
4 545 47 54
5 922 27 51
6 577 4 11
7 854 47 68
8 608 33 28
9 1140 34 23
10 977 46 56
11 96 26 78
12 144 58 48
13 27 28 92
14 1396 43 38
15 130 32 91
16 20 10 88
17 959 26 16
18 380 13 9
19 1053 49 60
20 506 3 28
21 171 58 87
22 565 8 33
23 763 15 66
24 1357 26 61
25 259 25 24
26 1214 59 16
27 723 34 97
28 816 44 30
29 635 42 90
30 275 9 38
31 732 8 6
32 1401 17 43
33 229 57 57
34 725 2 95
35 987 10 36
36 1076 19 8
37 140 35 56
38 1105 55 60
39 455 42 77
40 421 4 41
41 93 50 4
42 146 15 83
43 19 11 64
44 406 40 94
45 751 50 71
46 98 44 24
47 1423 8 76
48 1206 46 6
49 1028 28 89
50 377 58 58
51 1242 5 27
52 1050 42 41
53 233 29 79
54 340 50 32
55 1268 46 7
56 450 59 52
57 729 1 9
58 906 35 40
59 1318 48 82
60 875 12 70
61 631 47 73
62 890 11 78
63 555 5 43
64 909 41 16
65 965 33 51
66 57 36 90
67 20 35 97
68 175 1 85
69 1325 35 78
70 101 17 7
71 1124 33 30
72 1020 56 12
73 966 34 29
74 694 16 83
75 384 46 99
76 763 27 5
77 885 35 40
78 60 44 90
79 263 19 70
80 805 31 51
81 1350 49 58
82 897 35 18
83 1339 31 3
84 218 10 28
85 453 7 25
86 627 31 55
87 1023 10 49
88 238 58 14
89 789 45 62
90 700 7 89
91 1171 38 89
92 1085 15 17
93 102 45 65
94 902 39 86
95 175 23 20
96 1410 54 7
97 1231 50 61
98 963 48 37
99 592 33 95
100 747 3 49
