77
1 1133 32 91
2 982 20 29
3 953 21 7
4 757 33 10
5 454 25 55
6 1082 38 54
7 1139 29 14
8 152 14 43
9 282 5 61
10 652 18 54
11 1077 39 23
12 204 2 15
13 236 51 64
14 483 57 99
15 28 36 88
16 420 47 30
17 855 45 24
18 301 60 94
19 970 38 53
20 135 57 84
21 526 31 59
22 119 53 65
23 162 15 88
24 840 24 50
25 863 42 69
26 1177 49 22
27 192 6 84
28 756 21 55
29 113 22 90
30 751 51 95
31 1243 35 97
32 617 57 62
33 1223 27 74
34 509 30 5
35 1342 55 58
36 1031 43 33
37 155 52 84
38 849 30 35
39 1364 7 74
40 644 28 15
41 1042 23 67
42 319 57 5
43 966 10 92
44 422 41 45
45 153 58 18
46 835 43 58
47 1126 1 14
48 1256 58 34
49 197 49 26
50 1263 22 84
51 194 37 22
52 810 41 25
53 898 44 54
54 1412 52 74
55 241 34 43
56 156 32 37
57 135 22 35
58 583 32 11
59 38 5 82
60 832 8 4
61 947 16 25
62 1123 34 97
63 827 32 24
64 42 48 74
65 928 26 60
66 564 6 68
67 938 46 27
68 1050 9 98
69 980 52 10
70 518 13 1
71 1094 15 19
72 32 34 89
73 941 30 96
74 315 15 76
75 897 58 82
76 950 12 82
77 169 22 89
