100
1 31 19 58.429
2 225 14 76.009
3 132 13 43.155
4 1234 26 32.716
5 918 1 70.328
6 1276 20 52.053
7 387 53 69.358
8 443 45 33.647
9 1312 10 28.623
10 1119 24 59.609
11 841 10 37.892
12 811 32 4.978
13 133 49 4.876
14 892 31 13.005
15 44 30 40.486
16 825 56 95.522
17 351 54 69.364
18 1023 13 11.863
19 1155 13 82.063
20 254 32 61.384
21 312 49 44.624
22 1010 9 45.332
23 130 2 17.929
24 651 55 34.948
25 873 38 60.668
26 922 6 72.101
27 821 34 24.653
28 922 46 60.457
29 1227 8 1.271
30 246 60 93.714
31 1073 15 51.999
32 246 31 37.574
33 75 8 50.32
34 470 24 28.693
35 106 42 82.921
36 1224 39 74.2
37 391 7 53.888
38 706 49 54.867
39 1398 30 75.514
40 930 23 24.12
41 714 19 8.264
42 912 12 98.09
43 789 47 0.43
44 335 32 34.52
45 249 26 73.18
46 441 23 59.9
47 316 6 16.105
48 245 17 5.566
49 300 16 36.478
50 1331 43 40.328
51 1018 49 49.759
52 1403 35 26.137
53 778 7 53.408
54 1164 1 87.853
55 448 9 43.203
56 978 6 64.422
57 242 17 52.569
58 317 37 13.56
59 9 41 93.497
60 1026 10 7.583
61 219 38 49.785
62 1283 29 19.943
63 1409 34 15.196
64 752 41 97.877
65 900 10 47.112
66 71 37 10.185
67 464 17 43.258
68 878 55 48.827
69 1050 35 44.303
70 1306 23 96.593
71 295 29 72.596
72 1377 30 81.269
73 450 20 60.502
74 542 47 73.842
75 384 33 60.732
76 970 36 16.076
77 59 46 40.264
78 1334 34 53.118
79 1242 43 1.604
80 942 58 15.62
81 194 5 34.701
82 508 36 50.154
83 809 33 17.69
84 516 31 4.748
85 798 18 50.812
86 630 60 69.49
87 962 59 60.902
88 1153 21 16.73
89 944 60 47.869
90 1252 31 54.699
91 969 25 7.064
92 539 60 22.941
93 956 48 39.117
94 1431 59 50.318
95 829 25 70.8
96 1187 3 44.263
97 630 28 16.18
98 506 15 33.726
99 1293 34 27.08
100 1139 48 92.319