92
1 200 10 84
2 1303 33 53
3 71 4 14
4 1066 27 73
5 348 38 54
6 1275 9 29
7 510 45 8
8 622 28 73
9 1373 60 20
10 1006 28 52
11 1339 55 26
12 685 18 59
13 536 28 73
14 1297 26 29
15 287 21 92
16 1367 14 16
17 551 7 66
18 659 48 89
19 583 5 50
20 303 5 20
21 898 19 14
22 704 6 47
23 1177 11 4
24 1407 41 8
25 75 26 85
26 518 44 13
27 54 52 86
28 670 48 72
29 244 51 37
30 5 46 73
31 394 33 59
32 1055 22 5
33 604 2 17
34 628 44 85
35 249 37 38
36 413 25 76
37 1034 13 84
38 978 49 65
39 1062 12 51
40 321 23 58
41 1362 19 3
42 278 33 26
43 1396 1 33
44 1299 48 61
45 245 2 53
46 997 42 33
47 491 30 70
48 375 47 22
49 445 17 62
50 57 37 88
51 199 48 21
52 729 3 31
53 15 32 69
54 1129 28 4
55 743 54 52
56 143 14 55
57 1159 25 2
58 205 41 41
59 245 24 29
60 196 60 13
61 67 43 47
62 1433 29 60
63 1049 28 12
64 811 17 3
65 831 7 39
66 1387 33 52
67 720 40 45
68 322 30 4
69 436 1 11
70 451 47 73
71 326 40 41
72 1064 47 72
73 226 7 70
74 131 59 49
75 354 22 21
76 1269 44 76
77 652 4 72
78 274 6 1
79 861 17 77
80 456 37 93
81 725 42 25
82 703 35 87
83 1225 16 18
84 1430 9 69
85 1236 32 80
86 742 42 39
87 1319 7 88
88 232 21 73
89 404 11 42
90 706 53 55
91 171 14 68
92 285 54 22
