100
1 1 56 66
2 1 51 54
3 1 12 99
4 1 12 96
5 1 4 33
6 1 42 78
7 1 2 11
8 1 36 43
9 1 8 25
10 1 53 70
11 1 1 96
12 1 11 91
13 1 36 71
14 1 35 93
15 1 24 58
16 1 23 67
17 1 17 54
18 1 28 32
19 1 45 15
20 1 27 94
21 1 30 60
22 1 12 66
23 1 47 86
24 1 21 53
25 1 46 68
26 1 25 81
27 1 58 1
28 1 50 73
29 1 38 46
30 1 33 56
31 1 43 57
32 1 26 57
33 1 1 55
34 1 6 7
35 1 33 89
36 1 50 16
37 1 30 67
38 1 13 23
39 1 41 97
40 1 18 8
41 1 20 29
42 1 22 8
43 1 43 81
44 1 21 60
45 1 7 18
46 1 31 79
47 1 41 36
48 1 54 46
49 1 16 11
50 1 22 27
51 1 7 73
52 1 11 69
53 1 36 98
54 1 45 7
55 1 34 21
56 1 38 9
57 1 17 65
58 1 49 18
59 1 13 1
60 1 30 32
61 1 48 11
62 1 49 36
63 1 15 18
64 1 4 65
65 1 29 24
66 1 50 17
67 1 37 4
68 1 4 20
69 1 25 6
70 1 39 92
71 1 49 99
72 1 40 74
73 1 46 66
74 1 40 12
75 1 27 61
76 1 15 56
77 1 50 19
78 1 15 59
79 1 29 20
80 1 57 50
81 1 47 43
82 1 18 45
83 1 9 63
84 1 21 27
85 1 13 21
86 1 57 10
87 1 44 6
88 1 21 61
89 1 5 15
90 1 3 11
91 1 5 32
92 1 57 13
93 1 31 3
94 1 54 20
95 1 41 74
96 1 28 99
97 1 22 42
98 1 10 82
99 1 27 77
100 1 42 64
