87
1 646 40 88.415
2 1139 10 93.28
3 36 52 84.064
4 101 40 13.548
5 519 30 15.582
6 877 19 59.701
7 1086 56 21.993
8 924 31 98.017
9 90 1 57.806
10 180 3 89.91
11 400 14 61.162
12 288 17 15.257
13 1403 31 63.936
14 378 8 92.148
15 1315 40 32.432
16 886 34 2.094
17 265 19 20.66
18 208 4 80.902
19 339 1 13.751
20 342 19 51.136
21 1388 53 11.63
22 263 29 30.138
23 80 19 52.574
24 722 8 91.193
25 1302 5 27.989
26 9 15 41.41
27 1277 4 73.085
28 978 42 19.083
29 977 8 22.82
30 526 28 55.263
31 376 50 19.865
32 1178 31 28.875
33 280 29 86.078
34 328 32 87.634
35 1166 42 17.578
36 232 14 22.727
37 360 22 58.453
38 974 17 55.6
39 488 42 60.554
40 870 35 31.276
41 1183 29 32.235
42 721 48 30.382
43 524 7 42.866
44 215 43 57.771
45 1361 50 72.852
46 1340 10 83.506
47 345 6 78.913
48 606 27 38.629
49 289 58 96.237
50 1409 9 83.899
51 1269 45 62.74
52 692 43 77.284
53 1259 22 53.492
54 363 14 23.988
55 556 48 76.729
56 1111 43 22.936
57 1103 33 7.037
58 527 41 45.802
59 1138 45 80.125
60 753 3 97.003
61 1013 31 62.175
62 826 7 78.51
63 706 16 94.79
64 229 32 15.965
65 438 32 13.512
66 1096 13 93.031
67 295 12 16.846
68 163 56 45.249
69 1011 5 98.633
70 324 11 82.138
71 772 28 92.575
72 41 23 61.285
73 886 35 54.015
74 480 53 55.848
75 98 5 31.166
76 409 54 72.563
77 40 18 8.164
78 184 6 4.563
79 550 31 8.772
80 1094 15 40.355
81 1272 26 6.746
82 264 33 93.534
83 1255 21 76.275
84 739 44 13.962
85 1 28 29.356
86 355 36 13.701
87 804 51 18.382
