100
1 1079 12 80.907
2 440 21 86.033
3 1034 57 28.133
4 1377 25 25.004
5 107 53 9.38
6 1284 17 8.171
7 259 36 90.802
8 761 48 10.1
9 1100 45 60.76
10 684 23 70.711
11 178 7 47.474
12 845 15 55.67
13 958 56 43.234
14 273 30 33.545
15 832 51 53.092
16 114 19 39.114
17 128 25 70.723
18 1215 42 33.196
19 242 20 45.772
20 438 49 19.352
21 865 41 19.093
22 776 54 3.2
23 938 10 25.71
24 690 30 92.719
25 1316 53 96.73
26 762 13 39.106
27 1415 8 65.158
28 922 48 33.002
29 629 1 88.331
30 542 17 44.191
31 157 57 60.757
32 348 40 37.34
33 1322 2 87.182
34 1064 31 53.272
35 1135 51 78.519
36 719 16 8.465
37 323 15 72.036
38 1293 28 31.136
39 20 1 80.942
40 1371 15 50.312
41 668 34 3.162
42 582 35 89.861
43 1152 42 42.723
44 157 41 71.883
45 1309 25 26.544
46 934 25 13.453
47 906 52 83.315
48 303 51 49.015
49 1252 52 88.867
50 733 10 85.951
51 1293 21 84.568
52 556 47 22.822
53 1281 31 57.858
54 626 8 82.784
55 702 34 42.017
56 359 42 62.138
57 623 30 66.56
58 251 51 76.599
59 791 39 40.164
60 834 4 45.019
61 847 44 51.528
62 721 32 78.595
63 642 58 74.263
64 1012 29 57.371
65 785 56 30.275
66 823 5 1.744
67 80 22 39.293
68 662 51 86.034
69 209 44 80.607
70 1335 1 35.144
71 1398 25 84.982
72 1301 44 11.711
73 1008 14 87.878
74 511 43 75.176
75 1076 56 33.616
76 730 14 89.763
77 655 35 27.389
78 980 51 97.345
79 875 51 29.025
80 851 28 85.121
81 37 27 95.772
82 596 21 52.845
83 281 36 11.213
84 750 57 85.63
85 817 54 93.336
86 765 19 65.444
87 1214 40 36.545
88 886 5 51.494
89 384 44 62.246
90 1345 58 54.372
91 704 50 10.507
92 906 39 13.704
93 1233 2 92.621
94 763 9 88.017
95 376 15 35.304
96 860 28 82.565
97 15 5 10.000
98 5 10 9.000
99 6 1 4.000
100 5 5 1.000