92
1 1143 21 33
2 1366 20 93
3 208 1 34
4 301 16 10
5 869 57 3
6 866 37 96
7 284 17 17
8 860 12 30
9 1183 5 18
10 601 34 88
11 928 24 12
12 705 33 28
13 1189 58 9
14 1251 6 60
15 462 41 11
16 603 21 93
17 516 16 45
18 1301 36 8
19 32 51 84
20 540 14 8
21 939 57 71
22 1417 25 87
23 499 58 30
24 883 48 63
25 539 41 35
26 1169 6 2
27 1082 39 71
28 858 55 45
29 1078 59 61
30 1011 6 77
31 1030 8 98
32 122 3 1
33 1395 48 12
34 619 31 15
35 1038 4 19
36 1277 45 84
37 1377 12 57
38 569 7 4
39 747 18 47
40 1436 8 33
41 707 12 7
42 69 4 39
43 60 9 90
44 484 57 93
45 561 11 86
46 1074 34 10
47 1040 15 66
48 56 30 46
49 428 46 15
50 1152 54 15
51 7 39 73
52 218 53 29
53 704 57 91
54 1109 29 93
55 1128 59 47
56 171 5 21
57 1174 20 74
58 1099 5 7
59 27 20 5
60 631 38 96
61 774 37 54
62 1144 40 37
63 1168 32 43
64 908 52 27
65 792 31 2
66 222 29 9
67 159 60 60
68 888 44 89
69 897 38 21
70 1170 58 36
71 266 36 1
72 1152 48 54
73 373 28 95
74 737 38 58
75 924 7 21
76 162 41 44
77 566 25 71
78 1236 39 57
79 878 35 99
80 676 54 91
81 1435 44 64
82 89 7 15
83 3 52 26
84 1237 45 10
85 1330 48 10
86 1275 7 32
87 845 16 91
88 1008 51 13
89 1050 19 69
90 510 51 49
91 109 3 9
92 573 46 51
