90
1 2 1 99.786
2 3 1 98.524
3 4 1 97.404
4 5 1 96.338
5 6 1 95.123
6 7 1 94
7 8 1 93
8 9 1 92
9 10 1 91
10 11 1 90
11 12 1 89
12 13 1 88
13 14 1 87
14 15 1 86
15 16 1 85
16 17 1 84
17 18 1 83
18 19 1 82
19 20 1 81
20 21 1 80
21 22 1 79
22 23 1 78
23 24 1 77
24 25 1 76
25 26 1 75
26 27 1 74
27 28 1 73
28 29 1 72
29 30 1 71
30 31 1 70
31 32 1 69
32 33 1 68
33 34 1 67
34 35 1 66
35 36 1 65
36 37 1 64
37 38 1 63
38 39 1 62
39 40 1 61
40 41 1 60
41 42 1 59
42 43 1 58
43 44 1 57
44 45 1 56
45 46 1 55
46 47 1 54
47 48 1 53
48 49 1 52
49 50 1 51
50 51 1 50
51 52 1 49
52 53 1 48
53 54 1 47
54 55 1 46
55 56 1 45
56 57 1 44
57 58 1 43
58 59 1 42
59 60 1 41
60 61 1 40
61 62 1 39
62 63 1 38
63 64 1 37
64 65 1 36
65 66 1 35
66 67 1 34
67 68 1 33
68 69 1 32
69 70 1 31
70 71 1 30
71 72 1 29
72 73 1 28
73 74 1 27
74 75 1 26
75 76 1 25
76 77 1 24
77 78 1 23
78 79 1 22
79 80 1 21
80 81 1 20
81 82 1 19
82 83 1 18
83 84 1 17
84 85 1 16
85 86 1 15
86 87 1 14
87 88 1 13
88 89 1 12
89 90 1 11
90 91 1 10
