80
1 597 32 35
2 668 18 33
3 635 12 30
4 251 41 61
5 829 12 63
6 663 19 83
7 1073 24 64
8 108 52 49
9 1013 18 28
10 871 46 50
11 1109 9 61
12 1415 41 5
13 1277 18 34
14 600 39 4
15 1196 19 37
16 1042 27 4
17 34 30 42
18 1026 59 38
19 846 14 4
20 1392 1 96
21 262 41 29
22 645 12 55
23 990 39 23
24 726 21 67
25 135 5 21
26 821 55 86
27 179 47 95
28 1115 44 56
29 1418 1 20
30 1056 49 51
31 839 52 30
32 1281 10 30
33 616 51 32
34 1082 6 16
35 665 7 93
36 825 8 31
37 718 34 24
38 403 32 68
39 146 53 90
40 735 52 30
41 68 58 12
42 391 52 27
43 214 7 73
44 910 19 20
45 569 33 88
46 670 5 21
47 360 48 93
48 1270 14 90
49 386 6 35
50 1153 49 74
51 693 13 76
52 193 45 45
53 670 35 67
54 1100 35 53
55 146 35 3
56 70 32 81
57 883 6 64
58 475 16 86
59 1165 43 51
60 865 24 81
61 341 26 45
62 43 24 92
63 166 24 82
64 638 6 27
65 1286 57 14
66 610 57 85
67 706 59 8
68 728 27 73
69 371 15 86
70 578 24 46
71 1284 7 59
72 951 25 61
73 1001 17 20
74 604 16 27
75 1098 6 73
76 450 36 7
77 1072 60 55
78 397 8 30
79 337 24 98
80 562 39 38
