98
1 675 12 73
2 590 2 96
3 409 28 37
4 50 54 75
5 904 25 4
6 820 8 54
7 329 43 80
8 580 33 41
9 214 31 53
10 526 12 6
11 204 49 51
12 61 48 35
13 344 30 57
14 611 14 60
15 1400 44 60
16 910 18 27
17 1009 59 22
18 807 44 91
19 852 36 13
20 629 51 93
21 653 47 7
22 45 12 7
23 576 40 7
24 10 41 23
25 84 45 69
26 427 52 70
27 748 48 69
28 167 5 13
29 1180 10 66
30 173 47 20
31 163 8 80
32 523 3 21
33 1197 51 32
34 1222 59 90
35 1167 23 3
36 94 60 91
37 568 21 76
38 398 20 62
39 60 14 15
40 1192 25 61
41 268 17 74
42 500 10 94
43 160 32 20
44 283 58 1
45 1102 2 18
46 731 39 60
47 98 29 27
48 693 49 57
49 674 18 23
50 1283 45 78
51 86 55 3
52 763 31 41
53 1329 29 22
54 1369 48 28
55 1435 28 7
56 1032 40 70
57 1410 46 69
58 438 23 14
59 482 40 89
60 35 18 76
61 914 40 44
62 487 32 49
63 938 13 16
64 662 45 42
65 743 15 15
66 760 60 81
67 193 28 79
68 1173 15 71
69 232 23 65
70 842 37 77
71 1301 23 26
72 434 15 50
73 981 26 65
74 534 39 57
75 1322 16 48
76 797 2 51
77 1235 21 25
78 187 31 88
79 13 14 34
80 1272 45 35
81 1389 16 71
82 446 35 39
83 980 20 12
84 383 11 14
85 205 15 18
86 1091 37 43
87 523 5 34
88 740 29 32
89 636 16 68
90 1152 38 46
91 839 13 46
92 610 22 94
93 405 39 76
94 1298 37 30
95 1383 45 2
96 710 46 61
97 488 5 68
98 540 3 93
