100
1 1258 37 73.11
2 244 55 81.919
3 125 49 55.961
4 248 44 73.2
5 72 20 53.31
6 562 19 47.228
7 67 7 21.622
8 245 3 41.802
9 203 8 47.656
10 470 16 32.677
11 269 52 55.948
12 611 8 65.361
13 701 37 75.722
14 169 35 70.74
15 781 30 38.597
16 191 49 79.368
17 76 5 14.828
18 9 36 69.478
19 22 17 77.32
20 517 11 31.072
21 1289 46 76.916
22 537 13 41.751
23 63 60 94.425
24 1116 40 56.78
25 32 44 66.624
26 106 29 68.151
27 39 50 54.809
28 395 1 24.484
29 218 24 45.219
30 154 10 72.08
31 724 48 26.839
32 315 58 97.469
33 108 55 67.744
34 152 2 70.662
35 448 19 78.284
36 8 51 66.047
37 476 1 51.944
38 1440 4 23.949
39 410 23 16.518
40 170 39 60.297
41 165 18 46.481
42 293 52 44.324
43 886 46 50.575
44 483 20 10.043
45 250 45 51.033
46 589 45 83.548
47 9 42 47.449
48 749 9 69.137
49 595 4 22.531
50 1440 48 23.983
51 1136 53 87.012
52 999 48 52.284
53 80 59 88.739
54 295 8 38.887
55 348 32 67.256
56 902 21 61.944
57 306 19 63.869
58 194 29 41.104
59 564 15 66.513
60 971 31 70.951
61 417 30 72.358
62 59 49 63.512
63 6 50 29.832
64 125 4 36.539
65 231 10 52.009
66 281 39 31.375
67 63 51 71.324
68 127 42 63.829
69 217 9 9.148
70 167 2 20.246
71 1053 37 20.756
72 609 15 32.23
73 11 46 65.217
74 115 32 41.751
75 183 19 52.331
76 329 12 29.72
77 252 31 80.906
78 55 42 32.153
79 401 6 10.234
80 157 56 81.639
81 752 31 16.791
82 206 5 63.531
83 117 18 63.277
84 542 39 55.782
85 626 37 86.155
86 525 49 67.095
87 213 23 53.606
88 807 22 32.985
89 494 55 47.124
90 51 7 12.38
91 313 40 86.615
92 34 15 12.913
93 265 59 38.63
94 72 8 54.859
95 1440 55 67.992
96 76 46 63.075
97 99 35 79.713
98 158 42 72.498
99 136 50 93.585
100 113 34 30.867