82
1 602 50 19.521
2 1102 27 79.42
3 236 33 17.154
4 882 43 61.056
5 624 44 83.346
6 183 29 58.227
7 909 22 29.578
8 510 45 97.81
9 464 53 36.291
10 668 59 49.086
11 871 36 79.658
12 377 57 33.159
13 726 47 33.881
14 677 53 80.824
15 55 47 47.315
16 780 33 79.836
17 1157 27 31.892
18 326 56 83.598
19 754 48 96.941
20 1312 54 73.048
21 48 37 8.429
22 754 55 91.611
23 512 60 33.604
24 320 55 71.53
25 920 36 55.447
26 800 54 53.244
27 428 60 36.365
28 949 23 44.341
29 653 55 31.811
30 283 55 70.078
31 808 46 37.968
32 614 40 33.594
33 301 44 80.088
34 513 34 26.897
35 1435 25 54.39
36 234 22 29.25
37 882 48 40.301
38 520 34 77.537
39 311 42 21.83
40 822 59 57.184
41 625 35 74.913
42 139 46 42.502
43 596 24 12.618
44 1404 52 44.989
45 302 36 56.481
46 657 22 41.812
47 803 36 47.482
48 415 40 36.05
49 801 35 73.367
50 625 21 31.944
51 261 37 56.039
52 926 26 44.535
53 1374 21 8.534
54 245 32 61.102
55 883 48 57.262
56 670 44 37.794
57 213 49 43.163
58 662 23 42.745
59 1123 47 86.299
60 477 43 88.317
61 728 55 32.061
62 1361 34 31.489
63 328 41 80.938
64 949 51 96.319
65 705 25 22.069
66 194 44 77.385
67 523 36 72.021
68 1160 35 56.543
69 217 30 66.17
70 941 58 84.266
71 1413 45 70.493
72 373 25 28.332
73 733 37 19.057
74 1366 58 66.204
75 364 58 35.344
76 655 57 61.959
77 513 25 42.003
78 254 35 75.909
79 758 54 75.987
80 492 41 55.942
81 332 24 30.237
82 593 51 54.041
