100
1 360 45 21.716
2 301 47 63.994
3 637 57 44.349
4 806 27 38.333
5 749 32 23.367
6 1 40 12.244
7 356 31 0.902
8 319 3 43.49
9 1421 46 94.171
10 65 10 24.636
11 97 48 70.776
12 84 12 11.926
13 19 60 15.247
14 7 22 59.236
15 275 33 75.405
16 1332 56 5.85
17 84 18 13.466
18 583 34 45.817
19 836 51 70.741
20 670 45 23.202
21 391 4 63.722
22 586 23 77.128
23 949 21 56.032
24 1263 27 50.112
25 410 41 90.096
26 860 53 3.542
27 45 29 88.796
28 1423 26 56.175
29 396 32 43.35
30 1438 18 99.256
31 735 21 88.767
32 600 21 66.373
33 253 21 44.812
34 1072 38 30.55
35 1143 34 73.98
36 380 31 85.411
37 377 15 83.205
38 676 35 75.784
39 1428 60 33.679
40 777 40 47.123
41 973 53 59.138
42 1212 43 23.599
43 212 33 43.688
44 633 24 89.243
45 651 47 80.363
46 577 35 34.128
47 393 32 65.931
48 309 59 52.122
49 404 26 61.598
50 735 50 82.684
51 754 11 49.099
52 454 53 35.95
53 734 33 36.31
54 1385 37 22.785
55 601 50 96.164
56 1274 21 38.392
57 202 11 3.196
58 76 49 60.327
59 648 48 80.959
60 271 20 0.39
61 128 22 44.255
62 1042 9 33.838
63 169 21 54.166
64 400 16 41.023
65 393 38 70.563
66 1150 7 56.079
67 653 21 31.488
68 1037 12 46.184
69 816 48 6.313
70 215 50 37.593
71 809 3 49.67
72 908 47 58.872
73 598 33 60.524
74 10 35 27.367
75 1204 42 30.158
76 1104 46 88.86
77 40 6 55.293
78 964 8 97.975
79 178 8 36.517
80 1254 40 88.819
81 555 17 52.791
82 767 51 45.016
83 193 3 51.994
84 243 29 76.1
85 530 13 86.931
86 496 24 43.519
87 1351 19 27.943
88 408 50 12.079
89 1239 12 58.035
90 806 23 82.14
91 164 40 1.089
92 151 6 8.891
93 1128 17 76.3
94 985 42 42.423
95 687 1 3.243
96 356 38 24.154
97 1382 25 72.886
98 1284 12 23.637
99 1112 1 71.795
100 30 47 32.056
