100
1 974 22 46.882
2 646 8 48.394
3 1193 21 73.284
4 619 21 55.547
5 776 7 88.714
6 1352 18 87.129
7 751 24 12.071
8 488 40 73.308
9 1282 19 13.598
10 469 56 51.831
11 297 50 80.191
12 1302 36 70.501
13 1384 24 45.389
14 732 15 73.187
15 1392 30 77.696
16 1091 41 9.929
17 1017 50 55.345
18 1294 18 37.552
19 897 30 23.251
20 244 25 36.846
21 386 50 34.914
22 798 27 7.104
23 609 6 43.968
24 326 35 21.156
25 704 27 53.534
26 449 13 50.218
27 420 23 56.29
28 315 27 25.115
29 45 49 58.136
30 858 22 28.167
31 309 31 53.414
32 164 41 51.718
33 1289 13 85.524
34 1369 57 4.982
35 689 31 72.942
36 953 28 27.126
37 40 23 60.194
38 993 59 91.425
39 857 46 32.82
40 1089 13 3.959
41 453 25 30.069
42 59 50 37.659
43 1361 45 30.861
44 349 41 4.618
45 423 27 42.667
46 16 34 93.959
47 273 7 66.082
48 133 43 22.689
49 432 1 21.368
50 351 17 85.548
51 927 23 89.345
52 1127 25 4.955
53 943 47 22.713
54 1265 18 50.647
55 88 22 12.632
56 36 39 89.724
57 8 33 31.564
58 860 40 86.194
59 1074 18 86.577
60 677 59 98.327
61 1397 32 1.879
62 291 22 66.581
63 551 35 19.744
64 1000 2 79.462
65 473 58 60.116
66 1374 3 56.41
67 1143 53 87.904
68 619 39 79.281
69 474 37 32.679
70 927 19 58.108
71 106 50 58.911
72 633 59 69.179
73 1206 4 90.527
74 1384 39 20.264
75 351 19 57.6
76 1060 25 40.255
77 988 15 68.175
78 978 21 67.536
79 490 44 40.693
80 382 16 19.867
81 620 42 51.943
82 1324 42 98.878
83 258 19 87.012
84 1038 6 9.412
85 238 4 65.967
86 1136 14 26.103
87 1421 37 46.216
88 1414 28 78.234
89 988 10 40.232
90 1350 48 23.178
91 484 9 1.097
92 497 45 45.632
93 496 37 89.127
94 1328 11 59.773
95 1399 39 31.366
96 186 52 85.059
97 75 55 82.183
98 646 31 34.148
99 1221 19 70.201
100 1163 28 85.893
