100
1 510 15 62.99
2 300 12 58.271
3 558 33 66.836
4 1412 38 26.687
5 1188 18 40.316
6 79 23 83.887
7 256 26 25.237
8 17 47 90.378
9 613 19 89.338
10 305 4 53.04
11 787 40 69.916
12 1279 47 75.339
13 474 14 62.157
14 1340 13 59.56
15 1124 32 13.365
16 504 8 11.801
17 989 47 48.598
18 54 43 50.067
19 7 3 28.516
20 733 32 0.428
21 307 47 94.272
22 232 29 6.36
23 427 19 63.341
24 1257 21 56.234
25 123 46 65.681
26 915 16 11.913
27 1118 51 56.72
28 1245 31 8.735
29 1155 59 32.025
30 730 33 6.606
31 1345 49 96.942
32 1296 18 62.669
33 313 35 90.264
34 269 56 40.179
35 1300 58 36.162
36 948 56 19.188
37 1055 44 63.514
38 1253 4 52.644
39 1131 60 74.181
40 734 1 65.18
41 914 35 44.325
42 897 35 48.143
43 1051 24 38.669
44 467 31 19.725
45 1197 41 50.069
46 134 3 13.887
47 712 12 43.507
48 308 43 60.801
49 309 23 70.354
50 650 37 53.366
51 73 48 26.838
52 266 58 69.75
53 507 38 56.325
54 712 43 77.609
55 856 19 94.623
56 1342 24 14.553
57 1137 37 71.795
58 1017 43 89.715
59 1170 55 73.021
60 485 51 33.029
61 131 60 1.824
62 11 11 90.145
63 1383 59 49.283
64 270 42 67.645
65 825 9 54.869
66 163 22 19.626
67 1215 41 31.732
68 1393 7 32.823
69 699 13 27.356
70 826 32 87.096
71 548 54 48.802
72 141 24 75.259
73 200 1 21.234
74 599 52 58.972
75 1006 22 32.885
76 562 60 32.564
77 1254 45 83.638
78 1323 7 99.841
79 1107 13 16.066
80 953 3 68.974
81 262 1 72.766
82 1286 51 13.852
83 564 24 84.681
84 121 54 67.092
85 988 35 55.989
86 677 18 73.089
87 1143 38 74.975
88 680 30 79.208
89 291 55 74.658
90 330 38 67.417
91 100 45 35.927
92 252 13 44.124
93 455 19 99.286
94 102 50 42.106
95 1381 2 93.14
96 575 34 76.319
97 198 53 53.475
98 184 33 97.271
99 1266 57 59.11
100 1017 6 30.084
