100
1 1 38 53.054
2 1 49 70.486
3 45 19 29.222
4 46 52 76.563
5 32 4 5.388
6 21 8 13.589
7 56 44 74.195
8 92 55 94.974
9 1 49 65.465
10 38 57 97.773
11 32 8 15.089
12 41 33 45.6
13 160 14 24.251
14 142 53 76.353
15 202 6 11.347
16 230 53 91.458
17 107 60 99.999
18 47 3 3.564
19 125 39 67.176
20 248 47 83.034
21 153 17 26.174
22 53 19 36.628
23 175 2 5.318
24 38 31 36.857
25 214 27 43.879
26 185 20 29.529
27 18 36 48.672
28 165 9 11.155
29 134 2 7.61
30 37 50 86.37
31 263 29 36.775
32 124 15 21.512
33 381 22 30.46
34 91 53 82.014
35 47 26 45.986
36 55 22 39.578
37 228 1 0.001
38 392 42 55.657
39 368 53 77.91
40 273 9 16.34
41 115 56 85.238
42 54 26 41.728
43 461 12 14.509
44 579 34 51.303
45 272 43 69.172
46 361 14 20.365
47 219 52 87.622
48 474 49 84.341
49 94 31 46.198
50 498 22 32.46
51 715 1 3.777
52 70 20 27.337
53 55 37 66.229
54 6 54 86.038
55 476 3 2.827
56 457 17 26.853
57 159 26 39.084
58 36 47 70.32
59 751 15 26.662
60 558 27 43.983
61 16 46 80.678
62 156 9 7.785
63 593 22 33.065
64 579 44 55.561
65 98 31 49.226
66 660 2 5.505
67 812 20 27.036
68 476 51 79.024
69 376 15 29.602
70 188 19 29.316
71 733 11 22.315
72 537 33 45.942
73 657 14 27.525
74 862 15 22.009
75 384 37 54.0
76 242 25 43.877
77 140 6 8.874
78 1065 28 40.135
79 17 59 80.446
80 178 51 69.036
81 599 56 90.426
82 828 24 34.309
83 18 25 33.552
84 353 59 74.599
85 1095 36 52.885
86 242 60 89.63
87 365 27 36.259
88 1094 35 51.081
89 381 29 46.47
90 1083 31 48.262
91 634 22 37.65
92 904 32 43.183
93 1170 10 20.746
94 189 21 31.934
95 956 8 13.335
96 1099 36 59.536
97 301 26 34.647
98 113 24 30.741
99 338 1 2.708
100 1387 27 34.268
