100
1 59 59 99
2 60 30 50
3 60 30 50
4 80 20 55
5 110 50 99
6 170 40 1
7 190 40 80
8 230 40 80
9 1440 40 40
10 1430 60 60
11 1440 40 40
12 939 2 13
13 948 13 19
14 688 57 11
15 970 60 18
16 521 60 24
17 1265 15 16
18 267 18 11
19 1174 22 24
20 644 26 24
21 671 17 13
22 783 25 6
23 1360 12 10
24 952 51 21
25 954 34 16
26 774 5 23
27 1160 15 21
28 1082 25 4
29 1022 35 5
30 229 8 12
31 1112 26 16
32 1262 31 20
33 394 44 14
34 892 49 25
35 697 10 2
36 1276 20 3
37 1127 42 14
38 223 1 18
39 927 39 11
40 611 15 12
41 1189 27 19
42 1124 25 13
43 1357 9 16
44 791 17 25
45 710 37 7
46 1005 52 24
47 878 13 19
48 902 35 12
49 1231 16 3
50 483 22 3
51 798 50 18
52 1024 41 16
53 349 13 18
54 1330 16 23
55 681 57 5
56 1056 39 11
57 443 38 9
58 375 20 23
59 1245 26 13
60 981 42 6
61 1036 56 23
62 820 45 19
63 311 13 5
64 356 59 4
65 519 52 2
66 1108 2 21
67 594 43 1
68 606 38 14
69 370 6 13
70 317 37 1
71 219 9 22
72 858 57 5
73 354 8 11
74 747 23 5
75 893 50 18
76 362 29 25
77 695 20 18
78 1153 40 25
79 574 56 1
80 427 39 1
81 820 42 11
82 239 27 2
83 438 36 18
84 859 50 4
85 675 59 16
86 957 48 10
87 681 45 5
88 807 28 17
89 451 57 20
90 1175 10 17
91 310 47 9
92 1194 47 16
93 520 36 16
94 1288 2 5
95 793 15 12
96 1023 33 23
97 1131 48 4
98 1169 21 4
99 989 44 16
100 657 2 7