100
1 615 35 9.642
2 758 39 67.004
3 700 21 52.629
4 148 41 87.822
5 633 28 4.887
6 658 36 66.198
7 478 47 75.565
8 31 9 48.636
9 862 49 4.803
10 427 41 70.447
11 208 56 96.343
12 455 26 20.815
13 391 29 98.893
14 735 37 63.778
15 1439 25 74.415
16 710 39 51.522
17 245 46 5.677
18 458 46 57.089
19 688 33 3.158
20 418 58 48.851
21 581 18 62.32
22 854 40 81.804
23 505 22 93.648
24 750 19 63.926
25 809 34 29.94
26 522 37 88.081
27 554 57 96.064
28 286 26 89.965
29 204 20 76.608
30 722 29 84.411
31 743 47 15.128
32 368 31 50.521
33 1408 28 36.471
34 1399 20 30.13
35 243 55 70.202
36 820 23 94.156
37 1288 3 20.458
38 133 12 32.746
39 634 22 35.523
40 949 13 73.455
41 64 48 71.753
42 103 22 7.869
43 1253 35 71.562
44 388 56 62.535
45 47 55 17.464
46 1319 24 31.187
47 625 40 24.601
48 232 8 59.104
49 415 51 66.886
50 791 3 49.088
51 1185 13 28.34
52 252 58 24.67
53 627 45 46.282
54 598 5 17.38
55 190 54 88.742
56 1184 31 39.605
57 770 14 40.297
58 1222 9 6.016
59 1126 23 71.293
60 715 2 88.563
61 689 12 30.904
62 1434 53 41.814
63 1083 17 38.467
64 1016 56 46.144
65 16 4 86.226
66 924 21 60.863
67 253 45 4.425
68 561 21 2.714
69 1336 4 53.614
70 1033 44 7.638
71 1143 39 83.852
72 312 11 55.921
73 1341 7 54.05
74 1280 34 48.826
75 561 16 12.313
76 932 49 94.741
77 414 53 58.219
78 871 13 66.403
79 574 13 6.613
80 119 13 19.769
81 21 39 48.558
82 513 55 56.759
83 573 3 15.419
84 103 15 75.984
85 288 36 36.111
86 855 27 90.459
87 993 40 82.719
88 1434 4 22.374
89 203 31 6.207
90 765 8 80.711
91 530 60 9.714
92 1104 21 26.57
93 594 28 12.765
94 916 58 67.685
95 470 47 54.352
96 61 37 52.036
97 491 45 27.488
98 1092 50 50.532
99 284 47 51.926
100 1123 18 0.373