93
1 457 4 51.742 
2 1023 7 93.0 
3 490 11 98.355 
4 1215 57 13.0 
5 1206 40 77.55 
6 1222 21 69.723 
7 246 8 76.645 
8 668 7 35.0 
9 583 59 11.7 
10 132 7 77.932 
11 224 3 9.76 
12 775 10 8.1 
13 1373 4 65.34 
14 965 22 28.803 
15 247 45 74.0 
16 2 10 60.74 
17 650 14 62.521 
18 668 59 49.5 
19 1424 2 82.0 
20 1003 42 69.571 
21 475 31 80.37 
22 1282 60 74.319 
23 285 2 45.071 
24 273 27 83.889 
25 1340 2 37.0 
26 1380 53 60.0 
27 69 20 26.8 
28 295 17 45.0 
29 484 28 94.048 
30 360 32 53.3 
31 742 47 75.437 
32 304 50 46.4 
33 590 22 93.65 
34 470 42 13.0 
35 115 37 76.63 
36 1254 59 51.693 
37 787 34 95.182 
38 277 36 52.2 
39 633 6 43.0 
40 364 58 41.0 
41 75 57 92.568 
42 1438 51 78.576 
43 279 29 27.25 
44 549 1 30.0 
45 494 52 60.81 
46 1103 45 6.655 
47 1056 52 76.23 
48 1092 23 98.98 
49 189 56 58.0 
50 684 17 77.114 
51 1407 35 79.42 
52 503 34 34.8 
53 171 26 55.031 
54 477 19 23.827 
55 6 58 52.6 
56 727 34 93.9 
57 375 54 97.0 
58 1415 4 94.8 
59 572 37 86.76 
60 1259 33 74.8 
61 1212 36 25.158 
62 801 58 6.0 
63 1337 52 90.6 
64 1030 56 62.2 
65 169 53 33.0 
66 352 26 51.3 
67 1419 27 30.3 
68 807 23 36.0 
69 1192 8 41.38 
70 295 57 4.144 
71 475 6 56.0 
72 1224 11 38.7 
73 729 4 21.0 
74 41 38 78.0 
75 1365 56 52.5 
76 557 5 81.1 
77 874 40 60.4 
78 242 18 49.96 
79 648 22 1.0 
80 800 12 65.3 
81 962 53 83.25 
82 653 35 61.77 
83 747 57 55.0 
84 1347 47 27.717 
85 552 25 92.768 
86 18 19 41.6 
87 1414 60 97.0 
88 1210 17 29.2 
89 796 49 9.1 
90 619 17 57.78 
91 49 39 83.0 
92 1124 4 37.0 
93 502 53 69.0 