80
1 557 26 54.191
2 862 24 36.515
3 822 24 2.488
4 786 60 22.003
5 1266 4 38.918
6 348 34 56.287
7 297 29 62.127
8 326 15 37.39
9 1214 12 63.218
10 418 18 25.851
11 162 21 10.146
12 33 48 0.399
13 1081 19 29.775
14 754 40 57.927
15 645 32 74.151
16 499 41 49.703
17 757 33 74.065
18 924 13 27.775
19 985 50 66.942
20 1409 44 0.795
21 84 25 21.188
22 1345 7 1.152
23 80 39 26.723
24 985 45 0.245
25 166 22 77.77
26 259 55 48.358
27 268 11 21.856
28 771 42 14.505
29 202 5 84.324
30 813 49 25.966
31 696 20 78.931
32 1091 52 64.768
33 947 13 58.377
34 349 37 55.273
35 702 50 86.992
36 1141 18 12.021
37 50 19 36.564
38 841 1 24.434
39 147 23 20.656
40 573 17 32.113
41 605 59 35.05
42 1220 56 16.459
43 247 14 71.405
44 382 51 81.769
45 1326 56 11.058
46 958 18 85.839
47 44 51 98.979
48 1421 60 49.176
49 231 60 91.687
50 405 39 67.037
51 1282 56 4.799
52 404 18 33.312
53 660 5 33.483
54 322 15 95.814
55 823 54 41.28
56 791 35 6.315
57 959 31 41.399
58 1206 2 96.521
59 146 1 78.465
60 909 53 19.602
61 1323 55 98.265
62 1278 59 29.51
63 575 48 32.329
64 1282 37 94.567
65 1129 60 68.95
66 897 16 53.666
67 253 49 35.562
68 1407 36 77.408
69 512 54 39.899
70 921 48 27.551
71 1037 5 39.913
72 745 46 76.163
73 481 11 31.499
74 561 51 12.492
75 962 11 18.398
76 550 9 63.078
77 209 59 11.795
78 45 26 7.521
79 125 46 73.625
80 817 55 40.938
