84
1 1078 3 28.905
2 791 4 71.484
3 871 50 71.07
4 823 41 87.917
5 446 6 36.171
6 367 40 48.405
7 775 52 57.575
8 1073 29 11.338
9 942 57 53.668
10 311 12 31.49
11 407 38 50.939
12 140 12 60.837
13 362 48 12.805
14 1026 27 14.002
15 537 52 53.081
16 166 5 39.335
17 900 18 34.803
18 522 29 80.67
19 1097 44 89.137
20 1360 33 23.69
21 976 11 43.53
22 1171 50 67.682
23 1220 16 16.941
24 1246 24 99.942
25 364 29 77.666
26 1319 25 34.376
27 896 56 44.876
28 475 36 52.935
29 823 43 67.868
30 734 28 81.444
31 822 11 78.853
32 401 60 55.674
33 199 3 68.521
34 987 12 53.155
35 735 44 13.663
36 688 24 9.541
37 570 2 55.51
38 634 18 50.872
39 1086 31 4.128
40 190 46 21.952
41 557 58 20.486
42 604 12 11.843
43 835 28 62.607
44 680 22 51.56
45 606 16 55.549
46 198 5 9.13
47 1237 39 69.12
48 175 25 44.923
49 326 60 52.345
50 72 8 83.996
51 348 3 39.307
52 665 12 53.692
53 1107 30 84.684
54 1033 32 3.91
55 1204 59 32.3
56 34 39 84.638
57 1376 13 34.148
58 1016 11 8.748
59 602 15 40.764
60 183 50 44.531
61 1251 33 61.671
62 939 53 37.345
63 604 7 71.012
64 1196 21 34.944
65 949 13 71.193
66 766 34 2.481
67 1045 57 68.201
68 1303 19 13.824
69 265 56 55.781
70 809 18 59.024
71 841 31 37.658
72 18 55 49.082
73 665 12 64.861
74 1244 41 76.441
75 486 45 43.214
76 591 48 4.266
77 1198 15 50.925
78 1121 2 22.463
79 452 32 85.102
80 544 25 19.297
81 1280 7 60.866
82 1328 4 30.943
83 1306 33 88.795
84 436 29 36.489
