86
1 659 31 83
2 351 2 10
3 432 54 5
4 138 22 39
5 317 23 3
6 933 25 43
7 549 9 79
8 640 11 58
9 237 49 65
10 602 3 94
11 1431 28 14
12 948 33 15
13 700 33 46
14 139 18 96
15 1309 7 68
16 1018 10 38
17 14 16 12
18 621 35 37
19 1182 50 32
20 1338 55 9
21 231 36 4
22 650 8 51
23 1206 13 7
24 1305 45 36
25 1138 9 37
26 1305 10 85
27 1283 2 39
28 1313 27 52
29 438 6 63
30 589 45 49
31 1087 43 49
32 998 14 25
33 1004 9 81
34 166 56 6
35 1287 60 2
36 386 7 50
37 648 52 57
38 102 10 49
39 90 35 63
40 542 11 22
41 1274 43 57
42 1031 20 1
43 105 57 46
44 700 43 54
45 399 58 35
46 391 41 20
47 594 4 67
48 614 2 95
49 1292 12 55
50 425 27 46
51 831 9 98
52 732 23 47
53 1065 43 56
54 1363 3 45
55 623 54 78
56 355 30 15
57 1417 15 33
58 803 46 64
59 1357 43 41
60 264 1 51
61 103 53 40
62 26 14 59
63 1308 44 81
64 1245 19 77
65 42 39 68
66 313 23 44
67 836 11 35
68 1012 12 88
69 441 53 66
70 1006 22 34
71 1156 39 53
72 364 32 42
73 1034 12 31
74 858 8 80
75 1114 33 76
76 860 49 40
77 269 8 50
78 18 8 24
79 848 14 85
80 402 53 84
81 738 36 80
82 957 60 96
83 1440 28 3
84 507 5 29
85 533 54 34
86 933 39 83
