90
1 644 14 51.149
2 778 49 60.783
3 1219 55 34.47
4 73 26 98.653
5 1204 11 81.047
6 718 50 17.972
7 656 49 1.197
8 1240 18 24.733
9 970 8 19.043
10 1193 6 87.792
11 86 49 69.858
12 67 38 67.68
13 673 42 33.015
14 1246 9 72.801
15 913 37 68.869
16 448 18 47.008
17 902 29 29.171
18 619 24 6.223
19 276 22 93.881
20 1362 59 2.361
21 1396 15 69.509
22 757 24 54.902
23 530 46 98.509
24 790 36 42.387
25 778 47 20.414
26 1304 38 22.642
27 395 59 33.968
28 31 22 66.052
29 858 56 37.154
30 652 49 49.989
31 864 57 44.84
32 404 24 9.504
33 1022 46 40.151
34 1186 34 40.819
35 617 1 38.659
36 732 22 26.077
37 1436 45 52.248
38 95 57 78.938
39 158 4 75.342
40 435 51 55.427
41 1191 2 45.552
42 78 34 71.061
43 417 55 59.207
44 1364 58 84.677
45 896 52 29.445
46 541 23 40.038
47 1325 3 21.229
48 831 29 50.44
49 369 54 64.023
50 407 41 67.847
51 153 24 14.007
52 854 52 50.395
53 166 56 62.39
54 746 22 59.214
55 339 20 6.225
56 155 38 4.03
57 521 4 92.261
58 184 1 51.563
59 603 57 36.4
60 310 28 9.158
61 434 51 17.652
62 224 14 3.11
63 1124 57 4.94
64 577 13 48.183
65 310 60 13.356
66 548 15 20.301
67 747 23 64.556
68 1075 34 64.961
69 120 4 77.95
70 904 39 18.917
71 929 56 53.838
72 1079 34 29.519
73 441 57 87.773
74 115 7 70.173
75 295 15 92.684
76 251 55 65.448
77 1041 40 79.545
78 389 44 86.624
79 27 8 14.064
80 1087 26 30.311
81 1032 31 94.039
82 274 54 41.32
83 1155 18 92.316
84 439 55 21.109
85 1439 15 22.362
86 1377 32 37.471
87 186 22 8.738
88 73 28 66.172
89 629 14 50.915
90 1096 5 98.221
