98
1 475 55 24.6
2 810 5 72.1
3 958 50 99.1
4 343 14 37.7
5 844 16 14.6
6 370 11 41.7
7 1407 6 57.4
8 840 44 87.2
9 336 25 79.0
10 106 49 71.8
11 1219 55 15.3
12 939 42 67.3
13 1310 51 75.1
14 1390 31 31.1
15 745 54 82.4
16 500 5 85.4
17 215 36 24.6
18 666 16 88.4
19 123 21 84.9
20 1335 51 43.8
21 435 35 71.1
22 989 34 15.9
23 604 54 36.8
24 185 12 70.0
25 1353 55 57.0
26 1310 6 48.8
27 714 34 59.8
28 1234 21 27.5
29 44 27 11.7
30 845 34 31.1
31 1213 22 47.4
32 1140 26 43.4
33 182 14 98.1
34 159 13 1.0
35 302 39 32.6
36 158 24 76.8
37 34 52 58.0
38 1344 29 64.9
39 1432 5 43.5
40 1259 52 89.3
41 1433 48 30.7
42 712 9 72.7
43 922 4 94.6
44 763 54 19.7
45 930 56 80.0
46 1083 41 51.7
47 1182 25 30.0
48 1420 25 68.7
49 193 26 54.9
50 785 54 12.7
51 1351 55 49.4
52 379 14 60.8
53 1412 17 10.9
54 1293 15 92.5
55 891 1 42.5
56 656 44 70.1
57 168 29 66.4
58 198 56 65.2
59 633 58 59.1
60 1076 17 3.5
61 428 59 87.5
62 1106 6 82.0
63 570 50 27.5
64 616 56 11.1
65 45 50 58.7
66 363 29 74.5
67 768 55 55.9
68 90 47 18.8
69 172 6 23.8
70 27 27 54.0
71 1270 26 16.4
72 1022 26 13.5
73 753 14 62.4
74 471 59 64.0
75 1127 17 34.3
76 405 51 91.7
77 525 39 98.5
78 1138 1 98.9
79 1107 6 84.5
80 993 17 63.2
81 280 32 48.6
82 159 19 88.1
83 280 38 47.9
84 637 27 30.0
85 1317 9 27.3
86 764 19 6.1
87 1278 16 5.0
88 598 50 44.7
89 1420 25 93.2
90 167 47 67.4
91 983 18 17.2
92 1177 10 17.0
93 1418 20 27.1
94 700 44 35.3
95 691 22 7.8
96 1187 41 42.8
97 598 24 43.8
98 598 35 17.3
