87
1 328 15 42
2 1285 13 58
3 232 3 29
4 540 10 39
5 269 59 60
6 623 55 25
7 139 36 23
8 234 58 82
9 378 59 48
10 776 57 93
11 1365 47 37
12 603 8 86
13 641 22 1
14 176 13 10
15 607 42 38
16 517 25 90
17 1090 17 89
18 1223 24 72
19 870 14 79
20 485 14 16
21 1106 8 67
22 179 8 77
23 925 31 10
24 462 36 17
25 261 2 74
26 344 51 54
27 694 51 54
28 821 53 7
29 1000 9 95
30 951 22 56
31 354 16 56
32 892 59 42
33 1057 59 69
34 155 44 26
35 193 38 72
36 869 22 81
37 1311 19 57
38 799 40 99
39 649 24 54
40 1386 19 85
41 467 1 14
42 324 34 89
43 643 17 29
44 979 25 1
45 149 47 97
46 297 33 9
47 42 53 30
48 1333 7 12
49 458 56 71
50 967 10 34
51 887 59 4
52 650 27 40
53 860 42 42
54 886 20 31
55 1155 21 35
56 1025 41 46
57 1250 9 92
58 217 20 1
59 868 43 10
60 638 44 83
61 1123 31 42
62 1261 25 72
63 1292 17 51
64 1191 47 55
65 1108 7 84
66 622 6 15
67 730 43 42
68 143 42 16
69 1306 6 20
70 133 22 80
71 329 57 36
72 169 41 81
73 728 16 17
74 450 58 96
75 399 8 36
76 1349 46 33
77 1363 59 15
78 689 23 33
79 821 14 11
80 1229 22 32
81 1096 7 78
82 56 22 14
83 89 53 36
84 1393 35 52
85 315 16 95
86 703 42 66
87 312 58 89
