100
1 75 55 84.996
2 97 10 38.496
3 1154 30 36.777
4 651 7 99.502
5 549 4 69.729
6 737 44 14.059
7 914 10 69.245
8 1013 8 27.49
9 849 35 83.87
10 10 37 16.432
11 1286 32 84.833
12 1211 27 41.444
13 908 49 45.665
14 467 32 1.33
15 385 21 3.026
16 561 16 59.546
17 940 18 56.218
18 245 60 24.66
19 671 33 64.939
20 352 2 76.317
21 740 10 37.242
22 1210 52 97.159
23 552 7 47.45
24 82 21 13.553
25 1375 38 5.832
26 317 58 54.85
27 1230 7 69.706
28 594 40 57.59
29 860 29 48.664
30 264 29 34.018
31 787 18 63.68
32 50 3 80.099
33 1031 34 98.606
34 632 28 46.179
35 199 54 43.928
36 1341 18 10.191
37 846 30 99.77
38 767 51 24.0
39 341 58 18.132
40 577 21 38.99
41 342 12 99.66
42 722 34 77.204
43 599 43 15.618
44 718 10 40.061
45 607 18 74.141
46 176 11 44.831
47 959 23 70.189
48 1208 51 36.728
49 636 36 57.569
50 210 42 37.044
51 594 35 96.628
52 453 20 20.398
53 545 3 53.498
54 491 15 36.629
55 724 13 99.8
56 1291 46 98.499
57 649 48 65.459
58 954 23 75.669
59 1029 28 42.357
60 897 59 96.127
61 1095 47 58.427
62 1058 52 38.09
63 263 47 17.349
64 958 15 44.028
65 103 19 36.356
66 1257 58 84.451
67 352 60 75.221
68 1112 4 9.371
69 802 57 5.873
70 808 9 61.803
71 10 49 55.759
72 1136 3 47.801
73 5 31 63.961
74 653 47 54.52
75 100 44 37.536
76 669 1 90.69
77 606 46 19.127
78 368 54 45.676
79 811 57 59.249
80 76 48 8.633
81 35 44 47.628
82 794 53 4.869
83 518 50 20.807
84 1181 25 74.366
85 859 37 49.728
86 684 49 73.779
87 104 30 9.791
88 659 28 2.723
89 755 54 81.787
90 622 13 29.823
91 1176 44 99.578
92 335 50 75.274
93 624 45 40.06
94 560 53 55.415
95 1074 47 82.284
96 551 5 19.256
97 1244 14 7.624
98 649 28 53.117
99 727 11 92.945
100 1392 53 87.271
