88
1 1218 11 68
2 303 59 91
3 406 47 7
4 876 28 49
5 764 16 99
6 940 32 41
7 840 9 21
8 56 42 47
9 1307 18 26
10 497 2 7
11 962 27 13
12 1155 30 24
13 322 30 86
14 157 42 83
15 24 37 67
16 906 9 50
17 978 57 27
18 686 24 82
19 1130 37 67
20 677 8 74
21 505 7 39
22 874 24 26
23 1284 3 33
24 162 31 19
25 1388 38 86
26 660 19 80
27 316 46 65
28 255 49 29
29 671 12 53
30 891 59 1
31 503 41 20
32 1192 41 26
33 302 38 24
34 802 50 81
35 1152 43 74
36 1351 52 56
37 418 56 22
38 1422 57 31
39 699 19 39
40 108 5 80
41 362 7 92
42 612 30 45
43 594 1 63
44 1140 17 33
45 406 56 64
46 815 2 53
47 1256 39 65
48 841 18 63
49 829 34 77
50 628 27 66
51 905 21 7
52 382 15 42
53 80 23 68
54 992 59 7
55 108 21 65
56 1236 5 46
57 1071 31 35
58 185 21 42
59 1298 58 68
60 711 27 99
61 896 11 92
62 282 25 68
63 889 48 15
64 161 25 36
65 1409 48 84
66 1167 42 92
67 1065 48 36
68 1186 45 94
69 988 56 42
70 604 10 25
71 1277 52 27
72 266 33 4
73 48 43 99
74 79 51 69
75 1433 10 36
76 1038 39 21
77 2 30 91
78 968 48 50
79 661 55 80
80 554 56 21
81 335 3 97
82 745 36 14
83 80 4 88
84 29 36 35
85 591 13 39
86 353 13 86
87 586 50 4
88 1274 7 45
