81
1 1337 33 68.884
2 642 10 78.378
3 42 3 89.377
4 1201 19 12.799
5 575 36 6.711
6 642 13 52.482
7 778 31 49.113
8 46 8 25.74
9 38 32 46.446
10 493 23 22.265
11 880 40 12.272
12 1069 3 67.823
13 173 2 37.841
14 1440 3 37.093
15 1200 44 10.425
16 723 25 49.484
17 1148 19 53.214
18 1016 54 6.686
19 1199 5 67.283
20 776 1 75.038
21 890 34 19.046
22 122 30 14.636
23 368 27 98.541
24 277 21 49.094
25 301 15 90.584
26 216 30 40.458
27 1434 59 0.881
28 399 17 35.082
29 1137 36 45.41
30 809 32 48.591
31 559 40 5.875
32 408 22 18.957
33 159 28 62.488
34 1169 21 24.743
35 630 36 62.391
36 980 38 53.173
37 265 25 86.23
38 472 12 81.266
39 1400 7 93.274
40 657 42 15.685
41 905 40 14.109
42 1296 36 14.907
43 1311 18 85.618
44 1197 3 71.544
45 204 3 78.359
46 1373 22 6.285
47 232 5 79.083
48 1055 32 59.98
49 626 8 45.612
50 1127 10 34.608
51 191 12 79.554
52 667 19 73.473
53 564 38 54.085
54 309 45 25.427
55 466 40 13.612
56 1432 22 34.721
57 1284 35 64.652
58 1052 13 97.711
59 1038 24 25.273
60 1191 18 13.275
61 1399 40 43.571
62 127 1 94.216
63 910 14 89.51
64 603 17 55.957
65 859 33 20.057
66 76 28 81.627
67 617 13 45.046
68 1072 6 21.635
69 919 19 47.475
70 1331 1 78.811
71 170 23 76.331
72 36 2 98.107
73 224 46 9.192
74 1440 38 5.513
75 968 13 95.844
76 298 27 66.902
77 396 34 71.716
78 1063 23 79.891
79 812 26 7.664
80 499 46 31.267
81 1269 23 93.363
