95
1 529 2 23.106
2 753 52 28.868
3 588 27 89.555
4 901 45 34.749
5 875 34 26.562
6 652 13 38.001
7 542 36 27.114
8 858 48 42.673
9 996 51 39.477
10 520 28 98.644
11 255 9 20.999
12 1396 58 55.127
13 475 41 71.107
14 274 13 75.091
15 832 13 62.022
16 332 26 64.49
17 744 18 8.348
18 597 28 26.593
19 525 3 34.596
20 398 47 70.97
21 277 43 67.322
22 1274 52 18.693
23 879 41 26.063
24 93 38 39.962
25 55 44 56.573
26 750 12 18.562
27 818 8 44.908
28 1084 17 19.588
29 1191 30 67.558
30 1102 10 6.353
31 800 56 15.539
32 135 31 53.334
33 173 22 33.093
34 347 15 8.046
35 70 29 55.824
36 1405 41 43.528
37 989 14 30.853
38 386 11 92.537
39 97 57 76.791
40 1377 33 75.556
41 420 27 94.631
42 681 28 35.534
43 674 34 70.554
44 477 26 34.953
45 202 8 12.812
46 1193 39 97.504
47 1238 51 67.899
48 888 44 92.654
49 1422 22 74.92
50 98 11 67.582
51 704 43 27.078
52 838 60 43.816
53 175 38 23.371
54 1047 19 49.15
55 470 54 13.761
56 992 29 16.423
57 80 56 60.807
58 38 8 54.914
59 531 8 37.593
60 1095 54 21.976
61 372 34 73.31
62 865 59 65.987
63 1268 59 97.944
64 683 34 40.146
65 761 50 58.919
66 1369 5 47.198
67 45 53 8.474
68 1378 44 20.489
69 1265 46 14.947
70 730 39 14.773
71 1179 48 75.877
72 360 40 69.049
73 97 55 5.924
74 1044 5 56.632
75 1044 30 15.302
76 558 58 35.541
77 1063 25 9.351
78 1401 34 8.837
79 1067 36 36.727
80 79 24 47.359
81 54 36 66.494
82 683 53 66.782
83 244 53 68.116
84 1186 35 27.939
85 62 9 53.847
86 1051 59 2.109
87 708 47 47.405
88 558 33 76.815
89 68 59 70.677
90 44 59 52.754
91 1271 8 83.673
92 363 4 91.825
93 141 25 17.85
94 87 39 52.036
95 981 22 17.57
