100
1 1189 39 67.82
2 811 6 64.84
3 479 43 31.46
4 1040 37 89.87
5 718 17 48.83
6 34 48 46.52
7 583 35 16.27
8 175 8 35.24
9 576 34 6.31
10 182 11 75.38
11 240 37 77.02
12 944 28 40.78
13 1118 36 53.85
14 771 59 78.64
15 1303 32 48.42
16 980 40 42.35
17 13 55 31.93
18 1205 59 16.34
19 346 45 18.25
20 963 29 35.29
21 169 18 91.57
22 614 33 89.10
23 318 29 40.59
24 467 44 98.41
25 1081 46 56.91
26 784 31 94.63
27 749 30 5.50
28 1337 50 72.28
29 1032 32 85.08
30 1109 47 93.96
31 1158 52 78.46
32 428 38 10.74
33 730 25 92.17
34 699 21 7.96
35 1435 39 36.72
36 450 13 54.56
37 85 28 79.67
38 919 15 96.62
39 921 6 11.14
40 665 51 42.51
41 818 47 50.10
42 390 57 66.78
43 423 15 6.94
44 480 27 68.34
45 840 14 46.43
46 98 57 80.81
47 1103 43 56.70
48 464 10 14.88
49 1200 58 68.34
50 1282 13 5.61
51 49 54 9.27
52 1371 58 39.22
53 1244 52 48.94
54 1062 21 12.42
55 710 2 71.92
56 971 1 97.58
57 1011 40 14.13
58 1397 30 74.97
59 598 33 26.44
60 1166 40 10.61
61 298 46 4.34
62 493 31 96.96
63 1415 31 81.49
64 437 25 69.89
65 494 11 10.11
66 1246 28 41.45
67 392 24 78.24
68 499 26 85.23
69 423 12 41.96
70 837 15 71.83
71 223 45 93.05
72 617 5 73.14
73 325 27 72.87
74 220 45 45.68
75 868 4 2.93
76 549 42 32.52
77 775 35 25.39
78 418 2 16.74
79 1258 10 32.14
80 931 42 14.48
81 808 57 56.76
82 431 38 33.56
83 988 32 16.46
84 1138 19 41.81
85 1152 42 18.70
86 596 34 17.67
87 1110 34 83.82
88 121 24 16.26
89 1084 39 76.96
90 768 56 36.38
91 712 25 3.35
92 970 26 28.93
93 994 13 39.69
94 905 16 60.57
95 373 17 57.31
96 1129 34 22.74
97 929 40 8.59
98 1162 6 17.70
99 581 36 84.68
100 836 8 96.35