82
1 1379 33 81.48
2 311 6 87.415
3 1078 40 77.084
4 449 58 32.811
5 646 9 23.159
6 992 35 60.933
7 831 25 35.025
8 1354 4 73.599
9 115 19 6.871
10 446 12 3.568
11 627 51 18.369
12 169 38 80.293
13 443 48 97.334
14 1129 43 46.286
15 11 13 20.995
16 629 59 74.873
17 971 8 14.831
18 286 50 85.747
19 141 2 16.671
20 402 47 95.581
21 768 18 11.341
22 744 23 68.254
23 661 12 24.563
24 1184 11 66.688
25 1083 56 56.151
26 842 22 37.902
27 94 39 64.49
28 766 13 48.978
29 1023 25 14.458
30 617 38 6.674
31 198 23 17.718
32 886 33 42.615
33 230 26 20.932
34 513 50 92.239
35 976 6 97.839
36 1363 8 84.85
37 665 28 34.288
38 1434 20 47.804
39 1354 6 40.698
40 647 47 96.495
41 441 48 8.626
42 1360 14 77.602
43 53 20 42.336
44 1124 36 83.075
45 373 7 32.631
46 211 49 91.497
47 1205 9 9.553
48 613 36 89.318
49 561 58 68.671
50 669 26 2.633
51 614 8 38.987
52 2 43 38.878
53 1149 34 70.429
54 226 16 13.189
55 936 33 7.486
56 912 50 65.16
57 92 12 69.908
58 218 2 65.045
59 982 11 39.069
60 1124 9 53.638
61 747 55 2.464
62 75 14 54.52
63 208 50 11.916
64 1092 45 71.249
65 1114 17 82.003
66 1166 56 23.315
67 42 3 82.607
68 748 4 54.236
69 159 3 47.541
70 1230 45 41.445
71 801 46 34.213
72 1397 53 62.245
73 282 12 77.052
74 391 58 92.146
75 225 57 99.865
76 280 13 83.533
77 101 8 4.832
78 449 28 53.628
79 1386 46 74.071
80 716 23 93.809
81 726 8 84.599
82 151 13 48.019