81
1 1137 60 9
2 1215 24 78
3 106 45 9
4 845 41 60
5 1135 46 7
6 903 11 53
7 643 42 70
8 37 4 67
9 1114 59 40
10 8 35 65
11 1170 46 24
12 389 23 10
13 313 2 31
14 781 14 76
15 967 30 28
16 141 41 28
17 1149 22 37
18 314 22 67
19 343 28 36
20 565 24 35
21 166 18 30
22 94 2 81
23 857 16 13
24 1362 41 11
25 851 45 32
26 1313 16 61
27 467 47 52
28 551 2 81
29 683 2 41
30 915 4 8
31 130 26 15
32 1268 14 36
33 911 2 98
34 1155 1 58
35 1222 53 24
36 591 15 25
37 1188 6 28
38 854 60 26
39 13 39 16
40 468 22 45
41 1315 31 90
42 671 56 68
43 666 31 83
44 90 23 31
45 797 3 83
46 1287 12 71
47 1011 15 70
48 433 1 48
49 515 54 86
50 1398 19 73
51 805 34 90
52 136 42 82
53 1173 47 41
54 1364 11 1
55 1053 12 37
56 218 38 24
57 11 4 69
58 385 3 81
59 807 26 50
60 496 58 31
61 888 2 60
62 1248 47 3
63 1222 11 89
64 612 38 46
65 722 30 95
66 1101 46 36
67 820 39 9
68 810 35 75
69 88 4 78
70 58 10 9
71 273 20 19
72 969 50 29
73 535 9 63
74 626 1 6
75 676 24 42
76 1229 30 44
77 911 23 13
78 1228 28 30
79 112 31 45
80 1247 51 81
81 251 44 37