100
1 495 40 35.096
2 498 11 41.794
3 67 22 25.658
4 72 39 40.467
5 1287 3 17.353
6 1288 52 28.652
7 9 27 58.44
8 12 18 68.527
9 763 46 31.085
10 767 12 37.823
11 2 39 22.531
12 3 21 27.74
13 463 55 37.639
14 468 27 49.474
15 932 34 54.435
16 934 44 62.343
17 56 5 52.208
18 61 49 61.24
19 354 22 49.801
20 359 55 63.624
21 595 48 12.617
22 600 7 24.603
23 732 29 44.181
24 736 47 57.759
25 826 21 52.256
26 831 11 59.43
27 513 29 19.668
28 517 6 30.635
29 813 56 7.956
30 814 16 19.481
31 1 21 25.095
32 3 5 39.974
33 910 40 15.145
34 913 10 21.47
35 1030 50 52.66
36 1031 57 58.56
37 414 4 55.264
38 416 15 66.972
39 912 39 3.261
40 913 6 15.363
41 429 11 18.642
42 433 12 24.154
43 889 2 57.576
44 890 21 63.961
45 593 52 18.828
46 597 54 24.996
47 1139 26 49.685
48 1141 47 61.56
49 1110 54 17.069
50 1113 25 23.969
51 643 41 35.086
52 644 9 44.701
53 620 48 39.766
54 624 41 51.731
55 279 43 26.487
56 280 18 37.688
57 579 47 44.066
58 583 13 55.854
59 851 56 40.433
60 854 28 52.234
61 233 29 1.369
62 238 58 11.082
63 573 33 36.914
64 574 32 46.507
65 1285 12 20.845
66 1286 37 35.484
67 1205 7 58.351
68 1208 23 72.08
69 77 36 20.615
70 82 40 31.115
71 182 28 42.464
72 183 4 56.886
73 1320 47 58.001
74 1322 50 70.172
75 399 9 8.969
76 404 44 20.164
77 688 12 15.101
78 690 26 23.211
79 925 13 36.266
80 930 44 50.062
81 811 7 34.952
82 816 60 49.094
83 20 10 45.575
84 21 20 54.823
85 1347 16 15.608
86 1352 55 22.58
87 958 30 21.888
88 960 10 29.283
89 493 42 8.647
90 497 39 18.009
91 909 37 30.853
92 912 35 39.892
93 390 56 40.918
94 395 25 47.38
95 1177 49 56.072
96 1179 11 64.356
97 16 39 27.434
98 18 60 39.066
99 784 35 40.397
100 786 6 49.796