100
1 562 35 21.759
2 846 11 83.073
3 821 34 11.046
4 79 41 54.713
5 1228 59 92.183
6 186 20 25.688
7 1173 39 55.1
8 500 4 80.919
9 1096 49 73.0
10 1408 23 41.667
11 757 46 36.298
12 707 31 21.997
13 236 10 84.732
14 1080 37 53.392
15 861 15 80.007
16 507 51 57.217
17 706 55 40.468
18 1292 25 32.742
19 1211 36 7.784
20 763 57 94.215
21 725 14 29.65
22 1414 59 56.04
23 363 42 18.664
24 404 55 48.67
25 126 53 12.725
26 1063 42 98.524
27 1346 52 15.336
28 691 23 68.323
29 1326 40 12.339
30 1259 14 27.471
31 1028 20 31.359
32 26 41 57.75
33 203 53 91.684
34 469 23 57.881
35 353 7 13.139
36 162 14 15.463
37 799 21 83.756
38 136 28 56.665
39 802 47 76.664
40 442 23 55.98
41 1012 35 37.292
42 1196 35 81.427
43 459 35 56.835
44 143 1 44.493
45 790 25 94.298
46 989 5 93.554
47 456 49 31.396
48 437 19 27.75
49 845 58 46.863
50 723 39 70.991
51 935 49 79.925
52 443 8 69.302
53 1152 28 39.46
54 487 12 15.623
55 13 58 11.238
56 1249 48 70.118
57 760 31 56.482
58 1202 40 15.088
59 1061 41 65.422
60 718 27 47.799
61 1329 44 31.819
62 577 42 76.175
63 252 17 84.973
64 108 5 92.916
65 1440 29 30.592
66 667 51 52.341
67 635 30 79.486
68 555 3 96.525
69 213 21 70.952
70 58 9 90.183
71 1240 56 59.091
72 3 8 62.529
73 637 35 26.312
74 1094 50 14.742
75 1381 22 99.561
76 651 31 45.593
77 443 47 81.725
78 612 50 13.42
79 743 18 75.424
80 610 17 54.69
81 1318 26 5.289
82 1077 34 93.506
83 92 56 11.022
84 268 3 10.28
85 1236 8 59.452
86 604 28 63.853
87 894 46 82.252
88 439 3 60.572
89 578 28 82.675
90 506 28 4.988
91 126 45 94.234
92 508 39 29.253
93 640 32 58.28
94 543 36 91.135
95 210 5 67.071
96 974 36 64.331
97 756 38 35.451
98 532 42 86.959
99 1402 23 1.19
100 123 49 5.04
