87
1 1426 3 80
2 912 49 52
3 1050 1 90
4 759 5 48
5 885 38 76
6 62 20 29
7 804 50 36
8 1236 24 82
9 506 53 32
10 711 20 63
11 1140 59 4
12 720 51 81
13 751 6 99
14 460 43 43
15 655 37 61
16 812 3 55
17 553 44 57
18 687 41 6
19 730 43 81
20 1187 34 62
21 767 19 41
22 299 28 76
23 611 59 59
24 945 2 27
25 306 30 25
26 604 3 47
27 947 53 90
28 284 15 16
29 924 23 32
30 223 16 38
31 442 50 74
32 1150 19 40
33 461 28 91
34 685 58 9
35 21 8 57
36 1344 51 61
37 583 22 59
38 1121 54 36
39 756 17 37
40 911 58 29
41 556 38 11
42 945 38 98
43 923 35 40
44 573 22 97
45 15 28 33
46 310 23 76
47 99 49 22
48 763 50 68
49 1131 14 37
50 1421 30 72
51 1398 31 12
52 394 49 51
53 275 48 22
54 901 14 52
55 66 13 42
56 210 54 99
57 677 27 29
58 1301 32 81
59 760 4 86
60 287 4 27
61 362 36 59
62 920 7 31
63 1295 10 47
64 1428 11 60
65 196 43 49
66 23 36 50
67 485 24 63
68 781 36 18
69 1365 21 17
70 496 30 53
71 527 1 86
72 340 16 73
73 478 11 62
74 354 11 42
75 980 55 82
76 1215 30 9
77 1024 59 98
78 435 5 76
79 412 21 30
80 290 1 57
81 812 51 51
82 962 13 20
83 875 32 87
84 823 2 61
85 981 40 81
86 181 22 12
87 452 31 35
