99
1 289 49 61.085
2 197 57 11.049
3 1274 60 36.608
4 124 28 56.444
5 17 54 5.778
6 28 50 61.113
7 1315 47 37.16
8 1174 14 36.68
9 665 42 98.117
10 337 14 53.683
11 1287 59 64.843
12 1305 28 9.769
13 1081 5 95.183
14 566 53 17.291
15 690 35 71.403
16 431 33 24.465
17 531 56 25.472
18 527 48 70.24
19 843 14 89.476
20 428 27 85.793
21 455 21 58.038
22 776 20 93.606
23 610 36 23.319
24 656 49 14.69
25 688 10 39.777
26 1129 24 12.378
27 1439 27 25.462
28 1009 38 23.138
29 1415 17 98.295
30 141 49 45.529
31 688 40 63.282
32 959 43 57.979
33 603 49 38.858
34 602 16 28.237
35 54 21 39.456
36 647 59 16.606
37 146 19 95.407
38 914 22 23.141
39 1397 55 19.266
40 385 18 44.687
41 1000 27 45.251
42 272 12 84.504
43 190 23 77.089
44 910 51 43.981
45 1035 37 75.406
46 118 20 85.422
47 963 53 72.241
48 674 59 15.16
49 951 60 47.457
50 331 33 9.691
51 1279 34 20.677
52 648 4 39.911
53 764 13 32.411
54 1354 59 96.977
55 232 43 66.289
56 971 19 94.182
57 1137 45 31.711
58 764 31 64.345
59 186 32 33.982
60 1048 19 12.089
61 1436 13 37.026
62 719 35 86.125
63 41 47 47.879
64 938 38 22.695
65 616 8 75.656
66 1096 1 44.821
67 1322 58 37.883
68 519 57 28.381
69 1066 8 15.998
70 667 39 2.564
71 934 48 26.132
72 1198 32 29.981
73 26 11 5.162
74 899 11 96.734
75 485 16 6.796
76 186 36 97.108
77 530 32 37.438
78 1364 16 52.536
79 315 40 56.967
80 233 50 24.461
81 1261 21 21.82
82 21 17 43.972
83 442 36 83.531
84 382 10 82.269
85 1222 55 91.883
86 404 5 69.176
87 796 7 73.723
88 1325 8 34.86
89 530 37 7.456
90 377 57 79.522
91 563 59 90.772
92 1085 15 17.628
93 228 31 39.72
94 132 19 45.962
95 1111 26 82.655
96 592 40 63.73
97 901 23 82.649
98 442 60 37.124
99 563 45 8.629
