100
1 13 13 79.503
2 10 1 95.677
3 11 2 51.193
4 16 10 66.304
5 11 12 29.357
6 17 2 76.31
7 2 13 19.127
8 7 1 1.602
9 10 8 56.535
10 14 1 13.984
11 16 11 28.532
12 7 6 14.452
13 2 8 74.517
14 20 9 34.969
15 6 10 43.428
16 10 14 73.654
17 12 3 39.01
18 2 14 24.346
19 9 14 55.718
20 14 11 50.147
21 20 9 15.199
22 18 13 95.021
23 16 9 81.182
24 11 12 44.989
25 1 3 89.899
26 1 13 62.326
27 8 14 16.954
28 7 2 59.925
29 11 11 3.131
30 2 10 34.087
31 12 14 19.583
32 15 4 41.498
33 16 3 8.848
34 15 14 14.804
35 16 10 20.315
36 17 3 58.149
37 11 9 71.058
38 10 1 22.149
39 3 4 21.58
40 9 6 33.941
41 3 13 69.209
42 8 3 15.676
43 9 2 5.564
44 2 6 16.251
45 7 9 97.209
46 15 1 29.126
47 20 8 73.062
48 1 13 58.702
49 17 10 12.115
50 19 10 22.454
51 18 4 56.138
52 10 6 74.028
53 6 8 27.857
54 15 7 27.113
55 8 7 2.057
56 9 5 92.772
57 7 4 12.86
58 9 7 92.145
59 17 5 83.422
60 2 9 4.822
61 2 4 40.309
62 8 6 69.151
63 19 1 98.901
64 10 13 94.896
65 15 4 66.062
66 3 12 64.771
67 2 3 14.059
68 5 10 76.298
69 20 4 87.866
70 5 13 45.089
71 2 9 69.377
72 17 8 51.655
73 12 11 16.938
74 7 14 34.435
75 11 12 86.594
76 12 1 98.491
77 18 11 24.024
78 11 11 8.035
79 12 14 61.904
80 1 6 35.765
81 4 6 37.504
82 3 2 81.017
83 8 3 17.724
84 17 13 62.612
85 3 3 6.21
86 13 12 9.008
87 19 14 45.786
88 3 12 63.047
89 7 10 42.927
90 16 7 72.953
91 2 4 22.666
92 12 1 67.439
93 10 2 40.381
94 9 12 66.02
95 19 2 97.042
96 20 12 86.849
97 12 6 94.883
98 15 12 54.523
99 20 6 20.575
100 1 13 22.976