80
1 789 49 55.126
2 83 17 67.014
3 996 26 39.756
4 977 23 76.466
5 448 33 18.255
6 578 9 99.065
7 195 40 32.835
8 1091 46 78.893
9 301 20 12.946
10 152 58 89.652
11 677 31 73.376
12 207 23 56.908
13 648 40 83.942
14 419 36 62.523
15 907 56 68.335
16 534 4 71.92
17 29 6 94.334
18 817 46 87.577
19 1281 1 80.203
20 1011 53 43.665
21 500 47 42.626
22 129 13 74.385
23 455 16 18.678
24 1113 29 11.956
25 165 21 66.577
26 1003 7 39.512
27 1129 19 92.611
28 256 36 43.615
29 1107 14 79.061
30 1121 38 37.704
31 912 6 78.157
32 789 21 75.452
33 496 19 24.101
34 388 53 24.476
35 68 40 86.07
36 533 31 9.056
37 184 44 99.301
38 267 57 19.602
39 80 54 10.519
40 1433 60 70.858
41 1400 26 92.443
42 1075 18 68.393
43 483 55 28.207
44 1392 38 54.975
45 1188 18 59.057
46 1009 43 84.043
47 1435 59 46.841
48 169 21 80.319
49 237 32 76.95
50 1291 22 24.954
51 498 2 95.878
52 556 8 92.45
53 452 24 22.346
54 682 28 8.152
55 207 51 19.184
56 1429 15 5.929
57 1176 41 70.019
58 1234 44 9.699
59 55 8 83.231
60 387 39 75.492
61 246 26 11.998
62 759 54 15.211
63 75 39 2.836
64 399 12 94.125
65 254 31 27.601
66 126 60 89.044
67 47 35 55.787
68 1271 7 34.069
69 144 15 9.434
70 1325 20 45.914
71 894 12 8.001
72 1032 30 5.162
73 1222 7 91.662
74 802 13 34.097
75 735 58 95.893
76 964 54 74.681
77 347 45 88.165
78 417 50 7.609
79 1385 11 21.228
80 702 34 32.859
