100
1 28 1 84.366
2 28 11 99.999
3 56 2 84.366
4 56 12 99.999
5 84 3 84.366
6 84 13 99.999
7 112 4 84.366
8 112 14 99.999
9 140 5 84.366
10 140 15 99.999
11 168 6 84.366
12 168 16 99.999
13 196 7 84.366
14 196 17 99.999
15 224 8 84.366
16 224 18 99.999
17 252 9 84.366
18 252 19 99.999
19 280 10 84.366
20 280 20 99.999
21 308 11 84.366
22 308 21 99.999
23 336 12 84.366
24 336 22 99.999
25 364 13 84.366
26 364 23 99.999
27 392 14 84.366
28 392 24 99.999
29 420 15 84.366
30 420 25 99.999
31 448 16 84.366
32 448 26 99.999
33 476 17 84.366
34 476 27 99.999
35 504 18 84.366
36 504 28 99.999
37 532 19 84.366
38 532 29 99.999
39 560 20 84.366
40 560 30 99.999
41 588 21 84.366
42 588 31 99.999
43 616 22 84.366
44 616 32 99.999
45 644 23 84.366
46 644 33 99.999
47 672 24 84.366
48 672 34 99.999
49 700 25 84.366
50 700 35 99.999
51 728 26 84.366
52 728 36 99.999
53 756 27 84.366
54 756 37 99.999
55 784 28 84.366
56 784 38 99.999
57 812 29 84.366
58 812 39 99.999
59 840 30 84.366
60 840 40 99.999
61 868 31 84.366
62 868 41 99.999
63 896 32 84.366
64 896 42 99.999
65 924 33 84.366
66 924 43 99.999
67 952 34 84.366
68 952 44 99.999
69 980 35 84.366
70 980 45 99.999
71 1008 36 84.366
72 1008 46 99.999
73 1036 37 84.366
74 1036 47 99.999
75 1064 38 84.366
76 1064 48 99.999
77 1092 39 84.366
78 1092 49 99.999
79 1120 40 84.366
80 1120 50 99.999
81 1148 41 84.366
82 1148 51 99.999
83 1176 42 84.366
84 1176 52 99.999
85 1204 43 84.366
86 1204 53 99.999
87 1232 44 84.366
88 1232 54 99.999
89 1260 45 84.366
90 1260 55 99.999
91 1288 46 84.366
92 1288 56 99.999
93 1316 47 84.366
94 1316 57 99.999
95 1344 48 84.366
96 1344 58 99.999
97 1372 49 84.366
98 1372 59 99.999
99 1400 50 84.366
100 1400 60 99.999
