100
1 1062 53 36.752
2 682 47 25.483
3 1418 7 54.002
4 812 2 61.335
5 364 11 73.010
6 1032 8 51.218
7 381 33 75.481
8 69 8 10.012
9 305 36 71.290
10 683 27 37.480
11 1275 15 71.100
12 275 4 74.063
13 723 23 60.338
14 653 25 7.306
15 258 12 97.325
16 975 20 24.712
17 561 20 57.853
18 1282 32 26.839
19 608 42 9.626
20 1161 39 19.490
21 1319 8 35.297
22 60 15 8.135
23 1229 37 15.650
24 345 59 71.836
25 546 9 72.922
26 829 33 41.125
27 1306 54 92.993
28 1366 31 56.976
29 1391 51 69.017
30 667 24 71.044
31 80 34 90.608
32 1358 49 30.595
33 279 36 83.042
34 1297 37 27.491
35 901 53 24.438
36 761 13 81.486
37 969 18 51.428
38 974 24 16.292
39 1249 35 43.399
40 1208 32 33.180
41 770 19 31.230
42 899 30 29.406
43 1262 46 18.795
44 461 25 10.808
45 793 36 12.185
46 964 42 86.473
47 694 25 55.731
48 317 19 35.059
49 112 41 18.797
50 1399 8 64.699
51 345 2 77.349
52 860 26 68.502
53 673 1 21.580
54 1356 54 25.941
55 1092 53 8.766
56 198 1 33.705
57 724 19 63.041
58 583 11 70.340
59 991 60 91.082
60 23 11 27.998
61 1239 11 73.429
62 530 15 42.980
63 663 19 11.729
64 363 54 53.365
65 695 41 49.901
66 831 49 0.079
67 330 39 3.977
68 1400 8 45.113
69 68 48 35.404
70 602 38 70.365
71 616 19 1.300
72 1169 6 55.885
73 195 8 6.798
74 929 42 14.565
75 863 52 27.332
76 763 48 35.976
77 959 28 61.038
78 529 24 30.303
79 711 16 79.146
80 1088 2 30.051
81 691 5 72.921
82 675 22 14.408
83 735 10 82.165
84 759 51 19.724
85 884 10 64.282
86 1241 56 2.355
87 1142 36 23.898
88 173 58 48.162
89 95 47 99.347
90 281 50 66.209
91 240 26 92.094
92 618 25 20.328
93 905 6 1.274
94 1096 60 38.650
95 161 25 31.138
96 549 31 33.081
97 565 32 6.619
98 200 14 38.013
99 39 9 55.284
100 237 16 45.216
