100
1 228 23 53
2 748 51 24
3 113 53 82
4 125 42 25
5 323 32 15
6 643 44 52
7 1232 14 51
8 305 12 46
9 1403 41 52
10 41 4 79
11 525 24 35
12 451 21 82
13 608 29 35
14 1342 25 12
15 515 52 43
16 1249 54 81
17 112 59 39
18 7 22 45
19 120 31 59
20 91 47 55
21 1421 17 12
22 1440 33 84
23 20 59 78
24 1001 37 93
25 1330 52 12
26 1012 13 97
27 571 54 69
28 1188 42 20
29 284 23 89
30 1122 15 63
31 537 21 59
32 878 51 58
33 523 10 7
34 780 60 15
35 76 10 49
36 82 24 63
37 1108 28 68
38 1254 43 73
39 640 30 60
40 1190 47 58
41 480 27 49
42 1209 17 25
43 914 34 19
44 1257 12 21
45 315 42 85
46 500 17 72
47 100 40 49
48 47 52 8
49 580 38 64
50 227 8 79
51 286 28 18
52 216 39 53
53 197 14 53
54 664 41 31
55 879 33 18
56 1420 45 15
57 420 9 69
58 357 47 12
59 511 32 23
60 65 3 80
61 469 29 93
62 1291 21 29
63 863 42 45
64 712 22 19
65 1357 31 97
66 970 51 61
67 969 29 54
68 1340 45 7
69 659 14 97
70 772 45 87
71 1187 45 86
72 1378 39 59
73 1009 44 64
74 1034 7 9
75 520 43 74
76 811 14 17
77 597 24 88
78 835 41 67
79 824 41 12
80 238 37 93
81 447 42 41
82 1043 55 76
83 1014 25 41
84 1290 50 75
85 123 34 32
86 970 47 61
87 1439 7 37
88 139 22 14
89 39 37 81
90 174 27 49
91 9 44 76
92 773 34 17
93 499 45 55
94 573 37 62
95 318 57 12
96 1009 19 15
97 1237 6 25
98 288 11 6.7
99 628 14 98
100 169 24 58
