100
1 1440 60 90
2 10 10 20
3 10 60 3.5
4 49 50 40
5 50 50 39.5
6 1 60 25.3
7 10 15 10
8 10 15 10
9 734 50 29.385
10 638 28 55.562
11 529 15 31.612
12 1109 11 19.185
13 1282 53 47.741
14 1263 56 55.522
15 512 4 87.21
16 1056 41 12.159
17 505 33 43.283
18 1373 59 58.354
19 1342 4 43.016
20 485 58 84.844
21 975 32 85.751
22 19 27 83.931
23 704 31 71.074
24 705 14 31.242
25 1417 49 23.695
26 1031 35 47.492
27 462 7 41.323
28 528 52 81.558
29 356 20 55.123
30 464 53 13.904
31 716 48 42.255
32 516 24 38.682
33 887 33 53.65
34 419 8 39.135
35 1217 31 35.4
36 1135 11 33.798
37 253 18 28.93
38 498 16 80.094
39 452 33 59.025
40 828 56 13.833
41 587 2 48.318
42 887 57 29.176
43 318 25 64.153
44 583 37 88.174
45 1072 44 61.379
46 797 43 98.002
47 87 19 63.03
48 1259 6 55.967
49 598 56 36.488
50 709 22 16.342
51 213 33 24.285
52 219 47 87.912
53 1319 28 89.767
54 33 2 99.97
55 867 23 56.029
56 1036 59 84.137
57 1376 8 94.434
58 1268 51 16.346
59 649 51 36.482
60 152 24 8.934
61 500 17 85.741
62 25 9 81.386
63 483 45 81.252
64 67 17 14.46
65 1091 43 85.642
66 551 26 95.524
67 1051 4 75.349
68 490 24 11.212
69 1113 3 4.236
70 1049 35 63.736
71 1119 60 48.364
72 905 56 2.459
73 1000 26 95.588
74 281 58 90.379
75 1377 44 0.314
76 912 47 67.64
77 20 26 46.274
78 1355 7 37.846
79 896 55 8.779
80 1229 52 72.162
81 1067 46 4.707
82 306 54 59.998
83 517 9 73.757
84 995 23 87.235
85 512 28 64.625
86 743 57 61.321
87 1369 38 61.605
88 654 23 92.575
89 1022 32 26.562
90 81 42 58.685
91 644 20 85.142
92 330 30 37.156
93 50 10 18.099
94 379 52 1.941
95 423 34 66.688
96 855 35 83.914
97 1340 2 38.778
98 947 37 8.37
99 51 45 57.219
100 1281 53 35.002
