80
1 968 39 68
2 364 49 87
3 843 59 40
4 45 19 26
5 1414 39 32
6 866 1 61
7 508 46 41
8 96 36 16
9 1070 26 30
10 431 9 90
11 683 33 24
12 1049 38 59
13 1394 34 51
14 23 49 32
15 448 47 45
16 586 35 20
17 59 15 27
18 991 21 90
19 269 12 30
20 1409 5 10
21 658 51 76
22 1308 46 85
23 459 21 96
24 319 24 92
25 968 2 97
26 1015 38 86
27 417 33 65
28 345 51 51
29 684 9 49
30 629 34 41
31 1396 58 13
32 712 5 32
33 616 19 33
34 1066 10 35
35 893 50 39
36 154 15 68
37 1175 52 5
38 1317 3 46
39 746 30 66
40 828 32 63
41 495 28 98
42 137 10 18
43 260 57 74
44 1091 49 97
45 1077 33 54
46 1239 14 15
47 346 19 61
48 666 11 64
49 846 4 97
50 1157 40 29
51 1423 3 75
52 1354 34 11
53 1155 4 8
54 944 33 15
55 641 9 81
56 248 40 42
57 1325 19 49
58 109 3 45
59 828 46 6
60 248 42 40
61 811 25 10
62 556 49 19
63 1 40 85
64 313 28 9
65 322 42 49
66 458 35 58
67 1291 27 71
68 736 51 19
69 617 15 68
70 135 42 44
71 392 47 70
72 1259 29 85
73 1266 34 16
74 598 34 26
75 584 51 72
76 14 48 39
77 134 4 94
78 241 51 6
79 287 14 11
80 1104 47 63
