97
1 714 23 74.567
2 1029 12 60.453
3 1049 58 62.727
4 534 3 45.328
5 366 43 13.206
6 689 38 67.633
7 320 31 61.953
8 1440 27 20.543
9 1065 46 48.716
10 784 7 77.766
11 1041 32 87.712
12 1219 14 71.456
13 1385 44 58.114
14 473 19 66.735
15 1119 22 9.533
16 875 52 98.048
17 1312 31 39.504
18 1095 46 80.575
19 451 48 82.824
20 794 30 31.02
21 1432 35 31.966
22 506 11 61.493
23 150 49 54.015
24 247 46 39.583
25 1300 53 75.288
26 1203 14 79.968
27 459 35 75.432
28 550 59 83.798
29 299 3 27.711
30 795 42 2.52
31 1301 36 14.979
32 65 17 16.02
33 254 47 57.986
34 300 54 5.737
35 77 15 43.167
36 1216 51 75.424
37 282 7 73.573
38 995 59 32.31
39 821 42 55.582
40 253 35 20.151
41 314 16 68.72
42 691 2 37.509
43 273 53 7.584
44 1307 34 15.781
45 646 5 34.973
46 1326 38 12.406
47 991 23 9.63
48 13 11 99.309
49 1219 27 64.927
50 803 27 47.074
51 427 26 1.293
52 592 17 44.323
53 739 16 70.261
54 1095 43 69.598
55 22 1 54.297
56 582 10 67.236
57 1232 19 86.417
58 550 19 43.233
59 1414 22 45.625
60 836 7 58.651
61 70 42 38.842
62 1021 52 78.031
63 1232 30 62.005
64 483 3 73.724
65 299 26 43.174
66 1060 42 31.314
67 731 19 2.652
68 73 40 75.752
69 1339 47 35.323
70 362 48 22.495
71 165 60 69.518
72 896 10 93.428
73 1431 43 6.004
74 947 20 75.269
75 785 22 52.907
76 720 59 76.882
77 517 47 54.468
78 1431 59 70.322
79 679 41 76.354
80 1374 43 43.199
81 714 17 65.04
82 42 5 49.154
83 1349 29 71.508
84 316 28 36.92
85 1113 55 1.766
86 558 56 41.283
87 42 33 30.629
88 880 8 28.6
89 818 12 49.381
90 1402 39 86.719
91 1367 25 69.504
92 898 41 30.527
93 223 56 25.919
94 167 32 95.064
95 294 54 87.654
96 748 28 1.762
97 696 26 48.022
