100
1 945 27 55.737
2 714 46 59.553
3 218 25 9.588
4 889 52 8.617
5 589 32 83.972
6 1207 43 95.743
7 1415 38 96.527
8 544 21 17.87
9 879 60 12.452
10 1124 56 42.693
11 1373 16 87.604
12 918 36 58.804
13 83 57 34.56
14 1313 7 50.406
15 210 22 53.425
16 1285 7 64.352
17 214 14 6.091
18 855 38 42.992
19 98 2 11.956
20 152 47 47.509
21 536 20 49.349
22 513 55 94.401
23 580 27 87.012
24 149 1 90.763
25 747 21 67.84
26 652 40 7.021
27 1285 32 7.873
28 1371 29 20.247
29 760 3 75.782
30 562 54 24.338
31 1274 23 96.081
32 377 32 20.678
33 1149 31 59.102
34 777 10 37.911
35 864 19 19.789
36 920 28 17.902
37 231 17 26.368
38 159 51 58.585
39 647 28 46.047
40 422 10 88.38
41 933 53 47.415
42 1202 41 92.453
43 78 59 34.258
44 507 39 78.359
45 1210 58 94.934
46 838 31 77.584
47 140 39 35.412
48 1239 36 76.901
49 76 53 64.519
50 356 18 68.733
51 926 8 73.46
52 1333 41 37.822
53 1347 11 34.419
54 96 23 41.258
55 438 12 60.502
56 1220 19 65.868
57 1081 28 25.559
58 952 48 46.205
59 656 3 1.387
60 1316 7 90.615
61 542 10 48.907
62 577 56 55.657
63 980 59 47.857
64 1436 54 47.901
65 314 53 26.617
66 235 24 24.583
67 975 32 90.515
68 1340 11 13.815
69 1041 52 79.875
70 629 36 40.862
71 851 8 99.826
72 76 40 23.686
73 237 41 25.218
74 981 35 37.546
75 1411 54 61.971
76 1397 14 35.955
77 399 20 96.673
78 356 52 59.717
79 872 16 2.586
80 1158 37 13.439
81 1175 60 34.793
82 1416 32 21.002
83 444 13 92.145
84 260 37 81.988
85 54 43 93.928
86 257 28 78.957
87 976 26 90.013
88 731 33 88.734
89 485 7 26.606
90 844 8 9.126
91 1330 43 84.195
92 1218 3 12.99
93 1062 56 29.728
94 1117 52 21.435
95 1106 7 61.178
96 300 51 11.828
97 1390 25 68.386
98 467 39 82.527
99 549 60 60.313
100 469 53 48.881
