81
1 792 45 31
2 755 10 93
3 1119 55 8
4 240 24 33
5 612 53 68
6 531 34 66
7 710 21 7
8 521 6 12
9 586 47 84
10 461 8 78
11 169 4 4
12 662 53 94
13 1209 22 99
14 750 45 93
15 33 6 71
16 267 48 96
17 1140 18 43
18 124 14 66
19 1188 36 56
20 711 57 82
21 1012 37 92
22 472 17 21
23 927 4 12
24 40 48 90
25 753 37 27
26 479 56 90
27 697 9 16
28 680 16 94
29 902 42 21
30 1340 11 54
31 375 3 51
32 1214 19 60
33 919 17 85
34 1205 46 44
35 178 20 96
36 1074 36 58
37 227 33 90
38 634 25 40
39 1226 13 98
40 1126 23 73
41 900 13 33
42 619 42 22
43 694 38 35
44 1369 25 41
45 476 34 99
46 1055 27 10
47 912 54 48
48 573 45 57
49 781 30 31
50 1068 23 70
51 447 5 88
52 922 21 66
53 1027 7 48
54 220 21 26
55 1388 47 65
56 228 1 4
57 847 35 6
58 347 12 23
59 147 35 51
60 1215 19 46
61 163 18 48
62 153 15 96
63 951 32 9
64 1405 17 54
65 1107 12 27
66 476 19 39
67 1428 55 87
68 35 21 12
69 965 42 75
70 668 5 49
71 96 30 91
72 521 37 12
73 1173 10 54
74 202 22 57
75 347 28 55
76 574 38 52
77 442 40 73
78 1430 40 35
79 852 13 51
80 1298 17 14
81 1084 58 36
