100
1 737 15 16
2 332 6 39
3 1183 2 21
4 1238 13 37
5 269 23 79
6 525 30 27
7 1016 5 66
8 371 36 94
9 396 27 8
10 1333 5 53
11 327 5 29
12 1124 21 81
13 971 56 25
14 544 26 16
15 630 8 14
16 1065 14 94
17 467 54 61
18 760 36 1
19 454 40 24
20 297 32 92
21 1381 58 4
22 334 13 7
23 381 47 83
24 1214 17 12
25 32 21 74
26 1290 53 64
27 1198 8 59
28 1210 5 97
29 200 56 79
30 1070 11 38
31 1225 59 59
32 496 51 55
33 262 1 54
34 284 54 17
35 1023 59 68
36 292 11 94
37 56 50 95
38 1109 45 85
39 147 26 71
40 196 12 44
41 1316 17 30
42 988 3 93
43 742 59 3
44 328 48 56
45 260 37 62
46 446 31 42
47 698 54 86
48 1219 41 17
49 844 17 16
50 630 29 57
51 867 12 19
52 178 53 4
53 557 3 84
54 295 1 79
55 450 10 34
56 160 60 23
57 1096 52 30
58 444 12 35
59 504 22 85
60 712 31 74
61 1151 13 31
62 159 11 26
63 834 10 55
64 1209 30 95
65 1092 55 61
66 72 30 83
67 177 18 78
68 357 23 78
69 100 28 85
70 214 20 74
71 967 38 62
72 959 37 82
73 1331 27 39
74 625 16 74
75 1317 60 91
76 36 3 29
77 418 47 57
78 616 32 72
79 486 56 92
80 593 24 46
81 791 22 97
82 424 49 86
83 1200 32 85
84 1181 23 39
85 944 27 20
86 417 34 42
87 992 3 25
88 508 43 73
89 876 10 74
90 410 39 7
91 764 50 34
92 100 34 53
93 1017 27 5
94 1121 28 31
95 866 49 14
96 991 47 18
97 484 30 60
98 900 47 67
99 478 58 3
100 763 43 79