100
1 842 10 17
2 1070 1 3
3 1060 36 61
4 112 25 42
5 192 25 42
6 1258 43 72
7 1398 33 55
8 39 57 96
9 162 44 74
10 1014 47 79
11 423 7 12
12 574 55 92
13 533 37 63
14 1434 3 5
15 1299 12 20
16 719 21 35
17 1274 57 96
18 205 27 46
19 1251 39 65
20 203 6 11
21 206 42 70
22 976 24 40
23 216 8 14
24 1229 19 32
25 908 16 27
26 566 14 24
27 545 40 68
28 598 7 12
29 1303 42 70
30 902 16 28
31 1340 30 50
32 408 3 6
33 458 21 35
34 1113 15 25
35 363 7 12
36 19 42 71
37 518 22 37
38 1191 43 73
39 1179 58 98
40 371 42 71
41 32 25 42
42 1308 37 62
43 1372 4 7
44 469 23 39
45 740 21 36
46 1200 34 57
47 1225 1 2
48 1250 43 73
49 904 1 1
50 198 25 43
51 513 31 53
52 581 46 77
53 971 39 65
54 64 55 92
55 250 18 31
56 74 43 72
57 736 3 5
58 193 21 35
59 747 3 6
60 1247 30 50
61 1093 53 89
62 791 15 25
63 815 25 42
64 1176 24 40
65 349 40 67
66 941 36 60
67 1031 18 30
68 438 37 63
69 706 21 36
70 1109 4 8
71 1100 33 56
72 120 1 2
73 179 34 58
74 1066 1 2
75 1240 49 83
76 232 50 84
77 1193 19 33
78 890 34 58
79 144 4 7
80 945 12 21
81 1161 19 32
82 902 3 5
83 361 17 29
84 224 45 75
85 868 16 28
86 1134 1 2
87 1347 56 94
88 579 19 32
89 866 25 42
90 1412 58 98
91 123 22 37
92 1141 24 41
93 874 51 86
94 1129 47 79
95 1223 36 61
96 976 26 44
97 671 21 35
98 294 8 14
99 1314 48 81
100 1178 3 5
