100
1 170 25 79.036
2 1055 32 46.214
3 419 47 53.922
4 1394 45 41.418
5 982 52 42.98
6 1319 2 33.181
7 637 46 2.905
8 148 33 54.21
9 795 28 22.672
10 1218 11 75.817
11 880 16 88.726
12 1255 7 17.648
13 1396 45 88.838
14 226 52 28.604
15 576 42 52.396
16 108 9 23.76
17 1057 40 65.886
18 432 38 70.216
19 1119 13 8.711
20 64 19 85.256
21 223 7 19.186
22 298 15 96.076
23 818 14 94.378
24 41 57 41.407
25 62 33 46.016
26 333 8 2.862
27 691 52 85.985
28 173 12 60.872
29 765 13 95.341
30 669 24 80.371
31 751 18 10.451
32 788 14 18.366
33 1352 19 38.961
34 905 37 81.092
35 731 59 63.964
36 657 48 77.369
37 1140 4 8.543
38 275 5 90.254
39 315 39 48.705
40 799 7 71.876
41 233 12 39.353
42 1174 8 79.303
43 1020 10 33.447
44 496 34 90.777
45 1207 42 42.78
46 1341 12 61.394
47 1142 11 27.728
48 160 13 8.039
49 1424 11 12.053
50 808 3 92.484
51 784 23 35.7
52 1328 2 16.279
53 338 29 54.428
54 335 6 40.314
55 376 33 3.776
56 278 1 33.172
57 862 50 78.295
58 1261 52 23.382
59 998 40 25.26
60 165 11 18.115
61 1268 50 13.674
62 1190 22 40.314
63 239 31 61.446
64 1196 11 25.348
65 18 43 97.408
66 394 51 1.148
67 1064 48 74.755
68 1413 42 94.562
69 1361 25 62.556
70 279 24 24.415
71 1431 32 15.307
72 659 20 55.055
73 212 37 66.106
74 1184 60 90.961
75 41 27 17.703
76 847 37 90.66
77 787 7 5.096
78 120 12 46.499
79 177 23 5.257
80 1415 54 82.526
81 93 46 55.168
82 244 59 27.214
83 1288 45 28.069
84 22 55 83.939
85 1008 14 76.798
86 879 33 15.429
87 413 35 48.519
88 1039 40 68.808
89 686 42 76.029
90 1287 15 57.486
91 168 53 86.638
92 884 46 31.038
93 1063 5 94.158
94 650 1 21.247
95 1412 49 54.003
96 1194 17 53.811
97 710 60 67.032
98 1230 17 51.56
99 531 60 32.089
100 846 33 26.543
