90
1 901 31 54.565
2 921 55 12.83
3 60 46 40.944
4 427 54 80.94
5 1266 28 10.92
6 961 37 10.0
7 527 12 79.86
8 1057 42 76.9
9 221 60 34.1
10 632 26 12.801
11 703 33 50.8
12 98 25 48.077
13 1018 37 94.41
14 18 32 94.731
15 535 36 49.6
16 1373 23 28.2
17 610 2 54.3
18 170 20 74.75
19 1065 26 91.8
20 601 34 45.6
21 1082 1 64.16
22 1092 1 9.663
23 1386 59 5.84
24 1053 19 48.85
25 713 30 1.01
26 364 1 90.213
27 718 4 24.2
28 804 22 75.1
29 319 1 4.67
30 147 58 0.5
31 141 18 79.766
32 1224 32 96.6
33 718 58 53.0
34 275 39 47.9
35 1272 49 65.1
36 532 50 6.42
37 67 45 59.4
38 680 24 56.295
39 1020 42 98.95
40 625 28 75.887
41 956 32 88.1
42 12 14 1.6
43 168 57 0.11
44 1374 1 27.728
45 1184 13 99.31
46 1127 17 56.1
47 135 28 60.52
48 1248 41 31.34
49 981 57 65.266
50 1248 50 82.06
51 387 4 66.7
52 686 2 27.482
53 887 18 76.812
54 1080 7 40.4
55 754 31 12.49
56 987 36 32.97
57 75 35 57.203
58 1071 52 61.839
59 44 56 79.4
60 203 18 65.9
61 652 24 18.02
62 252 28 50.4
63 1232 60 22.445
64 1177 35 33.448
65 172 40 90.4
66 865 17 60.16
67 390 30 1.8
68 553 54 90.95
69 335 32 50.94
70 537 29 38.684
71 667 21 87.5
72 1012 8 17.802
73 3 50 91.5
74 1161 53 77.2
75 564 15 63.274
76 1390 31 41.479
77 1400 5 18.8
78 1194 46 47.4
79 138 33 98.8
80 1420 10 27.32
81 1086 27 48.74
82 187 42 22.9
83 1036 49 9.5
84 175 21 88.0
85 245 28 66.819
86 533 53 51.8
87 843 19 57.9
88 565 9 56.59
89 1414 8 14.955
90 1010 56 97.6