100			
1	1	29	45
2	2	21	51
3	3	39	60
4	4	17	47
5	5	54	50
6	6	19	44
7	7	13	58
8	8	30	47
9	9	51	55
10	10	27	47
11	11	43	40
12	12	51	52
13	13	27	58
14	14	8	55
15	15	39	45
16	16	42	48
17	17	15	46
18	18	11	42
19	19	36	52
20	20	39	44
21	21	54	45
22	22	31	50
23	23	29	55
24	24	25	51
25	25	56	41
26	26	41	40
27	27	44	59
28	28	27	40
29	29	43	45
30	30	50	51
31	31	58	44
32	32	42	49
33	33	47	58
34	34	40	41
35	35	30	46
36	36	54	51
37	37	24	44
38	38	11	52
39	39	55	55
40	40	56	54
41	41	36	48
42	42	60	44
43	43	26	51
44	44	24	57
45	45	18	46
46	46	6	53
47	47	60	52
48	48	46	42
49	49	26	42
50	50	53	54
51	51	16	45
52	52	26	56
53	53	11	57
54	54	26	42
55	55	46	45
56	56	2	49
57	57	8	60
58	58	45	52
59	59	44	41
60	60	54	43
61	61	54	52
62	62	9	49
63	63	9	53
64	64	42	52
65	65	32	54
66	66	12	53
67	67	33	53
68	68	20	41
69	69	18	54
70	70	33	53
71	71	30	40
72	72	44	42
73	73	40	54
74	74	32	40
75	75	47	53
76	76	21	51
77	77	13	42
78	78	32	55
79	79	10	60
80	80	26	45
81	81	44	57
82	82	11	53
83	83	39	53
84	84	3	52
85	85	46	47
86	86	60	55
87	87	18	53
88	88	37	58
89	89	11	54
90	90	8	50
91	91	60	56
92	92	60	50
93	93	53	42
94	94	39	40
95	95	57	54
96	96	43	43
97	97	31	41
98	98	8	45
99	99	29	42
100	100	5	49