100
1 700 26 57.278
2 88 58 13.67
3 1163 15 79.433
4 413 48 12.088
5 332 5 18.727
6 1195 52 41.598
7 1409 5 83.961
8 1294 40 39.875
9 1116 34 90.47
10 125 33 56.449
11 828 5 85.757
12 1346 30 12.295
13 85 29 50.902
14 1054 53 95.334
15 1378 54 1.123
16 81 45 81.413
17 1051 18 72.915
18 1372 15 11.049
19 315 29 94.181
20 971 4 46.375
21 919 45 4.471
22 105 52 26.938
23 1410 41 31.411
24 756 39 96.066
25 325 47 86.655
26 1194 29 10.576
27 459 15 64.529
28 666 1 76.108
29 776 58 56.91
30 911 37 6.934
31 1346 3 23.495
32 411 10 55.641
33 1431 52 48.329
34 111 5 39.473
35 1013 12 78.994
36 626 37 64.967
37 1072 53 51.149
38 1283 53 58.398
39 1232 36 95.234
40 1229 16 89.87
41 1182 51 63.755
42 1431 45 70.956
43 65 43 34.584
44 336 43 70.868
45 746 51 36.085
46 1280 58 54.635
47 685 60 46.981
48 1056 7 75.554
49 501 45 31.986
50 467 49 24.37
51 177 16 45.383
52 660 52 47.704
53 1052 36 6.757
54 648 36 18.123
55 427 3 62.468
56 546 20 91.998
57 297 16 61.66
58 292 30 71.058
59 852 60 44.817
60 1264 22 25.265
61 229 6 57.604
62 834 15 57.399
63 601 57 5.789
64 65 15 77.377
65 668 44 92.415
66 817 54 12.405
67 1080 60 40.473
68 1224 4 40.226
69 1029 7 70.322
70 1041 35 50.787
71 1154 27 84.342
72 522 33 46.5
73 989 4 7.845
74 502 38 13.333
75 196 39 4.274
76 1006 47 30.185
77 809 17 47.497
78 301 49 41.012
79 1255 57 51.296
80 337 29 84.275
81 454 2 43.053
82 469 35 23.781
83 1375 27 41.718
84 231 18 46.505
85 608 58 33.434
86 927 35 82.164
87 288 3 77.373
88 460 11 96.991
89 932 5 1.858
90 1096 19 93.221
91 666 2 56.677
92 324 42 61.232
93 1309 6 74.307
94 800 52 38.959
95 1272 16 90.186
96 1173 9 34.47
97 1349 32 9.79
98 1049 33 58.963
99 55 48 83.03
100 526 5 8.908
