100
1 146 14 23.327
2 771 24 7.243
3 747 52 50.957
4 445 50 75.975
5 112 43 38.473
6 67 30 48.586
7 594 42 16.509
8 664 47 76.212
9 1317 12 15.861
10 1276 2 52.183
11 516 43 34.069
12 21 43 23.6
13 814 42 1.91
14 950 35 60.627
15 211 5 23.64
16 629 10 74.637
17 419 12 69.029
18 24 42 64.656
19 1101 30 89.05
20 188 46 75.357
21 603 43 90.107
22 992 13 25.296
23 1440 47 66.408
24 1128 52 80.549
25 1021 22 50.017
26 927 34 65.09
27 1309 9 60.976
28 1234 8 84.478
29 283 17 38.54
30 842 36 14.266
31 658 29 63.732
32 361 56 25.903
33 771 9 29.44
34 1201 34 94.967
35 1048 30 27.183
36 877 18 59.353
37 935 4 79.956
38 835 5 13.598
39 1087 14 18.939
40 46 60 5.123
41 745 53 35.849
42 38 44 36.717
43 209 48 42.798
44 704 19 89.496
45 105 35 27.039
46 1389 50 85.39
47 916 3 9.658
48 20 2 77.877
49 219 15 10.767
50 546 19 56.317
51 365 46 80.015
52 1393 10 87.809
53 70 9 78.989
54 298 4 20.397
55 807 42 16.41
56 147 10 20.795
57 1281 38 12.852
58 374 51 51.131
59 1435 19 72.116
60 127 54 48.26
61 1349 27 7.391
62 1388 18 94.451
63 902 17 42.153
64 483 36 21.907
65 544 49 8.957
66 173 57 72.601
67 474 29 41.209
68 105 17 66.887
69 1315 27 10.908
70 598 33 92.361
71 649 43 98.393
72 684 49 52.777
73 918 25 18.231
74 409 19 68.643
75 250 20 90.342
76 70 33 81.047
77 793 32 32.226
78 219 9 58.611
79 660 7 66.112
80 950 3 30.222
81 162 13 88.536
82 250 2 6.958
83 309 44 51.901
84 656 45 79.427
85 361 27 74.076
86 179 14 75.55
87 1220 38 52.366
88 1049 38 27.781
89 2 5 75.36
90 1227 8 19.068
91 1332 45 85.077
92 1031 7 69.84
93 1191 53 84.389
94 390 17 57.936
95 1158 54 35.176
96 950 14 67.187
97 524 3 81.08
98 1222 22 9.197
99 102 58 3.965
100 224 58 38.553
