100
1 414 15 20.63
2 1436 27 84.87
3 1387 27 59.3
4 1114 17 4.79
5 897 21 90.8
6 526 17 30.464
7 498 9 22.03
8 1198 17 71.346
9 365 21 68.67
10 1219 23 30.09
11 316 13 76.505
12 1107 11 53.22
13 393 39 59.804
14 1093 25 13.374
15 960 37 3.853
16 1268 31 88.08
17 1282 39 58.64
18 204 17 59.414
19 435 19 30.899
20 1163 13 46.78
21 680 33 4.973
22 1303 15 91.95
23 617 25 89.5
24 169 13 10.89
25 1065 33 96.168
26 813 17 12.187
27 1149 15 13.96
28 211 21 59.904
29 358 29 18.65
30 1058 23 58.628
31 918 5 25.39
32 1366 9 29.99
33 162 11 88.637
34 386 25 73.59
35 1037 25 36.5
36 596 23 78.036
37 323 23 4.137
38 470 35 5.215
39 470 39 92.538
40 736 9 17.069
41 1289 25 45.8
42 750 33 42.447
43 1233 7 87.05
44 204 15 63.635
45 78 39 1.961
46 988 13 71.33
47 393 31 2.434
48 855 15 14.77
49 1037 31 78.825
50 337 23 39.765
51 876 33 0.765
52 617 27 43.38
53 1058 19 34.62
54 1373 31 11.785
55 1394 37 38.728
56 701 25 1.484
57 211 5 30.9
58 498 21 85.92
59 736 35 58.957
60 1023 23 20.75
61 659 33 52.53
62 1009 13 33.86
63 435 15 64.48
64 1366 39 28.231
65 1149 23 27.5
66 57 27 43.685
67 1310 17 0.516
68 1240 35 3.49
69 1044 17 32.085
70 890 9 44.48
71 981 31 0.735
72 729 35 36.986
73 1212 27 86.42
74 85 21 24.218
75 988 39 34.914
76 1380 15 66.67
77 1114 21 21.641
78 547 33 45.37
79 1205 11 43
80 624 11 97.67
81 568 31 67.27
82 1436 13 27.94
83 645 17 75.794
84 988 29 84.17
85 1009 25 2.896
86 1079 33 77.526
87 1373 33 73.767
88 638 39 82.939
89 995 33 73.99
90 456 11 73.95
91 484 21 85.521
92 477 33 27.154
93 1093 35 63.98
94 645 21 24.687
95 904 29 67.35
96 1149 7 65.073
97 1240 9 94.921
98 1191 39 74.87
99 659 31 78.38
100 1170 11 33.61