100
1 692 3 57.94
2 1054 1 56.088
3 1407 5 53.121
4 857 12 21.157
5 1089 39 48.96
6 191 11 49.689
7 1229 29 2.124
8 546 22 8.151
9 386 44 15.598
10 149 45 9.266
11 868 14 15.351
12 1383 9 4.087
13 1362 44 18.148
14 268 2 29.799
15 1150 1 22.71
16 402 2 29.562
17 1422 31 48.705
18 807 14 17.661
19 659 29 24.607
20 351 56 47.404
21 1361 48 95.993
22 827 56 58.179
23 619 46 97.848
24 485 35 4.316
25 724 49 18.383
26 744 30 17.089
27 1129 4 83.7
28 1371 26 85.322
29 606 4 73.687
30 1146 25 52.586
31 1023 38 94.224
32 1040 53 89.024
33 845 52 47.843
34 484 49 43.838
35 80 20 66.702
36 452 8 62.007
37 1389 47 43.109
38 942 28 88.973
39 731 16 33.028
40 829 27 27.189
41 1186 36 82.235
42 566 54 28.464
43 940 18 26.833
44 1347 14 34.473
45 1314 36 40.235
46 646 45 53.797
47 1092 19 27.386
48 1282 57 11.516
49 464 54 14.894
50 1153 52 15.312
51 279 33 25.484
52 1094 12 16.266
53 761 8 57.422
54 92 49 74.602
55 530 13 99.234
56 1096 12 84.434
57 538 8 35.563
58 540 59 95.293
59 918 44 72.488
60 271 42 93.936
61 696 19 42.624
62 987 47 65.27
63 1282 38 71.305
64 1417 37 89.991
65 346 1 54.096
66 369 30 11.022
67 1315 37 42.406
68 463 57 33.943
69 1417 15 63.975
70 268 12 11.078
71 984 41 26.648
72 686 1 3.435
73 515 35 15.612
74 1295 42 67.584
75 429 57 55.714
76 867 48 85.829
77 582 34 5.203
78 1356 51 70.461
79 413 16 34.83
80 132 43 89.07
81 520 1 26.247
82 78 46 80.991
83 813 37 79.224
84 220 54 73.427
85 122 58 72.301
86 1269 14 13.428
87 981 1 5.633
88 666 32 74.32
89 297 31 32.447
90 1326 44 69.233
91 758 6 38.501
92 1143 6 26.755
93 695 11 86.938
94 850 50 58.743
95 1270 51 83.348
96 1178 58 46.915
97 731 33 90.929
98 1092 26 34.891
99 881 52 7.918
100 343 12 20.314