100
1 643 37 66.647
2 619 21 0.066
3 1123 53 84.322
4 1023 9 74.419
5 1386 39 91.151
6 942 29 44.536
7 430 6 26.227
8 184 13 65.749
9 80 60 37.145
10 151 1 6.496
11 1392 20 32.361
12 951 12 32.31
13 998 21 19.809
14 748 48 20.875
15 725 6 39.575
16 1021 15 12.03
17 387 4 97.48
18 35 22 35.571
19 923 34 85.958
20 184 58 92.062
21 30 23 76.38
22 295 32 75.693
23 1192 54 39.711
24 386 46 48.281
25 403 56 32.292
26 1011 60 60.058
27 664 42 65.384
28 285 22 53.043
29 1315 30 71.113
30 264 50 65.246
31 1086 14 87.746
32 694 37 80.055
33 1224 34 87.903
34 491 53 92.486
35 289 51 31.106
36 1392 58 51.044
37 866 48 68.548
38 713 22 65.433
39 365 58 57.76
40 722 59 14.252
41 1280 4 58.474
42 1161 42 12.08
43 1088 10 15.329
44 392 13 52.618
45 1358 46 25.761
46 868 18 88.559
47 1064 32 39.744
48 898 27 80.167
49 15 51 47.295
50 306 44 57.388
51 629 34 51.819
52 677 42 5.342
53 1162 54 68.923
54 1336 17 34.641
55 733 5 36.633
56 62 11 51.958
57 419 31 61.113
58 1188 10 75.198
59 496 20 8.309
60 94 19 93.406
61 1325 6 30.069
62 1185 2 91.485
63 1111 57 33.052
64 804 7 45.521
65 390 28 43.511
66 149 20 8.015
67 994 57 46.532
68 840 50 80.503
69 474 45 31.913
70 1398 29 76.467
71 658 3 17.319
72 141 6 86.085
73 157 26 91.955
74 371 28 28.041
75 952 50 5.346
76 953 25 97.84
77 777 10 27.676
78 269 6 30.328
79 1072 29 44.175
80 173 59 16.195
81 1339 9 78.78
82 1185 17 71.196
83 763 53 52.75
84 843 23 5.926
85 1127 6 52.953
86 872 45 66.174
87 1255 2 59.837
88 656 25 31.785
89 530 40 86.641
90 418 11 67.326
91 1232 47 53.101
92 859 44 56.059
93 192 40 94.231
94 367 52 68.193
95 755 48 2.362
96 1330 2 27.848
97 605 49 35.349
98 611 56 37.78
99 758 9 33.63
100 370 43 69.188
