86
1 247 21 11
2 1279 30 38
3 1126 44 22
4 980 26 50
5 1329 57 38
6 357 4 21
7 1310 43 39
8 864 8 61
9 1321 4 44
10 1340 46 48
11 772 33 46
12 852 38 47
13 1055 12 62
14 110 5 47
15 659 57 62
16 81 48 56
17 1023 30 18
18 175 37 7
19 54 59 57
20 1067 16 68
21 882 31 13
22 967 24 20
23 64 32 79
24 1098 48 19
25 348 44 96
26 868 33 64
27 23 34 33
28 1337 3 48
29 972 59 10
30 1102 56 50
31 1195 58 43
32 542 26 35
33 494 50 34
34 447 52 43
35 1027 33 27
36 1146 56 69
37 230 8 15
38 640 35 5
39 589 5 67
40 251 3 39
41 678 18 65
42 621 30 20
43 1250 48 68
44 175 2 88
45 898 60 77
46 34 46 66
47 1128 31 15
48 644 47 28
49 488 56 48
50 879 55 53
51 316 54 9
52 811 58 42
53 1043 24 52
54 1322 3 51
55 115 50 15
56 486 36 95
57 963 14 74
58 202 41 40
59 486 9 8
60 16 33 28
61 1398 51 53
62 1043 35 65
63 1037 29 54
64 96 46 65
65 117 20 84
66 566 36 76
67 1368 18 60
68 384 21 27
69 1000 35 85
70 619 20 53
71 872 54 74
72 327 43 98
73 880 19 80
74 168 38 2
75 372 11 54
76 1114 7 78
77 49 36 74
78 639 31 50
79 841 42 17
80 641 37 31
81 48 57 40
82 198 59 17
83 1283 10 37
84 968 59 56
85 947 36 25
86 197 42 6
