100
1 979 6 80
2 1402 47 21
3 1111 55 2
4 1073 20 10
5 739 39 8
6 199 2 12
7 309 38 26
8 631 18 50
9 653 22 70
10 471 13 52
11 330 32 29
12 581 59 90
13 934 59 78
14 193 16 15
15 332 43 66
16 538 7 40
17 292 32 52
18 494 29 65
19 136 44 31
20 529 52 8
21 17 25 62
22 52 9 72
23 397 27 31
24 33 49 70
25 697 46 78
26 208 38 27
27 827 36 98
28 463 3 78
29 1121 54 26
30 809 47 39
31 116 34 68
32 224 41 21
33 643 45 89
34 1216 7 36
35 1131 45 98
36 1264 4 18
37 358 18 38
38 542 24 12
39 526 20 45
40 778 22 43
41 1329 5 55
42 357 59 61
43 1179 11 85
44 521 53 18
45 994 31 58
46 1081 4 23
47 996 28 7
48 71 41 76
49 1286 32 61
50 583 59 41
51 546 46 46
52 786 33 96
53 268 52 60
54 748 15 1
55 1204 22 15
56 622 45 85
57 903 20 21
58 607 22 83
59 456 11 91
60 1029 54 34
61 596 12 37
62 159 19 4
63 1282 10 76
64 560 24 89
65 370 41 72
66 1043 2 42
67 232 31 57
68 270 28 71
69 800 15 18
70 1027 1 90
71 1253 31 46
72 1285 48 92
73 759 55 48
74 638 21 69
75 153 25 54
76 871 16 50
77 601 8 17
78 615 40 71
79 709 53 54
80 836 11 36
81 1108 19 94
82 746 17 73
83 263 9 52
84 59 23 61
85 836 17 90
86 957 8 74
87 613 9 14
88 1013 59 29
89 568 17 81
90 546 11 88
91 268 37 1
92 178 50 72
93 560 32 57
94 1104 30 59
95 342 2 73
96 975 39 88
97 133 36 46
98 359 32 8
99 658 8 8
100 60 19 15
