100
1 256 17 19
2 1279 1 90
3 79 45 77
4 1215 26 6
5 240 39 29
6 633 46 90
7 462 27 34
8 819 23 46
9 623 48 9
10 1344 14 56
11 72 14 12
12 451 3 84
13 43 46 55
14 743 7 27
15 309 22 57
16 889 53 21
17 714 47 73
18 838 23 89
19 1161 26 11
20 308 19 13
21 1309 54 44
22 839 7 20
23 1300 2 8
24 873 5 71
25 382 52 97
26 114 25 67
27 9 54 3
28 1286 46 61
29 556 57 38
30 37 26 32
31 1058 16 79
32 1367 45 26
33 1361 41 32
34 772 25 53
35 351 4 12
36 392 38 11
37 698 13 75
38 50 56 51
39 1066 22 95
40 671 40 2
41 95 35 10
42 362 24 48
43 1232 8 17
44 655 22 13
45 1166 21 9
46 722 32 34
47 174 27 83
48 688 58 84
49 763 9 3
50 47 25 47
51 907 21 10
52 627 59 87
53 900 49 86
54 867 35 45
55 468 19 61
56 613 30 74
57 1113 59 76
58 604 52 30
59 119 39 16
60 1187 23 78
61 81 55 81
62 857 24 13
63 1381 38 51
64 416 56 18
65 53 7 46
66 1399 22 8
67 1111 33 79
68 563 59 81
69 135 51 21
70 1111 55 94
71 1332 10 20
72 88 34 52
73 1045 44 71
74 594 2 5
75 945 19 86
76 1160 4 91
77 845 4 96
78 1140 42 95
79 762 39 98
80 111 3 94
81 756 28 44
82 1196 23 64
83 827 53 32
84 197 5 84
85 748 25 35
86 247 59 48
87 1278 50 31
88 3 55 92
89 1034 4 44
90 1215 59 59
91 655 22 11
92 1075 29 40
93 863 32 60
94 979 58 62
95 719 38 90
96 1284 8 35
97 1191 55 21
98 316 40 51
99 338 49 6
100 349 41 24