100
1 76 51 13.967
2 820 41 96.701
3 677 15 65.726
4 983 56 23.52
5 592 26 36.567
6 500 46 68.49
7 762 58 29.951
8 275 23 24.699
9 1379 32 88.296
10 471 47 53.924
11 549 32 5.23
12 1024 25 89.362
13 1067 11 52.727
14 439 8 81.343
15 1318 24 66.973
16 625 21 8.379
17 1403 54 13.839
18 267 51 26.459
19 1019 41 50.249
20 1324 25 70.693
21 1424 33 61.361
22 1382 29 90.836
23 957 5 68.812
24 130 38 73.777
25 559 55 18.19
26 1008 7 49.59
27 749 4 93.142
28 1132 14 72.937
29 729 38 37.226
30 36 24 59.81
31 22 32 29.74
32 1089 8 25.87
33 590 15 49.721
34 207 39 71.475
35 1237 25 74.849
36 1150 16 68.201
37 1128 40 93.085
38 1326 23 64.283
39 1115 14 91.55
40 1270 43 81.987
41 188 30 77.714
42 997 2 59.687
43 885 9 58.028
44 320 45 62.253
45 1015 48 57.284
46 764 28 55.195
47 628 48 82.035
48 380 5 99.947
49 1033 59 40.326
50 998 45 75.924
51 164 43 54.105
52 762 43 22.114
53 1153 10 82.869
54 1340 31 19.683
55 978 9 59.096
56 892 51 2.475
57 247 4 48.852
58 979 2 25.015
59 471 58 5.33
60 971 28 36.541
61 1440 9 99.68
62 1127 29 32.84
63 7 36 54.649
64 971 5 90.595
65 166 15 52.508
66 550 42 64.692
67 1213 36 48.591
68 351 33 31.111
69 851 16 86.599
70 1245 20 31.512
71 200 5 29.802
72 224 25 47.159
73 657 10 80.769
74 486 52 4.252
75 597 11 53.382
76 643 4 22.88
77 739 15 48.969
78 425 18 97.121
79 517 60 61.75
80 95 58 45.26
81 92 15 80.357
82 1284 60 23.643
83 1012 43 9.185
84 913 35 35.118
85 443 37 43.603
86 418 34 64.526
87 1149 42 31.15
88 1223 51 85.036
89 1276 11 41.083
90 142 39 3.332
91 1022 56 1.989
92 1405 59 36.612
93 321 60 30.614
94 1279 21 17.963
95 216 53 55.78
96 586 41 99.343
97 713 25 61.942
98 619 10 80.784
99 1195 39 37.721
100 10 24 45.488
