80
1 386 16 63
2 1335 47 10
3 454 41 28
4 1236 1 52
5 66 32 37
6 478 38 22
7 970 13 56
8 756 49 24
9 1329 32 58
10 186 6 52
11 464 28 66
12 171 55 99
13 37 21 75
14 194 41 42
15 288 27 40
16 1271 44 18
17 1184 25 91
18 192 60 19
19 926 26 92
20 148 54 95
21 940 25 81
22 1074 34 7
23 220 41 74
24 839 9 45
25 426 23 86
26 776 7 76
27 931 20 69
28 988 42 32
29 189 2 62
30 506 8 91
31 1333 42 69
32 657 24 73
33 88 53 90
34 263 20 33
35 261 50 99
36 722 4 84
37 1274 14 7
38 805 57 21
39 1227 40 19
40 715 59 57
41 1423 59 21
42 583 44 25
43 889 32 9
44 664 34 43
45 1259 12 91
46 207 35 85
47 772 37 26
48 451 53 90
49 190 10 50
50 833 58 35
51 126 51 56
52 776 37 3
53 502 33 71
54 560 42 83
55 218 38 30
56 1318 14 61
57 115 58 61
58 550 16 75
59 98 38 31
60 1062 12 68
61 388 12 90
62 953 49 63
63 1304 55 49
64 889 7 57
65 1174 46 36
66 1416 47 31
67 574 17 93
68 829 32 90
69 1418 20 85
70 674 38 40
71 563 46 4
72 1406 60 25
73 916 15 94
74 804 38 26
75 1127 26 38
76 358 42 96
77 274 48 92
78 116 5 50
79 1061 28 28
80 633 39 61