78
1 160 14 22
2 969 52 85
3 989 60 32
4 242 21 36
5 179 27 93
6 540 18 64
7 732 37 29
8 1412 11 10
9 239 18 55
10 368 50 77
11 950 27 82
12 964 21 61
13 1169 31 62
14 894 40 9
15 1436 20 43
16 630 59 10
17 437 29 63
18 53 9 45
19 827 60 11
20 1281 19 21
21 327 42 41
22 1120 57 19
23 1356 6 11
24 1265 48 27
25 1098 10 43
26 721 57 21
27 652 53 61
28 998 37 34
29 615 15 68
30 845 24 56
31 283 10 63
32 111 54 13
33 482 52 32
34 783 6 28
35 1297 1 11
36 420 24 70
37 1196 31 40
38 1178 54 41
39 367 49 72
40 297 15 42
41 1120 31 17
42 420 29 72
43 200 57 13
44 236 36 23
45 1266 13 28
46 455 29 16
47 218 1 62
48 174 44 89
49 139 40 1
50 249 22 40
51 911 27 7
52 1393 16 3
53 1125 5 46
54 880 3 49
55 1045 55 70
56 477 17 68
57 400 2 38
58 954 48 17
59 1270 37 50
60 104 52 10
61 937 29 7
62 577 49 1
63 463 35 85
64 724 38 77
65 381 57 56
66 1426 18 6
67 33 36 91
68 303 3 46
69 68 20 63
70 505 9 3
71 1037 47 80
72 378 28 28
73 1019 7 98
74 1049 12 70
75 622 50 24
76 1009 52 92
77 642 9 73
78 169 51 82
