90
1 456 34 56.581
2 900 6 51.486
3 1347 47 1.383
4 25 40 9.772
5 204 12 46.55
6 525 39 50.431
7 940 46 80.586
8 994 3 52.296
9 276 6 68.32
10 1284 15 47.723
11 1312 31 13.28
12 272 21 44.902
13 566 55 43.22
14 1270 16 79.528
15 363 27 8.968
16 1154 24 62.883
17 307 50 8.211
18 526 25 25.574
19 524 8 85.191
20 1402 3 91.375
21 512 38 95.769
22 243 41 23.832
23 1234 37 5.286
24 197 21 38.336
25 861 3 24.277
26 1008 3 51.126
27 334 35 89.177
28 362 4 53.256
29 215 45 31.647
30 428 28 8.932
31 593 10 95.733
32 745 53 97.663
33 558 35 52.2
34 328 42 56.685
35 424 44 13.776
36 906 7 58.346
37 1406 22 11.849
38 930 4 69.805
39 691 39 50.779
40 35 2 6.734
41 461 21 48.814
42 1413 7 33.336
43 1259 44 58.572
44 913 53 22.613
45 347 60 27.432
46 16 51 74.306
47 1225 53 23.395
48 1064 10 64.43
49 1002 24 40.002
50 130 17 79.089
51 592 8 54.186
52 1167 35 31.31
53 272 60 56.012
54 1063 45 10.898
55 23 54 55.602
56 309 10 74.71
57 733 42 31.723
58 1252 49 69.145
59 886 14 73.424
60 70 48 93.091
61 1289 3 48.634
62 596 42 81.579
63 347 14 57.87
64 673 22 81.358
65 1005 35 58.433
66 210 35 80.868
67 881 21 92.451
68 1205 17 0.907
69 929 26 4.217
70 998 49 89.427
71 863 42 11.629
72 784 35 66.791
73 1237 9 61.814
74 1285 57 93.371
75 1006 35 33.362
76 1066 58 28.297
77 509 33 41.956
78 85 20 16.476
79 408 18 14.304
80 276 7 33.009
81 1009 41 47.36
82 450 35 61.514
83 1412 21 65.559
84 798 2 51.576
85 1018 56 60.447
86 542 43 62.288
87 11 35 61.385
88 1006 46 50.303
89 577 35 57.891
90 211 4 36.928