100
1 53 27 76.936
2 69 13 99.296
3 185 47 8.477
4 935 29 93.770
5 293 49 14.029
6 757 46 93.028
7 845 23 55.302
8 1202 27 19.320
9 522 39 72.984
10 916 33 25.035
11 821 35 51.410
12 1011 30 48.750
13 81 26 91.693
14 537 38 58.967
15 1094 6 73.088
16 1174 19 46.219
17 768 5 76.485
18 98 45 99.188
19 1051 35 2.647
20 1076 2 24.675
21 874 36 58.124
22 1083 1 56.141
23 368 33 88.334
24 41 32 65.045
25 313 54 34.101
26 484 36 70.018
27 784 39 61.618
28 452 14 47.262
29 1360 17 17.232
30 1213 6 94.158
31 181 50 7.844
32 1298 11 97.329
33 772 54 72.045
34 1234 11 16.777
35 1021 31 82.412
36 501 46 81.628
37 1038 19 79.746
38 755 12 98.443
39 536 39 99.076
40 651 16 92.395
41 196 26 71.462
42 1363 36 79.038
43 31 1 64.424
44 1147 58 92.669
45 989 22 59.229
46 1304 38 59.407
47 365 27 67.877
48 843 60 34.729
49 852 59 14.429
50 1309 20 80.478
51 419 31 14.303
52 982 24 75.685
53 94 20 87.531
54 528 59 52.599
55 505 30 78.921
56 971 9 91.723
57 718 39 89.941
58 1316 48 50.137
59 1258 30 13.915
60 943 29 24.844
61 1418 60 63.332
62 1414 27 25.782
63 362 30 46.567
64 1018 51 84.831
65 575 14 50.707
66 1330 6 99.609
67 1327 45 79.134
68 1150 5 19.756
69 776 15 45.108
70 925 36 16.385
71 596 28 57.635
72 926 50 44.170
73 1358 25 56.809
74 377 49 92.761
75 878 49 71.691
76 891 10 97.317
77 182 34 11.853
78 907 18 63.503
79 1402 47 27.376
80 1364 47 29.518
81 820 56 93.431
82 101 56 33.032
83 240 53 41.639
84 1319 57 46.573
85 771 23 49.269
86 447 21 44.522
87 852 13 42.569
88 520 4 54.083
89 257 15 93.965
90 631 57 55.315
91 622 14 31.946
92 133 9 4.597
93 184 38 41.824
94 1263 18 18.165
95 1188 26 79.347
96 1223 27 24.614
97 662 17 85.577
98 384 59 12.048
99 1154 7 20.187
100 465 22 37.664
