77
1 726 36 53.0
2 1067 2 94.713
3 676 40 35.104
4 519 53 72.793
5 800 2 28.066
6 1036 54 57.25
7 256 8 72.726
8 359 41 77.078
9 868 54 18.067
10 188 48 19.275
11 1026 57 83.33
12 685 59 97.067
13 351 12 53.296
14 126 27 7.173
15 373 34 41.702
16 1098 11 86.028
17 1363 33 41.617
18 626 57 88.4
19 740 3 90.869
20 1185 45 69.637
21 142 37 94.938
22 648 19 55.799
23 403 33 36.91
24 576 34 5.966
25 1015 44 3.185
26 780 49 66.349
27 635 16 52.623
28 589 58 99.246
29 1221 22 52.793
30 569 5 98.24
31 508 14 62.696
32 974 46 64.325
33 206 9 8.659
34 504 19 79.902
35 132 20 94.315
36 1014 24 11.991
37 856 11 32.723
38 741 29 77.834
39 527 8 14.672
40 103 59 67.923
41 563 7 38.469
42 331 50 60.2
43 1248 19 74.219
44 869 9 48.258
45 1354 22 33.798
46 1396 56 54.439
47 414 51 63.69
48 810 23 73.883
49 406 17 45.378
50 143 11 39.44
51 1242 18 36.421
52 593 53 62.167
53 739 18 33.007
54 1217 18 5.033
55 692 18 1.112
56 133 16 11.201
57 997 38 82.843
58 618 14 68.366
59 876 18 61.278
60 257 4 74.111
61 1075 55 73.536
62 552 39 60.367
63 879 36 99.538
64 1122 4 1.721
65 532 51 85.11
66 1211 49 93.525
67 422 10 3.284
68 447 32 52.456
69 777 56 62.589
70 1160 46 23.721
71 15 11 87.728
72 34 48 58.575
73 568 4 66.542
74 512 10 84.651
75 864 19 76.649
76 330 20 38.933
77 340 35 16.43
