100
1 842 10 1.714
2 804 49 49.183
3 1313 15 92.678
4 803 5 22.077
5 492 6 56.1
6 636 4 25.119
7 381 35 9.596
8 812 38 88.572
9 236 5 42.598
10 157 57 33.019
11 452 53 6.311
12 576 17 83.484
13 122 48 43.086
14 303 45 58.637
15 1425 59 82.062
16 692 35 89.65
17 1334 20 6.304
18 282 15 55.988
19 1045 21 89.433
20 475 54 27.871
21 414 39 78.933
22 978 30 39.246
23 781 36 85.259
24 385 56 58.675
25 222 8 86.802
26 1293 8 23.077
27 39 32 14.482
28 1329 34 6.706
29 795 39 2.854
30 710 54 84.624
31 1137 33 25.495
32 1146 10 14.915
33 1209 1 5.749
34 1179 31 3.661
35 932 59 90.718
36 1132 4 28.283
37 1076 46 40.163
38 375 37 95.995
39 558 14 50.258
40 306 56 48.677
41 127 24 94.193
42 746 37 26.605
43 478 1 59.804
44 1296 41 38.959
45 1107 5 31.278
46 33 53 35.17
47 226 35 84.646
48 303 45 6.749
49 706 38 87.289
50 173 27 16.135
51 433 35 50.715
52 742 51 13.407
53 1012 41 48.332
54 39 47 83.227
55 429 24 17.914
56 309 58 12.178
57 396 47 60.265
58 57 19 1.388
59 1220 19 46.61
60 824 12 87.34
61 658 25 0.887
62 475 39 56.886
63 211 49 68.723
64 989 57 97.929
65 305 21 6.659
66 555 38 7.028
67 306 37 8.391
68 760 17 98.964
69 458 55 78.777
70 558 9 75.234
71 709 45 76.469
72 652 13 70.532
73 548 29 58.993
74 1367 49 59.369
75 753 25 2.624
76 464 8 35.933
77 127 15 13.467
78 329 24 34.418
79 621 9 25.523
80 1068 6 99.988
81 578 20 14.384
82 612 5 63.624
83 121 9 2.156
84 767 40 9.285
85 502 30 98.396
86 400 40 67.053
87 947 19 8.582
88 1295 2 80.345
89 65 19 37.466
90 622 15 9.606
91 1001 23 81.497
92 683 17 39.38
93 1368 18 15.29
94 1437 59 70.577
95 45 43 81.538
96 1314 31 88.758
97 1149 29 98.825
98 1394 2 50.563
99 150 16 45.626
100 1368 2 57.052