100
1 1052 11 5.965
2 375 43 97.666
3 1279 5 30.129
4 421 32 56.518
5 1134 28 64.975
6 1288 26 68.579
7 807 49 6.299
8 1413 30 22.272
9 115 16 82.727
10 632 3 34.164
11 1331 5 76.878
12 272 10 63.618
13 848 16 46.366
14 290 18 42.939
15 600 41 54.996
16 859 58 21.522
17 203 40 95.561
18 132 13 50.126
19 1383 17 46.491
20 1233 7 4.123
21 819 9 71.383
22 738 9 71.195
23 109 38 26.653
24 1225 28 96.279
25 1013 38 2.686
26 760 56 99.433
27 70 34 85.391
28 223 46 79.502
29 779 27 15.417
30 1150 58 89.903
31 366 23 99.123
32 938 30 57.354
33 458 51 58.598
34 891 49 94.522
35 553 46 76.422
36 1032 58 69.59
37 193 33 1.192
38 1102 36 76.21
39 832 35 88.018
40 222 34 23.536
41 271 17 4.946
42 1276 20 62.854
43 177 56 1.525
44 54 11 43.855
45 137 58 91.428
46 1111 48 81.826
47 247 24 73.433
48 1071 45 80.523
49 1036 24 11.656
50 61 16 73.271
51 80 7 1.867
52 22 28 70.909
53 656 41 25.375
54 1162 8 51.156
55 1090 31 82.288
56 174 58 81.416
57 852 16 37.099
58 487 57 86.397
59 320 21 51.128
60 1327 2 93.977
61 575 12 64.414
62 1366 40 58.949
63 142 27 30.033
64 1261 19 21.611
65 72 40 73.723
66 840 15 68.796
67 598 20 58.104
68 710 33 12.476
69 1231 2 37.888
70 941 48 57.665
71 89 6 24.138
72 1020 54 95.629
73 1046 2 37.308
74 623 11 43.896
75 18 42 94.001
76 1068 15 3.317
77 251 2 82.076
78 103 52 17.68
79 472 20 35.78
80 463 41 62.487
81 348 8 17.893
82 481 9 52.342
83 676 58 66.992
84 90 60 46.191
85 727 42 68.799
86 130 48 14.734
87 24 38 83.307
88 479 36 78.588
89 671 49 29.414
90 823 34 47.086
91 21 52 87.249
92 472 56 75.129
93 1126 35 70.46
94 1225 56 93.148
95 890 48 28.736
96 1417 2 56.6
97 263 31 76.98
98 1086 46 19.693
99 326 42 92.978
100 79 16 95.472
