100
1 874 45 91.429
2 952 24 13.807
3 818 42 0.158
4 527 58 53.571
5 714 26 71.493
6 991 49 29.738
7 965 14 58.197
8 806 40 66.971
9 359 35 21.798
10 1060 51 34.699
11 1237 41 43.581
12 1440 16 38.176
13 63 33 96.538
14 735 9 7.516
15 1040 6 0.722
16 1392 7 10.563
17 254 11 2.855
18 602 22 72.239
19 1059 17 11.992
20 265 52 37.381
21 484 23 77.762
22 1172 19 48.943
23 782 14 13.474
24 1420 42 95.756
25 1242 11 17.387
26 81 49 69.161
27 281 30 88.359
28 1428 43 29.606
29 291 7 91.125
30 289 45 71.755
31 1360 23 47.756
32 93 33 87.369
33 299 14 72.424
34 330 44 2.458
35 1013 36 14.271
36 510 54 79.077
37 483 34 21.506
38 825 3 81.347
39 158 51 25.248
40 143 28 28.13
41 192 54 76.986
42 1371 35 89.099
43 581 24 98.872
44 832 29 12.207
45 366 14 22.895
46 949 14 62.985
47 445 49 75.46
48 1438 37 88.639
49 1373 20 94.852
50 621 42 79.256
51 609 15 5.604
52 1051 25 86.899
53 197 28 12.582
54 375 16 38.303
55 1169 12 28.49
56 1419 29 16.066
57 531 9 4.664
58 1403 8 56.224
59 1045 3 92.055
60 984 38 38.187
61 125 4 36.686
62 1294 46 23.105
63 503 34 55.148
64 427 33 25.582
65 416 53 78.012
66 193 52 29.695
67 1391 47 49.448
68 399 22 48.281
69 44 33 94.853
70 1300 24 4.892
71 1109 43 8.52
72 910 15 11.555
73 218 27 62.771
74 283 7 14.812
75 734 10 68.205
76 1013 54 74.11
77 1316 17 21.146
78 668 24 54.506
79 797 7 79.689
80 33 51 31.141
81 1044 35 28.386
82 325 58 87.962
83 592 41 90.468
84 250 18 6.551
85 1158 44 20.834
86 1328 2 4.646
87 638 47 24.552
88 500 55 95.411
89 135 35 98.443
90 512 24 2.656
91 470 48 62.681
92 265 34 42.062
93 764 22 81.126
94 1349 33 99.778
95 893 29 9.03
96 627 10 80.945
97 1120 21 73.718
98 230 29 89.515
99 1021 24 24.803
100 964 39 80.93
