100
1 276 37 85.0
2 523 8 49.543
3 968 42 38.0
4 193 32 2.835
5 887 39 76.0
6 1426 29 26.6
7 1211 7 90.0
8 46 2 65.0
9 781 44 21.66
10 60 34 22.169
11 1016 36 23.3
12 1387 15 76.09
13 45 27 84.0
14 381 41 99.25
15 248 48 33.269
16 1040 54 91.0
17 622 19 58.758
18 1035 26 59.0
19 984 16 74.372
20 849 43 17.3
21 178 29 66.0
22 336 34 83.99
23 1003 47 3.0
24 632 46 84.829
25 1326 11 16.9
26 26 50 20.0
27 829 33 34.38
28 941 59 27.0
29 786 51 85.7
30 1063 50 56.135
31 115 31 87.0
32 1034 27 48.49
33 849 23 0.16
34 939 39 2.8
35 1302 12 55.1
36 188 52 55.1
37 67 54 94.0
38 171 56 2.0
39 576 16 26.9
40 706 19 7.0
41 523 34 95.19
42 1328 46 29.45
43 1017 31 11.42
44 792 22 42.1
45 530 7 25.3
46 1241 28 82.0
47 462 2 40.0
48 329 29 70.46
49 1116 54 22.06
50 458 34 64.85
51 1383 37 80.338
52 121 48 29.9
53 98 20 7.0
54 636 59 93.9
55 853 37 25.0
56 1149 57 85.1
57 1168 30 17.0
58 775 13 34.7
59 1175 44 89.7
60 1009 7 93.794
61 607 33 49.98
62 1254 56 40.23
63 38 11 20.09
64 1154 51 13.514
65 437 18 67.445
66 1122 23 91.444
67 1091 16 7.0
68 174 9 17.0
69 549 49 33.22
70 754 22 34.03
71 482 56 94.399
72 278 38 55.0
73 657 3 40.66
74 302 54 13.0
75 1260 38 78.19
76 157 37 55.0
77 547 24 89.0
78 938 58 28.0
79 606 1 61.0
80 188 27 12.0
81 385 16 78.55
82 332 8 45.1
83 326 48 84.501
84 775 52 97.03
85 1127 17 71.16
86 206 14 65.0
87 56 1 78.69
88 1222 21 44.98
89 817 5 6.42
90 1232 30 11.1
91 1266 50 97.994
92 1356 23 25.9
93 630 13 25.0
94 576 6 98.337
95 186 42 57.44
96 466 25 97.0
97 671 12 31.67
98 504 22 10.0
99 502 15 2.0
100 823 5 27.0
