87
1 97 50 44.81
2 904 52 19.52
3 102 21 50.55
4 439 28 88.97
5 72 4 32.97
6 1222 29 45.32
7 1321 33 57.96
8 1003 5 99.74
9 7 58 88.61
10 297 12 33.29
11 365 27 93.96
12 589 24 49.42
13 305 30 96.35
14 1308 42 3.60
15 547 60 73.90
16 347 54 65.63
17 404 49 90.49
18 1372 60 30.55
19 28 54 3.98
20 318 21 18.55
21 370 11 77.69
22 1303 55 15.31
23 606 8 63.53
24 1027 53 94.19
25 570 6 6.17
26 1352 35 28.33
27 1023 26 0.06
28 1096 9 57.22
29 251 43 93.25
30 1081 57 2.25
31 818 58 95.13
32 1039 6 19.50
33 907 22 76.76
34 619 1 43.77
35 362 46 96.74
36 524 16 85.55
37 328 53 52.16
38 1182 58 32.59
39 418 31 55.62
40 951 53 25.20
41 1300 48 23.62
42 962 7 65.12
43 1189 41 78.98
44 1008 20 96.65
45 171 7 62.15
46 186 14 11.00
47 569 23 67.91
48 1270 40 11.00
49 390 27 67.25
50 977 26 63.36
51 648 3 99.29
52 782 10 42.96
53 868 14 3.03
54 617 30 7.91
55 408 22 55.45
56 357 49 74.92
57 344 29 3.11
58 1262 33 9.09
59 63 46 37.13
60 276 29 54.38
61 1161 50 78.05
62 1238 50 39.01
63 1275 2 41.90
64 13 44 1.22
65 289 60 10.85
66 419 9 20.89
67 949 41 38.18
68 200 60 46.98
69 326 52 63.56
70 864 10 39.15
71 470 53 14.29
72 140 38 85.93
73 336 7 18.28
74 1173 4 84.30
75 559 9 92.23
76 712 27 40.72
77 186 34 74.46
78 891 6 13.71
79 300 38 94.11
80 1010 33 69.89
81 410 20 91.65
82 766 49 28.70
83 645 39 75.49
84 564 36 72.77
85 230 5 32.34
86 290 4 3.71
87 148 22 16.96
