100
1 30 30 2
2 3 3 6
3 30 20 64
4 41 41 2
5 49 27 26
6 53 53 5
7 42 42 7
8 50 50 8
9 43 43 4
10 28 17 96
11 29 29 14
12 45 45 6
13 2 2 5
14 87 46 12
15 22 22 2
16 62 33 96
17 18 18 5
18 59 30 70
19 54 32 55
20 9 9 5
21 8 6 30
22 28 17 50
23 9 8 65
24 25 25 1
25 28 17 15
26 28 19 35
27 1 1 11
28 5 5 3
29 31 31 2
30 53 53 9
31 109 56 65
32 66 37 18
33 10 10 5
34 82 45 44
35 28 18 60
36 15 8 60
37 43 43 5
38 107 58 48
39 22 12 85
40 77 42 36
41 35 35 4
42 41 41 1
43 68 38 28
44 42 42 2
45 14 14 9
46 53 53 5
47 13 8 57
48 95 52 40
49 62 32 63
50 93 51 40
51 30 30 4
52 103 56 30
53 87 44 76
54 55 31 20
55 49 49 3
56 54 29 15
57 29 29 6
58 26 26 10
59 37 37 4
60 107 57 70
61 18 11 98
62 89 46 16
63 1 1 5
64 54 28 90
65 47 47 2
66 7 7 6
67 28 15 15
68 11 10 55
69 50 30 24
70 20 20 3
71 68 38 56
72 30 16 72
73 21 21 7
74 43 43 2
75 21 12 96
76 11 11 5
77 49 28 91
78 22 22 11
79 10 10 5
80 68 37 30
81 100 55 78
82 11 11 12
83 30 30 9
84 110 57 99
85 9 9 16
86 38 20 80
87 7 7 7
88 89 47 42
89 13 13 1
90 104 54 56
91 10 7 78
92 11 11 1
93 29 29 1
94 86 45 30
95 24 24 1
96 22 22 4
97 53 31 24
98 50 50 7
99 113 60 40
100 10 10 4
