100
1 729 7 40.8
2 562 27 16.69
3 134 54 86.77
4 1114 53 36.0
5 606 31 55.01
6 790 5 20.47
7 792 21 11.2
8 1389 15 27.25
9 1186 59 53.7
10 166 26 3.68
11 978 28 91.35
12 269 42 99.664
13 198 35 68.1
14 726 40 19.4
15 145 5 92.9
16 323 38 51.69
17 749 27 47.6
18 796 55 94.1
19 1050 50 35.47
20 502 56 75.8
21 347 34 23.863
22 1430 25 54.3
23 1135 44 41.2
24 1097 15 81.4
25 840 5 35.21
26 1428 23 77.6
27 1394 53 28.68
28 1388 52 16.7
29 1096 11 49.77
30 1258 12 21.701
31 141 36 90.91
32 708 29 63.1
33 1057 50 12.271
34 1330 57 96.343
35 894 44 40.33
36 232 23 80.6
37 1055 16 73.767
38 143 16 87.5
39 628 6 39.8
40 1110 47 50.5
41 1164 55 65.43
42 64 47 40.531
43 1407 1 46.68
44 1159 17 52.982
45 715 16 89.349
46 1055 60 77.21
47 565 44 28.029
48 1206 17 25.36
49 502 47 27.83
50 740 38 16.877
51 164 53 94.431
52 815 42 7.751
53 590 22 70.02
54 1010 3 89.163
55 1017 48 38.2
56 38 45 94.73
57 610 15 87.1
58 1417 35 12.77
59 1168 35 60.4
60 441 49 27.82
61 1213 15 12.2
62 21 24 20.71
63 1072 14 28.87
64 1295 25 70.398
65 1035 4 92.246
66 814 18 59.2
67 1340 50 1.72
68 322 49 13.55
69 867 9 68.4
70 636 56 55.573
71 857 57 83.5
72 595 16 19.97
73 108 51 50.761
74 741 38 98.95
75 236 12 47.9
76 1135 38 87.061
77 642 20 18.6
78 1284 53 22.08
79 561 1 42.852
80 511 17 27.2
81 425 11 36.4
82 809 18 91.5
83 777 19 53.19
84 607 7 14.574
85 99 25 94.47
86 871 10 14.6
87 1423 38 64.14
88 912 33 80.5
89 677 16 66.28
90 406 59 13.975
91 961 38 54.66
92 352 3 16.1
93 403 20 81.148
94 518 10 36.2
95 926 3 11.041
96 1333 24 51.38
97 929 9 29.67
98 854 58 10.74
99 1010 7 36.445
100 437 31 22.3
