100
1 889 52 97.049
2 461 20 73.035
3 1384 28 89.846
4 386 41 97.318
5 574 34 78.313
6 1004 18 86.623
7 1392 54 62.564
8 427 12 66.343
9 12 41 91.965
10 618 29 75.334
11 554 42 44.978
12 1257 39 74.657
13 1080 7 83.047
14 1077 24 2.745
15 1182 56 92.553
16 1378 55 38.367
17 818 16 44.662
18 688 6 21.984
19 1232 55 83.916
20 150 35 46.917
21 290 54 68.423
22 1299 39 5.978
23 1316 12 9.434
24 660 8 60.474
25 1190 31 49.424
26 361 48 33.947
27 763 41 58.588
28 944 20 91.202
29 311 10 49.136
30 607 37 81.333
31 445 3 20.474
32 304 17 76.271
33 935 34 8.053
34 240 45 38.882
35 11 12 61.511
36 79 1 89.839
37 863 2 24.456
38 706 27 50.915
39 371 33 31.974
40 1239 51 94.898
41 215 55 56.417
42 759 46 59.997
43 1357 60 19.75
44 526 13 64.37
45 773 46 47.336
46 668 42 5.091
47 1045 37 32.156
48 545 16 23.907
49 377 38 84.569
50 1233 8 84.266
51 371 29 97.066
52 1401 28 55.4
53 1088 43 92.202
54 89 15 93.387
55 749 15 1.1
56 1013 38 70.745
57 626 57 87.506
58 1252 45 48.928
59 373 17 79.765
60 281 59 55.5
61 1264 16 64.29
62 118 32 27.953
63 1246 12 70.989
64 1281 15 4.958
65 154 28 92.422
66 645 57 47.47
67 42 39 51.067
68 93 22 46.096
69 1344 24 30.508
70 87 43 90.375
71 451 9 43.75
72 361 43 56.721
73 141 20 22.207
74 420 56 81.081
75 997 19 67.038
76 923 47 84.049
77 615 26 82.337
78 331 28 66.816
79 1361 44 12.852
80 63 33 87.167
81 494 1 88.106
82 740 48 31.563
83 707 6 27.402
84 717 16 14.789
85 1200 33 29.724
86 1177 12 86.11
87 140 55 95.146
88 1207 50 49.699
89 1255 18 54.22
90 78 40 51.614
91 958 3 90.272
92 266 2 38.068
93 194 2 18.89
94 1252 12 99.596
95 505 2 15.024
96 535 50 55.047
97 990 54 94.218
98 749 46 32.569
99 330 43 68.721
100 262 34 38.892
