100
1 167 15 90.105
2 550 15 94.880
3 1101 21 96.979
4 434 20 66.241
5 581 18 86.520
6 404 12 71.449
7 499 15 71.392
8 1253 17 88.003
9 126 21 86.286
10 1038 11 74.217
11 696 16 96.271
12 1222 19 94.596
13 905 25 98.848
14 386 17 94.106
15 800 18 85.020
16 774 25 88.312
17 1015 18 91.113
18 236 15 99.675
19 1344 25 91.516
20 225 23 86.622
21 1272 17 86.759
22 362 17 97.428
23 667 26 87.984
24 900 18 76.314
25 1265 16 71.869
26 198 16 97.125
27 422 18 86.150
28 477 20 87.169
29 716 21 93.237
30 636 20 93.467
31 96 10 96.095
32 789 18 97.256
33 36 15 81.508
34 644 15 98.284
35 1113 31 98.095
36 123 17 98.354
37 123 17 65.844
38 1403 16 99.787
39 112 15 84.955
40 1436 10 91.699
41 1259 18 69.316
42 906 24 94.755
43 452 17 89.471
44 396 22 97.895
45 1305 21 93.121
46 851 18 91.727
47 76 25 89.037
48 155 15 86.479
49 972 17 69.319
50 950 20 91.976
51 455 10 62.635
52 471 16 92.510
53 1383 25 98.617
54 497 22 92.967
55 770 19 87.486
56 939 16 91.546
57 1141 21 86.814
58 263 11 61.198
59 1294 24 91.677
60 278 14 85.129
61 755 14 93.010
62 1183 21 85.122
63 1046 16 92.691
64 844 21 86.256
65 1250 22 91.694
66 215 18 83.964
67 1249 19 82.357
68 290 26 92.976
69 1440 14 97.969
70 745 10 62.409
71 37 22 91.411
72 539 21 95.093
73 355 19 78.086
74 362 22 86.664
75 756 27 89.659
76 197 27 97.979
77 313 15 95.196
78 591 19 94.245
79 569 24 89.196
80 1204 20 96.263
81 365 15 92.933
82 998 16 85.244
83 1221 12 64.270
84 418 16 67.904
85 512 11 86.070
86 1412 19 91.070
87 294 28 89.830
88 956 24 92.292
89 1012 14 92.913
90 32 17 95.814
91 316 19 64.371
92 1139 19 78.841
93 202 16 71.485
94 1275 15 97.177
95 1412 16 65.238
96 724 15 87.051
97 1054 23 87.875
98 56 15 86.888
99 883 13 85.127
100 1001 15 88.228
