100
1 382 56 51.452
2 98 51 15.931
3 398 40 34.43
4 604 41 56.408
5 494 46 17.803
6 186 53 25.291
7 498 55 88.114
8 948 57 68.031
9 438 59 85.067
10 85 45 71.906
11 545 50 72.531
12 434 46 25.265
13 802 59 31.914
14 1344 58 66.013
15 1199 54 45.115
16 597 42 30.236
17 1320 59 95.145
18 719 54 94.445
19 1376 46 39.574
20 837 51 4.492
21 225 59 41.392
22 1240 57 99.43
23 481 50 91.643
24 1319 58 29.078
25 1320 48 77.717
26 679 41 78.458
27 1351 55 10.892
28 804 57 76.896
29 1328 59 59.457
30 1268 50 30.705
31 739 57 61.519
32 1177 56 26.579
33 576 50 28.218
34 196 50 68.138
35 1139 48 82.631
36 606 47 55.984
37 958 58 39.566
38 648 43 39.674
39 1241 45 61.318
40 613 57 53.119
41 1284 59 57.581
42 540 40 99.279
43 38 55 80.29
44 686 52 64.983
45 611 55 66.765
46 986 42 75.041
47 1114 58 59.506
48 185 54 20.143
49 637 55 27.353
50 446 50 15.101
51 802 48 58.499
52 500 58 75.896
53 408 59 33.036
54 779 57 99.688
55 73 41 17.248
56 1058 59 38.321
57 647 53 29.383
58 526 40 28.084
59 1306 46 83.462
60 387 48 10.832
61 372 43 12.421
62 820 59 26.021
63 679 58 18.047
64 576 48 27.971
65 533 52 80.498
66 823 50 86.676
67 987 44 71.502
68 430 45 70.353
69 707 54 46.793
70 216 53 6.67
71 1167 44 5.31
72 1325 47 70.173
73 777 54 11.284
74 1147 53 48.34
75 1013 46 24.693
76 259 44 31.71
77 1218 57 47.736
78 77 51 16.981
79 1380 44 27.418
80 771 53 12.512
81 681 58 16.845
82 261 54 23.771
83 561 46 89.277
84 616 45 40.24
85 1063 44 13.145
86 676 53 38.678
87 1028 54 5.505
88 1308 49 21.998
89 1148 45 16.118
90 396 43 61.931
91 621 42 51.682
92 691 45 85.215
93 390 44 24.2
94 1097 43 83.28
95 1159 46 43.649
96 976 41 12.573
97 1134 55 36.811
98 1000 52 70.372
99 783 49 98.975
100 606 40 71.348
