100
1 685 47 0.893
2 560 38 9.023
3 836 44 61.918
4 764 20 38.244
5 1034 25 9.656
6 278 7 98.493
7 600 21 89.658
8 1095 7 27.111
9 601 29 47.319
10 315 52 47.975
11 706 7 50.839
12 552 3 96.726
13 88 29 9.996
14 175 29 3.965
15 850 39 48.371
16 538 38 45.826
17 846 6 23.526
18 73 46 5.887
19 778 10 12.384
20 116 37 85.676
21 977 55 39.967
22 756 14 38.14
23 449 22 2.197
24 851 32 37.475
25 100 18 66.161
26 756 36 62.536
27 798 46 91.399
28 660 52 67.179
29 911 59 32.408
30 424 9 31.622
31 698 26 83.332
32 640 22 77.58
33 545 46 28.115
34 544 38 71.393
35 715 23 56.158
36 245 17 39.966
37 152 26 53.086
38 676 47 8.523
39 511 56 66.568
40 883 38 2.963
41 29 2 88.929
42 803 6 68.212
43 129 7 89.131
44 129 13 0.121
45 1078 27 93.722
46 757 11 95.831
47 274 55 79.632
48 336 15 99.207
49 389 9 35.523
50 1067 8 84.834
51 544 46 77.067
52 889 6 72.053
53 258 48 63.341
54 58 43 30.738
55 292 4 53.728
56 780 11 27.458
57 431 51 0.869
58 1107 58 2.494
59 92 28 14.429
60 399 26 51.376
61 612 4 22.266
62 909 15 36.949
63 634 19 5.511
64 85 6 91.12
65 204 59 88.495
66 325 5 89.728
67 775 18 33.219
68 965 6 71.293
69 1072 31 42.694
70 640 25 30.169
71 973 4 7.041
72 869 6 42.184
73 955 41 38.832
74 792 37 16.039
75 720 59 35.021
76 910 50 9.562
77 374 56 87.11
78 561 25 66.759
79 170 34 19.272
80 1120 19 91.809
81 257 34 57.968
82 817 15 45.59
83 388 50 64.235
84 974 8 25.403
85 369 54 55.108
86 918 44 13.19
87 202 47 20.052
88 384 49 51.405
89 371 53 9.749
90 556 34 85.185
91 955 18 39.554
92 24 30 23.308
93 131 13 58.543
94 378 55 74.684
95 99 47 60.899
96 932 55 57.901
97 735 33 17.01
98 124 35 68.636
99 595 52 97.68
100 740 24 60.859
