100
1 995 15 64
2 1361 3 86
3 1010 22 38
4 1175 24 44
5 311 33 83
6 1215 24 72
7 1037 36 62
8 1438 29 90
9 398 6 1
10 373 13 88
11 224 5 59
12 203 43 72
13 603 16 63
14 819 53 49
15 439 43 74
16 131 50 38
17 1353 37 98
18 761 7 8
19 1407 26 99
20 16 27 83
21 411 55 12
22 5 35 10
23 1035 26 20
24 881 49 94
25 239 15 70
26 1187 30 30
27 1200 26 89
28 254 9 20
29 400 25 27
30 1402 15 33
31 1243 59 62
32 782 6 49
33 1371 27 42
34 1067 40 34
35 1347 4 29
36 1119 53 14
37 591 21 1
38 310 56 50
39 314 54 73
40 53 14 96
41 44 26 65
42 1395 22 48
43 212 40 57
44 989 5 57
45 1095 49 65
46 719 42 16
47 752 17 4
48 755 5 74
49 1362 21 68
50 1213 38 35
51 164 28 12
52 1203 59 57
53 105 31 79
54 435 45 90
55 726 37 84
56 1206 41 42
57 957 56 96
58 829 46 1
59 1356 3 70
60 1338 32 21
61 1096 19 6
62 404 26 74
63 885 1 35
64 271 52 9
65 169 9 3
66 1026 20 51
67 615 53 82
68 1159 29 85
69 528 1 31
70 900 43 54
71 658 33 20
72 860 48 41
73 441 24 79
74 1418 13 43
75 1143 43 28
76 362 53 63
77 1407 7 80
78 654 32 8
79 879 30 56
80 836 16 18
81 798 25 85
82 688 43 23
83 19 28 70
84 1400 38 85
85 889 30 45
86 550 31 31
87 699 53 47
88 444 30 26
89 696 55 46
90 830 14 70
91 827 52 85
92 1299 37 60
93 1101 55 87
94 523 31 61
95 325 33 62
96 45 10 72
97 456 18 2
98 1253 44 54
99 894 45 45
100 376 31 31