100
1 264 10 43
2 1364 23 37
3 873 19 4
4 1224 59 50
5 195 54 43
6 272 23 40
7 1121 15 54
8 1366 51 36
9 728 40 57
10 66 25 27
11 707 45 1
12 344 18 27
13 1239 29 3
14 434 36 46
15 906 35 86
16 833 17 51
17 971 47 60
18 1301 13 52
19 65 53 99
20 408 23 46
21 800 17 96
22 146 47 10
23 70 40 93
24 1103 27 76
25 711 38 47
26 701 28 78
27 842 17 49
28 703 46 16
29 418 45 89
30 1374 7 58
31 344 50 55
32 386 50 25
33 1174 5 9
34 385 50 81
35 476 29 56
36 178 1 34
37 1336 25 40
38 251 57 20
39 113 13 47
40 1344 17 26
41 1204 12 18
42 822 29 43
43 981 53 55
44 92 60 53
45 354 12 74
46 150 31 79
47 708 45 81
48 814 29 70
49 545 12 51
50 50 27 82
51 886 15 52
52 1215 30 11
53 1031 15 29
54 1174 32 16
55 738 37 28
56 58 44 45
57 483 15 12
58 474 32 42
59 395 24 49
60 432 16 61
61 1363 32 38
62 959 2 49
63 1428 35 33
64 194 29 98
65 830 36 63
66 471 60 82
67 1009 27 1
68 1375 22 88
69 981 58 36
70 525 1 95
71 266 45 18
72 318 33 64
73 1314 22 75
74 836 57 89
75 526 54 95
76 96 4 34
77 527 55 70
78 94 1 65
79 633 39 57
80 954 40 17
81 289 58 41
82 453 31 97
83 1024 48 91
84 641 19 22
85 979 15 86
86 1197 58 52
87 581 26 19
88 1372 1 31
89 427 30 39
90 692 59 5
91 70 43 81
92 991 47 49
93 630 10 42
94 1045 56 11
95 792 2 72
96 719 37 97
97 459 51 65
98 317 39 72
99 573 57 81
100 1180 48 43
