94
1 710 22 36
2 249 45 7
3 510 3 22
4 413 32 42
5 1390 3 59
6 1011 32 57
7 351 43 99
8 482 20 38
9 142 30 66
10 506 44 96
11 925 25 36
12 995 19 14
13 1235 31 70
14 1124 21 28
15 418 45 22
16 1073 25 43
17 636 33 84
18 776 20 84
19 621 43 55
20 563 16 90
21 1378 57 73
22 1427 50 28
23 1419 25 77
24 975 34 68
25 1337 14 51
26 560 51 82
27 1050 24 58
28 1342 20 98
29 321 6 46
30 1294 23 71
31 740 37 83
32 503 57 22
33 111 32 17
34 160 26 25
35 457 16 95
36 884 2 16
37 153 52 42
38 932 34 63
39 560 44 27
40 626 50 96
41 495 7 12
42 1136 59 96
43 856 4 64
44 1211 38 89
45 52 49 81
46 957 13 47
47 387 2 84
48 884 25 54
49 58 2 42
50 986 16 10
51 526 58 38
52 121 57 30
53 990 3 79
54 231 47 79
55 1245 8 21
56 789 3 83
57 35 8 12
58 229 31 79
59 1322 33 73
60 595 35 38
61 1072 23 67
62 597 16 41
63 474 24 20
64 114 21 2
65 770 14 14
66 740 41 36
67 403 2 83
68 580 51 32
69 1126 34 75
70 40 1 17
71 737 50 84
72 764 12 23
73 1380 3 59
74 48 30 67
75 53 26 16
76 1338 37 94
77 362 27 90
78 1402 52 21
79 560 6 24
80 348 24 69
81 767 43 51
82 52 33 96
83 417 16 1
84 1261 52 5
85 248 14 77
86 1332 42 57
87 446 45 89
88 1325 9 11
89 1223 56 96
90 997 41 94
91 737 43 48
92 1131 44 78
93 160 31 41
94 209 35 53
