100
1 684 28 94
2 1195 17 29
3 905 25 21
4 136 59 6
5 655 20 27
6 1373 13 74
7 1099 16 53
8 1185 58 53
9 1087 6 83
10 1052 45 49
11 616 50 59
12 1176 5 58
13 279 14 61
14 18 22 3
15 944 1 5
16 314 33 98
17 323 32 43
18 1324 50 50
19 889 53 20
20 630 5 22
21 379 55 20
22 319 22 86
23 897 15 42
24 159 55 33
25 704 46 22
26 621 60 8
27 920 47 73
28 988 39 2
29 413 19 10
30 1274 51 9
31 775 33 90
32 1395 38 78
33 875 39 28
34 439 13 37
35 156 15 21
36 76 60 29
37 1318 22 28
38 571 56 97
39 911 13 39
40 110 27 89
41 789 19 94
42 639 18 37
43 215 23 4
44 1438 2 55
45 212 31 78
46 1029 42 38
47 885 60 57
48 1315 13 44
49 1242 25 22
50 384 6 77
51 103 21 70
52 624 7 15
53 1419 57 31
54 693 49 99
55 1074 27 83
56 1111 37 95
57 328 1 19
58 1259 47 45
59 472 3 28
60 75 39 86
61 395 34 15
62 929 11 33
63 290 43 20
64 12 24 71
65 775 31 83
66 406 19 94
67 328 8 24
68 1362 27 5
69 1179 25 62
70 984 17 68
71 1353 35 14
72 426 51 88
73 250 18 21
74 110 13 25
75 342 54 71
76 621 47 65
77 460 20 41
78 190 51 8
79 423 3 63
80 496 56 59
81 434 14 52
82 920 11 15
83 1288 37 78
84 639 30 19
85 232 16 59
86 1205 46 47
87 97 5 70
88 1101 30 77
89 877 23 46
90 1156 56 42
91 343 47 87
92 1240 41 44
93 576 18 29
94 1297 17 42
95 1171 48 18
96 463 50 33
97 688 48 68
98 41 26 10
99 808 22 47
100 1105 40 83
