85
1 475 57 80.975
2 527 4 88.410
3 532 40 58.169
4 1384 8 5.997
5 1348 50 68.376
6 1333 42 10.020
7 215 55 88.662
8 1257 45 55.368
9 579 8 45.680
10 1088 41 96.255
11 1236 48 86.771
12 1110 43 10.339
13 595 5 68.025
14 600 15 38.961
15 428 17 20.148
16 86 9 77.680
17 65 57 95.894
18 1220 55 47.735
19 746 41 16.664
20 967 30 24.467
21 240 60 23.892
22 589 15 85.853
23 1411 11 40.863
24 373 47 3.625
25 135 30 14.541
26 377 52 73.663
27 395 30 71.512
28 329 2 61.210
29 1093 25 72.637
30 535 20 20.129
31 413 33 30.569
32 658 41 57.884
33 261 54 77.521
34 1231 32 5.115
35 1307 3 34.203
36 1198 55 6.771
37 588 7 85.039
38 965 9 77.931
39 718 58 25.479
40 37 42 72.672
41 179 6 49.400
42 1313 7 44.411
43 5 53 56.382
44 1019 10 58.469
45 379 11 94.975
46 73 44 46.477
47 1049 59 90.373
48 343 28 7.222
49 493 24 40.056
50 71 29 72.904
51 1126 8 1.081
52 73 14 63.983
53 535 19 29.459
54 1109 25 60.017
55 1290 37 81.589
56 180 48 20.199
57 1082 5 30.638
58 64 29 51.486
59 513 15 54.904
60 480 21 23.859
61 318 47 38.556
62 248 20 70.200
63 982 60 82.160
64 544 6 36.529
65 1077 49 95.732
66 92 27 92.577
67 264 31 25.909
68 353 12 95.982
69 1328 30 56.609
70 1035 9 60.414
71 482 52 9.406
72 332 42 71.057
73 853 41 16.173
74 885 13 55.570
75 958 21 29.797
76 657 60 58.445
77 389 36 70.205
78 415 35 95.380
79 866 33 78.693
80 757 53 45.522
81 1161 53 36.185
82 178 47 13.471
83 834 5 43.336
84 764 32 46.331
85 1204 21 16.303