92
1 846 43 88
2 885 20 94
3 718 31 12
4 899 58 99
5 758 17 84
6 240 13 69
7 1184 5 52
8 160 49 12
9 1131 13 64
10 348 38 72
11 481 34 83
12 1324 58 54
13 896 45 31
14 724 23 28
15 1376 19 84
16 503 20 47
17 265 59 48
18 149 3 71
19 326 38 96
20 555 18 59
21 661 26 63
22 1373 55 75
23 394 25 93
24 261 53 31
25 411 18 99
26 39 19 64
27 1109 29 78
28 587 14 5
29 1000 38 25
30 1335 25 53
31 263 20 36
32 1378 60 88
33 652 50 35
34 817 46 33
35 1002 23 77
36 1245 10 63
37 479 28 49
38 197 8 92
39 149 38 12
40 410 43 86
41 1347 7 16
42 1153 41 76
43 766 59 63
44 352 48 32
45 327 25 31
46 419 7 38
47 1165 24 2
48 947 52 28
49 130 41 89
50 152 54 41
51 440 1 83
52 1328 32 70
53 1263 14 7
54 439 44 3
55 631 19 55
56 166 58 4
57 1130 41 77
58 185 22 11
59 330 27 12
60 1239 46 7
61 1312 40 66
62 969 33 90
63 266 52 55
64 552 43 34
65 426 26 6
66 1168 56 81
67 1321 48 99
68 1387 45 94
69 276 23 46
70 1438 40 95
71 664 8 38
72 861 1 47
73 140 12 41
74 1291 44 36
75 973 50 54
76 1143 31 21
77 876 36 29
78 9 14 64
79 1224 48 7
80 272 2 87
81 934 49 90
82 968 15 82
83 644 38 38
84 1201 7 10
85 1152 29 79
86 868 33 96
87 1370 53 31
88 1303 17 24
89 1355 2 53
90 1024 41 20
91 633 22 1
92 71 41 40
