100
1 285 11 74.487
2 28 46 89.227
3 421 21 24.260
4 1268 25 12.959
5 678 9 22.507
6 582 49 35.001
7 258 38 28.708
8 1396 45 92.749
9 58 49 5.131
10 1216 4 59.267
11 886 57 16.290
12 542 30 83.841
13 1264 46 16.756
14 1130 45 50.220
15 669 50 99.933
16 1172 9 35.541
17 1294 27 4.707
18 618 37 21.366
19 481 56 39.784
20 859 50 33.367
21 1299 54 22.960
22 1011 35 93.612
23 543 35 68.319
24 1059 52 96.212
25 1374 2 43.797
26 782 54 94.034
27 778 24 0.583
28 448 2 61.031
29 102 45 80.108
30 262 9 23.298
31 133 8 93.247
32 667 36 76.327
33 13 15 82.645
34 1318 19 57.346
35 926 24 79.258
36 2 24 32.904
37 43 23 22.346
38 300 37 31.238
39 655 10 58.452
40 183 11 82.992
41 12 5 29.046
42 1047 19 40.255
43 510 46 86.206
44 1124 14 61.474
45 629 45 99.119
46 629 42 20.370
47 70 50 82.721
48 71 50 67.586
49 131 17 24.895
50 856 18 47.579
51 347 31 39.907
52 1212 19 59.944
53 1235 50 80.053
54 1388 49 10.506
55 704 33 82.145
56 317 16 84.109
57 325 41 35.450
58 773 14 43.007
59 1098 27 57.224
60 500 23 70.083
61 664 32 74.247
62 921 60 75.789
63 1321 46 38.913
64 232 59 42.930
65 1031 14 95.635
66 832 32 57.297
67 624 3 84.973
68 1274 46 27.634
69 566 36 62.232
70 257 52 58.836
71 912 60 96.347
72 899 56 8.590
73 472 24 50.050
74 1157 1 52.159
75 1440 32 9.016
76 1413 12 90.467
77 183 13 88.439
78 334 19 43.899
79 34 5 78.173
80 875 45 14.846
81 159 45 61.982
82 587 33 26.062
83 1273 20 44.566
84 789 50 84.400
85 531 33 19.620
86 300 58 30.385
87 635 54 48.329
88 1377 21 33.781
89 178 33 79.849
90 678 21 98.749
91 1234 37 15.904
92 62 48 23.688
93 996 45 70.224
94 1410 7 37.547
95 408 50 97.371
96 192 1 97.231
97 987 25 64.370
98 1310 44 86.010
99 880 47 40.188
100 1296 22 63.193
