100
1 1248 5 96.323
2 81 7 83.328
3 144 24 41.995
4 539 46 33.874
5 186 52 23.044
6 1172 29 77.598
7 181 56 17.869
8 1384 25 68.799
9 558 6 24.858
10 114 48 58.288
11 1236 31 58.508
12 975 9 86.217
13 44 18 44.792
14 1342 28 88.685
15 245 9 14.689
16 884 15 31.014
17 1190 8 50.971
18 60 31 70.213
19 687 55 27.244
20 307 37 24.103
21 275 6 73.349
22 1054 8 37.277
23 569 16 52.345
24 760 38 67.426
25 1352 17 1.963
26 1434 18 21.077
27 1319 49 84.253
28 1409 59 44.401
29 110 9 97.892
30 744 28 24.956
31 1117 59 5.365
32 378 27 66.17
33 1133 6 9.791
34 486 35 19.009
35 722 50 63.573
36 557 50 4.867
37 91 48 42.242
38 1031 26 91.063
39 518 57 47.215
40 1041 8 57.819
41 1289 56 7.819
42 68 34 23.119
43 1006 13 88.222
44 1093 18 38.352
45 337 20 68.669
46 1072 6 28.823
47 127 30 17.165
48 452 51 14.872
49 406 27 1.245
50 717 23 52.018
51 1093 38 57.788
52 1109 35 13.567
53 1054 5 87.884
54 158 14 18.273
55 1164 46 76.678
56 588 57 17.72
57 415 23 98.758
58 1133 14 86.742
59 1236 37 77.671
60 1121 2 91.468
61 972 25 78.147
62 822 40 43.891
63 97 18 49.978
64 938 23 6.361
65 871 13 31.921
66 357 19 21.688
67 86 15 32.592
68 203 28 3.61
69 1170 51 49.658
70 840 42 55.565
71 1086 7 44.303
72 376 33 70.824
73 660 12 58.018
74 390 47 43.994
75 981 11 75.842
76 889 58 27.485
77 746 14 88.231
78 593 25 77.809
79 499 34 45.114
80 35 23 20.374
81 502 56 47.334
82 29 31 77.828
83 1319 6 90.841
84 173 44 24.564
85 1004 20 92.927
86 1355 53 18.961
87 676 34 76.368
88 1318 31 83.979
89 646 53 75.667
90 671 16 20.165
91 534 21 46.203
92 1432 46 28.99
93 768 2 95.261
94 785 19 55.124
95 477 9 22.48
96 375 47 71.917
97 1198 4 38.539
98 88 49 80.497
99 1080 23 83.96
100 144 56 75.539
