84
1 1375 31 32
2 384 19 66
3 750 51 85
4 1076 33 53
5 337 45 56
6 1241 5 91
7 498 13 85
8 990 47 49
9 1149 34 54
10 1089 42 31
11 577 50 65
12 199 30 90
13 1435 10 14
14 529 53 97
15 1065 2 23
16 47 43 95
17 42 20 62
18 342 58 49
19 357 54 47
20 1162 25 98
21 1214 18 43
22 1264 4 81
23 1357 59 71
24 6 21 25
25 223 50 27
26 79 38 23
27 31 30 61
28 1056 49 43
29 498 48 6
30 1071 24 77
31 1418 15 89
32 23 10 88
33 516 51 47
34 1367 29 34
35 344 52 67
36 356 25 12
37 1173 59 84
38 154 34 46
39 1437 15 42
40 709 34 89
41 147 52 1
42 714 44 90
43 1391 37 9
44 856 38 50
45 862 36 52
46 354 29 96
47 1351 41 73
48 244 34 76
49 1287 43 99
50 480 10 73
51 961 26 61
52 205 27 58
53 638 9 41
54 454 35 32
55 1322 29 57
56 1240 43 45
57 1047 55 13
58 858 24 50
59 372 58 80
60 1089 28 99
61 320 27 30
62 640 44 98
63 1152 15 73
64 1078 34 39
65 929 6 72
66 711 51 28
67 1298 12 20
68 1262 30 82
69 1297 6 58
70 193 26 60
71 801 27 67
72 1288 7 29
73 73 54 99
74 1018 33 24
75 1424 21 54
76 1150 60 75
77 656 11 79
78 1 38 18
79 531 1 90
80 278 57 21
81 1171 36 31
82 350 12 24
83 363 43 48
84 1184 56 83
