79
1 298 29 35.602
2 334 16 25.343
3 1418 32 16.347
4 719 2 20.854
5 1006 46 31.597
6 840 31 82.978
7 754 40 81.951
8 783 7 26.712
9 996 3 71.089
10 1422 22 72.173
11 934 48 8.801
12 126 30 10.663
13 235 16 19.377
14 556 23 22.687
15 1431 21 47.177
16 361 5 4.263
17 1354 45 55.572
18 99 10 32.191
19 1420 18 34.873
20 47 34 80.375
21 1299 11 97.339
22 1027 40 99.332
23 1292 2 61.477
24 1122 58 36.882
25 876 8 65.494
26 25 1 71.907
27 471 26 68.259
28 1008 15 21.158
29 509 55 74.235
30 1151 14 75.112
31 291 31 9.749
32 106 24 80.811
33 301 32 58.479
34 144 12 81.925
35 1378 31 70.002
36 254 53 13.533
37 883 17 45.736
38 494 13 92.397
39 521 17 24.379
40 222 3 59.392
41 1017 1 78.206
42 11 45 39.721
43 1363 20 71.635
44 1420 23 32.748
45 1104 18 81.205
46 1034 49 29.756
47 259 58 99.635
48 548 48 15.999
49 457 34 11.009
50 770 52 60.752
51 1064 23 54.079
52 285 37 48.233
53 1284 30 66.125
54 140 31 72.273
55 952 10 71.801
56 1318 29 99.209
57 803 36 31.541
58 188 9 95.266
59 890 10 37.494
60 504 19 83.532
61 1347 30 52.087
62 155 20 47.538
63 126 22 40.263
64 689 35 8.555
65 1321 15 91.516
66 399 21 33.487
67 1406 52 46.309
68 968 24 64.699
69 220 56 43.112
70 1224 39 22.945
71 367 7 36.632
72 420 41 94.805
73 502 27 13.728
74 119 37 6.728
75 580 56 84.497
76 195 22 66.812
77 1199 53 30.348
78 1081 27 69.956
79 457 21 17.959
