90
1 956 17 63
2 1170 36 13
3 1402 47 38
4 58 57 96
5 704 2 12
6 1381 19 51
7 1184 9 89
8 649 5 15
9 475 43 85
10 1144 16 80
11 311 1 42
12 389 6 82
13 848 41 10
14 340 43 85
15 638 18 85
16 909 15 57
17 6 56 61
18 927 58 11
19 66 6 16
20 1307 44 16
21 775 48 66
22 1353 16 64
23 274 31 58
24 1279 57 27
25 196 43 90
26 1302 12 74
27 1288 18 81
28 368 27 27
29 456 11 11
30 852 46 33
31 206 35 48
32 31 35 42
33 493 25 99
34 753 31 42
35 74 18 85
36 103 36 10
37 293 33 58
38 91 19 59
39 1168 52 94
40 39 39 90
41 1328 54 88
42 1272 29 29
43 1232 11 38
44 243 25 24
45 115 60 36
46 137 17 61
47 1012 46 20
48 1267 10 37
49 1373 53 86
50 445 38 41
51 1246 31 25
52 322 41 33
53 953 18 55
54 599 54 6
55 222 24 70
56 210 44 32
57 1067 25 56
58 874 33 53
59 375 26 9
60 652 58 51
61 127 46 93
62 1126 49 91
63 485 3 58
64 1336 36 1
65 29 20 85
66 857 13 37
67 65 36 56
68 1427 41 41
69 578 24 40
70 650 9 36
71 1374 57 89
72 1007 39 64
73 242 11 32
74 606 27 45
75 351 38 98
76 784 37 6
77 901 3 18
78 635 55 34
79 1430 25 95
80 1329 8 56
81 880 3 69
82 343 6 50
83 1184 27 22
84 954 44 21
85 1387 22 17
86 747 37 85
87 1247 10 2
88 10 43 68
89 1325 8 91
90 958 32 84
