100   
1 992 2 65.885
2 36 48 58.441
3 1101 4 53.334
4 234 47 6.636
5 726 38 8.166
6 930 30 55.301
7 964 27 2.727
8 1089 28 84.79
9 1191 23 31.894
10 63 51 24.5
11 1432 52 15.393
12 690 60 22.482
13 1341 23 80.059
14 1 13 29.03
15 1039 19 3.42
16 898 9 86.174
17 209 43 26.185
18 671 60 56.772
19 265 22 9.109
20 1430 29 90.358
21 732 53 31.424
22 456 39 75.205
23 868 37 39.463
24 130 50 10.051
25 1204 59 23.091
26 540 46 21.055
27 247 60 33.888
28 349 33 87.768
29 566 31 74.553
30 57 1 96.564
31 380 4 48.912
32 613 57 29.876
33 886 13 69.717
34 1070 2 46.855
35 1190 55 11.039
36 404 12 20.396
37 449 24 87.262
38 516 11 60.442
39 1332 49 97.846
40 1404 14 25.753
41 1182 35 86.589
42 1011 4 81.524
43 1268 24 88.303
44 146 31 0.222
45 1181 11 57.685
46 1424 28 42.142
47 1362 14 92.123
48 384 50 9.696
49 1436 43 10.974
50 1228 32 93.597
51 323 9 85.479
52 467 46 84.03
53 1028 19 17.099
54 786 19 6.085
55 898 25 39.878
56 352 36 60.725
57 141 27 77.627
58 901 26 92.768
59 778 49 31.505
60 1106 23 96.282
61 154 44 35.651
62 502 44 53.286
63 544 57 16.628
64 1233 1 33.425
65 1346 52 59.908
66 624 21 85.853
67 528 34 29.184
68 1294 23 25.162
69 212 26 40.092
70 1176 55 85.642
71 35 58 51.845
72 906 13 86.931
73 20 14 24.968
74 719 54 7.631
75 1340 56 6.316
76 1435 26 85.13
77 355 31 33.304
78 333 26 79.894
79 969 23 1.89
80 1224 39 79.086
81 864 16 70.762
82 591 20 13.423
83 848 22 38.277
84 1138 40 65.493
85 658 30 22.535
86 157 15 59.347
87 512 21 54.445
88 1169 43 7.739
89 1179 19 61.239
90 184 52 42.585
91 568 53 86.733
92 78 21 80.547
93 939 1 65.234
94 440 48 81.079
95 973 13 67.068
96 1073 9 84.097
97 741 3 17.21
98 432 30 35.463
99 1055 2 71.713
100 1301 60 64.853