100
1 615 38 43.005
2 578 39 45.626
3 1215 27 15.687
4 899 10 7.575
5 436 18 27.022
6 484 51 71.727
7 572 1 1.222
8 445 4 6.687
9 403 21 37.421
10 315 31 57.174
11 334 42 83.656
12 1331 31 16.265
13 224 31 81.998
14 630 28 31.066
15 818 16 13.629
16 617 41 48.129
17 280 33 81.479
18 383 2 3.852
19 397 27 44.166
20 449 42 69.653
21 336 9 19.556
22 352 27 51.937
23 1312 39 20.432
24 438 39 64.151
25 275 20 48.271
26 502 46 63.677
27 404 28 49.263
28 354 15 32.847
29 1071 34 22.716
30 456 41 58.395
31 217 9 30.127
32 574 54 67.134
33 404 24 41.467
34 309 8 16.812
35 310 6 14.878
36 697 48 46.754
37 392 21 39.284
38 395 2 3.288
39 196 20 71.476
40 427 40 67.305
41 223 7 25.5
42 207 2 6.91
43 481 15 22.056
44 319 1 2.107
45 164 27 96.023
46 378 55 99.342
47 1136 8 4.985
48 1410 8 3.96
49 435 17 24.702
50 317 22 47.2
51 449 25 38.535
52 384 48 85.623
53 792 31 27.01
54 208 5 15.666
55 277 24 67.257
56 607 1 1.083
57 292 28 67.771
58 632 5 5.69
59 483 60 87.635
60 340 21 42.505
61 676 4 4.134
62 329 37 72.516
63 366 36 75.707
64 612 27 30.381
65 296 32 73.646
66 956 51 37.716
67 306 3 6.729
68 419 53 88.429
69 447 42 69.603
70 309 20 46.108
71 1150 39 24.01
72 527 7 10.227
73 274 3 7.977
74 488 15 22.745
75 196 3 10.442
76 213 30 98.743
77 266 25 72.529
78 954 56 39.802
79 390 23 40.092
80 450 40 67.047
81 528 42 55.553
82 347 45 86.498
83 230 25 88.67
84 819 14 11.91
85 574 19 22.161
86 264 21 52.481
87 393 39 71.155
88 490 18 23.847
89 300 13 31.269
90 251 17 49.757
91 1269 18 9.946
92 311 28 65.736
93 728 21 20.27
94 903 47 37.465
95 889 40 31.44
96 390 36 66.557
97 965 11 7.898
98 339 3 6.105
99 950 28 20.026
100 841 7 5.932
