80
1 97 21 54.958
2 690 25 59.808
3 608 31 96.654
4 1006 19 50.94
5 1363 32 48.202
6 601 41 31.634
7 295 48 7.549
8 1253 12 79.5
9 763 35 82.29
10 872 39 52.398
11 790 37 9.957
12 508 52 74.744
13 954 24 24.539
14 1374 42 65.391
15 951 53 55.101
16 365 55 5.525
17 503 36 88.298
18 1073 13 15.294
19 624 23 6.637
20 674 40 70.113
21 997 13 92.284
22 1119 18 94.662
23 1397 21 88.599
24 799 36 48.394
25 1408 13 56.929
26 1006 36 6.683
27 518 14 63.188
28 999 21 4.63
29 1254 52 26.631
30 917 25 22.912
31 757 16 58.447
32 1054 41 16.961
33 757 41 96.648
34 982 31 63.776
35 462 24 87.807
36 132 56 57.515
37 1304 45 26.375
38 569 17 81.676
39 813 19 53.167
40 947 12 41.8
41 174 48 21.311
42 466 57 15.206
43 448 53 60.373
44 427 6 72.136
45 1074 13 68.99
46 296 47 38.525
47 50 35 9.582
48 769 20 41.005
49 1132 10 63.893
50 609 49 79.256
51 216 38 17.892
52 464 24 79.124
53 1369 36 41.493
54 163 25 89.189
55 79 36 70.464
56 611 29 89.251
57 665 25 71.932
58 869 34 93.061
59 1411 31 48.996
60 1308 16 52.108
61 1066 41 7.577
62 1235 4 11.982
63 324 8 47.125
64 466 22 42.86
65 172 28 93.915
66 1208 43 93.17
67 734 22 92.625
68 863 28 34.227
69 1197 30 63.133
70 774 50 23.121
71 966 56 12.846
72 727 39 19.346
73 944 8 33.689
74 183 46 38.223
75 81 39 14.549
76 1350 10 35.662
77 488 57 84.501
78 263 54 53.915
79 512 34 32.548
80 553 58 38.914