100
1 1092 28 49.296
2 184 13 36.346
3 241 25 19.833
4 215 25 48.146
5 721 15 20.136
6 1110 17 47.481
7 832 12 9.014
8 742 15 23.73
9 1049 23 5.03
10 1083 9 4.948
11 887 3 44.416
12 926 10 1.496
13 109 26 28.509
14 1058 29 39.757
15 1292 26 49.77
16 1326 19 43.793
17 1215 22 33.877
18 763 11 29.045
19 309 19 35.455
20 902 22 38.328
21 1067 1 23.506
22 1231 4 16.973
23 222 10 36.263
24 538 24 17.734
25 1346 16 4.216
26 586 25 17.458
27 887 21 32.5
28 12 2 43.427
29 999 23 34.666
30 55 10 40.982
31 1202 6 14.352
32 1144 10 37.066
33 139 1 37.121
34 1233 15 35.432
35 193 18 17.523
36 291 20 1.13
37 534 17 18.388
38 563 1 21.589
39 865 40 96.445
40 504 37 90.74
41 912 42 60.16
42 673 58 75.7
43 1100 50 83.754
44 944 58 60.186
45 1398 37 83.356
46 202 34 87.372
47 1167 39 93.518
48 1388 51 54.591
49 676 39 60.573
50 1144 47 78.719
51 581 43 89.949
52 1188 33 98.542
53 1132 59 88.688
54 354 42 88.336
55 1227 47 68.384
56 1012 37 87.064
57 188 31 95.085
58 636 35 96.941
59 431 50 54.379
60 1286 43 70.425
61 155 33 54.938
62 1094 51 88.29
63 1398 47 97.622
64 896 59 60.727
65 19 40 94.269
66 1012 57 81.808
67 868 46 57.055
68 338 46 85.565
69 359 49 83.266
70 90 40 74.469
71 1101 34 76.719
72 232 57 55.828
73 1387 32 98.518
74 189 53 94.514
75 577 48 56.892
76 623 33 95.298
77 425 60 86.046
78 711 43 71.61
79 478 28 14.555
80 751 14 17.837
81 1208 57 3.625
82 1328 42 81.022
83 524 56 79.402
84 13 5 19.96
85 1116 54 32.409
86 468 10 93.421
87 560 27 33.356
88 295 56 94.675
89 984 11 5.666
90 1309 34 10.852
91 1178 33 17.528
92 238 18 52.767
93 896 32 78.992
94 212 25 53.712
95 741 5 62.756
96 256 35 43.228
97 936 28 84.483
98 272 41 40.616
99 1094 43 52.692
100 728 50 86.775
