100
1 124 37 89.739
2 780 47 79.415
3 747 38 36.463
4 177 12 35.555
5 1163 48 24.129
6 214 8 58.264
7 935 55 49.144
8 438 43 46.975
9 275 32 52.944
10 1411 8 15.781
11 225 2 67.379
12 1269 15 63.799
13 1198 43 92.341
14 332 37 75.749
15 426 26 51.614
16 1191 59 16.717
17 179 50 53.086
18 847 41 36.848
19 747 16 40.684
20 1113 59 56.98
21 1083 17 55.202
22 621 38 65.339
23 1399 22 49.498
24 1362 13 59.351
25 817 18 17.894
26 60 43 61.938
27 374 10 65.86
28 1323 34 48.342
29 1356 54 75.514
30 649 28 92.824
31 1153 6 45.801
32 1155 11 77.753
33 1037 42 34.509
34 477 38 94.024
35 577 4 86.448
36 967 36 96.049
37 150 8 31.835
38 389 5 30.704
39 709 6 60.181
40 498 34 95.427
41 413 52 45.91
42 284 43 17.762
43 756 35 55.88
44 794 37 16.536
45 1434 3 22.028
46 709 5 89.362
47 30 54 21.305
48 105 6 87.717
49 621 39 9.625
50 299 25 69.246
51 40 46 55.495
52 508 23 67.061
53 195 19 49.902
54 828 9 38.578
55 706 44 52.189
56 1318 35 53.579
57 648 10 31.008
58 85 17 18.135
59 839 42 89.949
60 1267 2 48.061
61 64 21 96.009
62 124 21 7.531
63 315 11 95.841
64 468 54 90.549
65 1048 10 80.656
66 1139 51 53.922
67 678 2 25.35
68 1051 6 10.019
69 376 31 43.822
70 1130 41 86.765
71 1226 52 37.199
72 564 6 58.366
73 1078 17 10.828
74 609 43 95.263
75 1363 17 93.446
76 372 9 24.948
77 38 12 26.624
78 820 46 97.843
79 810 4 73.802
80 560 37 46.909
81 214 44 26.026
82 545 29 4.065
83 1044 10 94.887
84 1383 47 21.371
85 547 34 29.049
86 859 9 11.225
87 539 59 22.629
88 680 29 62.917
89 144 43 37.838
90 463 53 9.927
91 1377 8 34.852
92 867 51 47.704
93 50 27 93.845
94 973 55 55.823
95 417 18 77.585
96 464 41 15.382
97 830 47 38.201
98 1291 13 94.583
99 367 49 4.367
100 297 59 44.233
