100
1 617 31 17
2 1058 9 51
3 530 15 24
4 812 59 29
5 1239 7 20
6 268 18 51
7 634 27 77
8 919 51 42
9 1398 13 1
10 1151 46 34
11 545 14 53
12 1030 21 27
13 1304 33 92
14 395 42 36
15 1182 57 68
16 793 48 68
17 589 4 60
18 1107 13 99
19 537 54 91
20 596 38 19
21 738 52 32
22 1430 6 35
23 153 48 95
24 90 40 96
25 374 33 96
26 633 32 27
27 786 5 65
28 1064 26 25
29 1056 51 96
30 884 37 8
31 595 44 46
32 1402 19 93
33 1367 25 13
34 140 33 28
35 743 38 7
36 609 35 53
37 985 9 83
38 487 12 86
39 67 11 80
40 135 18 9
41 262 4 34
42 1059 55 62
43 1174 32 32
44 488 2 99
45 392 35 80
46 69 28 96
47 1382 13 47
48 1351 34 15
49 1103 50 23
50 212 52 47
51 378 7 93
52 720 24 94
53 1370 40 1
54 1363 20 46
55 743 44 3
56 1347 8 48
57 537 23 4
58 917 17 76
59 328 4 31
60 1063 35 51
61 1185 5 38
62 361 24 85
63 589 15 53
64 1387 5 81
65 748 44 14
66 493 31 8
67 32 58 18
68 932 23 30
69 155 40 95
70 1223 9 62
71 678 22 74
72 211 26 61
73 1131 8 26
74 323 54 88
75 1052 38 79
76 229 58 88
77 929 57 53
78 967 17 93
79 41 53 80
80 751 9 12
81 1026 39 22
82 1331 23 64
83 1345 21 19
84 888 12 63
85 81 51 91
86 1169 23 5
87 1301 54 70
88 673 23 43
89 1367 52 74
90 597 7 72
91 1310 46 99
92 935 40 31
93 1388 47 31
94 1185 22 51
95 865 30 18
96 141 29 66
97 29 54 90
98 1239 18 6
99 454 17 38
100 986 15 32