100
1 997 56 70.903
2 727 16 74.31
3 698 43 42.146
4 589 39 76.042
5 368 43 28.824
6 1297 9 10.261
7 823 27 85.616
8 133 30 20.557
9 431 22 28.305
10 1142 12 62.609
11 1123 57 10.351
12 829 12 42.448
13 614 47 54.574
14 806 5 57.307
15 456 22 60.027
16 87 19 76.541
17 237 14 27.297
18 1226 35 1.211
19 806 15 18.154
20 314 17 30.082
21 791 39 79.267
22 1100 43 76.128
23 725 19 75.874
24 1154 25 29.279
25 1268 52 85.673
26 121 58 64.214
27 1365 50 52.398
28 807 9 97.105
29 485 9 98.334
30 190 35 86.061
31 408 55 65.923
32 696 23 13.123
33 107 58 85.715
34 539 20 41.272
35 845 24 42.747
36 151 46 57.405
37 989 55 63.046
38 44 9 36.138
39 820 49 97.871
40 81 53 37.343
41 794 37 33.299
42 162 10 31.918
43 1378 8 47.392
44 376 27 52.488
45 696 38 6.27
46 161 25 38.085
47 949 6 64.631
48 1062 52 11.568
49 9 18 95.316
50 782 17 30.921
51 744 41 67.433
52 38 40 18.322
53 598 27 80.001
54 780 41 54.261
55 1214 47 84.819
56 1281 8 49.591
57 1310 18 88.381
58 684 11 66.203
59 1006 54 79.564
60 1342 40 57.274
61 165 60 98.019
62 1103 29 75.705
63 826 47 53.886
64 401 27 54.893
65 1086 13 36.063
66 74 42 21.338
67 1322 60 50.597
68 1224 3 39.715
69 80 29 95.601
70 1338 6 50.015
71 933 15 6.388
72 1084 31 59.488
73 411 26 13.619
74 249 41 74.726
75 518 25 47.757
76 265 39 73.248
77 719 35 18.512
78 416 16 60.326
79 1180 8 44.29
80 470 43 23.475
81 1265 57 86.389
82 226 48 30.838
83 362 57 99.911
84 1088 37 72.965
85 967 50 69.866
86 884 6 50.911
87 615 18 74.418
88 422 29 44.135
89 62 35 8.009
90 700 9 10.883
91 951 3 57.261
92 812 18 87.629
93 226 31 71.388
94 94 40 2.837
95 212 49 63.557
96 753 22 79.955
97 199 36 68.111
98 938 53 60.884
99 1228 24 37.574
100 751 2 46.228