100
1 184 45 10.416 
2 183 42 94.147 
3 187 30 99.500 
4 1417 41 0.133 
5 1418 59 0.771 
6 28 17 4.207 
7 26 50 7.605 
8 200 15 55.200 
9 1420 20 1.250 
10 1418 30 0.344 
11 1415 44 1.069 
12 25 20 3.416 
13 1416 30 0.359 
14 197 43 27.485 
15 11 59 8.520 
16 195 30 29.838 
17 183 34 58.695 
18 11 60 6.267 
19 196 40 29.880 
20 1415 53 0.940 
21 13 56 2.817 
22 198 42 43.661 
23 15 55 12.987 
24 27 22 5.790 
25 198 16 50.724 
26 25 46 5.022 
27 26 17 5.734 
28 11 58 6.522 
29 195 18 2.074 
30 184 58 24.045 
31 197 28 44.762 
32 183 59 9.403 
33 197 20 31.143 
34 185 57 46.266 
35 26 30 6.676 
36 12 57 11.581 
37 11 59 7.384 
38 198 37 48.027 
39 13 60 2.740 
40 196 53 14.198 
41 183 40 49.728 
42 28 18 2.071 
43 1418 26 0.705 
44 1415 23 0.524 
45 1418 36 0.155 
46 11 59 1.407 
47 182 59 27.978 
48 1418 38 1.043 
49 197 33 24.762 
50 1417 35 0.446 
51 183 45 49.898 
52 13 57 11.178 
53 25 32 6.897 
54 1415 33 0.529 
55 183 45 51.891 
56 11 56 7.304 
57 12 58 12.830 
58 25 45 6.730 
59 1415 47 0.331 
60 197 20 39.379 
61 195 48 25.124 
62 25 32 2.586 
63 185 54 48.541 
64 12 58 12.310 
65 1416 49 0.267 
66 183 41 94.090 
67 182 51 62.121 
68 1418 50 0.551 
69 12 60 4.446 
70 1416 53 0.489 
71 1416 29 0.459 
72 185 48 67.599 
73 30 12 7.751 
74 196 45 5.832 
75 28 17 2.430 
76 196 32 22.007 
77 182 33 6.445 
78 25 17 2.220 
79 185 49 15.582 
80 198 48 12.213 
81 12 57 1.071 
82 1415 32 0.456 
83 184 34 25.186 
84 27 36 0.507 
85 26 57 0.862 
86 13 56 11.587 
87 1415 25 0.393 
88 184 49 59.225 
89 13 60 9.803 
90 184 53 48.764 
91 11 59 4.139 
92 196 27 38.984 
93 27 13 0.590 
94 11 57 1.221 
95 13 56 9.889 
96 27 28 5.759 
97 198 33 32.587 
98 28 15 7.444 
99 195 49 16.661 
100 27 34 4.872 
