100
1 353 19 55.328
2 95 60 96.443
3 482 52 88.440
4 376 25 78.535
5 1306 33 59.238
6 665 35 27.530
7 905 47 65.459
8 119 6 61.910
9 277 24 31.059
10 1356 30 29.629
11 508 24 99.962
12 526 25 1.189
13 1073 15 15.590
14 456 57 2.113
15 753 59 6.157
16 931 12 57.756
17 1420 41 62.961
18 354 38 33.876
19 479 14 23.605
20 1379 56 69.213
21 899 35 94.735
22 809 15 3.428
23 1127 51 97.268
24 592 25 72.995
25 1312 42 72.365
26 998 12 87.712
27 593 56 45.306
28 593 54 42.089
29 919 57 67.838
30 1003 34 88.859
31 1007 21 56.042
32 1386 57 11.539
33 1257 24 69.866
34 921 19 16.334
35 1135 15 61.789
36 1170 8 60.609
37 610 37 30.562
38 106 51 11.953
39 548 33 43.107
40 1400 56 21.643
41 278 19 78.518
42 750 27 64.852
43 487 52 62.343
44 310 40 65.808
45 21 21 19.898
46 743 11 7.134
47 931 21 75.882
48 204 3 54.188
49 912 20 91.764
50 782 47 5.424
51 665 20 53.606
52 190 2 78.442
53 277 45 89.486
54 214 38 15.174
55 907 40 72.620
56 1161 2 68.764
57 73 28 11.909
58 816 58 18.741
59 484 5 83.328
60 633 39 39.367
61 1400 59 50.156
62 918 38 2.578
63 257 38 33.833
64 559 43 80.491
65 612 9 33.619
66 381 22 33.941
67 499 44 39.148
68 1121 52 61.614
69 189 17 81.651
70 902 32 38.401
71 457 52 82.058
72 1352 12 28.024
73 828 54 13.766
74 1063 58 15.424
75 805 18 98.234
76 1264 25 58.987
77 1281 36 33.628
78 276 48 13.089
79 1320 15 13.348
80 683 54 67.088
81 1263 24 31.741
82 158 55 2.824
83 166 49 94.413
84 975 50 91.720
85 990 53 67.678
86 1191 7 94.177
87 455 59 40.103
88 718 3 31.682
89 552 47 4.600
90 1296 9 34.125
91 111 19 49.925
92 892 48 39.698
93 121 8 29.419
94 1353 35 12.864
95 462 29 41.512
96 919 40 25.319
97 427 1 82.507
98 552 2 59.672
99 1204 2 56.345
100 1403 37 51.111
