100
1 317 16 12.251
2 114 57 64.839
3 402 46 44.533
4 750 21 4.557
5 351 5 10.711
6 332 37 18.48
7 368 7 31.348
8 1020 29 99.644
9 53 35 27.97
10 1209 3 59.543
11 939 25 52.508
12 322 32 96.82
13 517 11 36.82
14 214 47 81.594
15 1021 8 3.344
16 177 55 0.254
17 474 20 21.466
18 1323 39 60.208
19 975 46 23.573
20 627 54 50.618
21 293 41 33.524
22 1081 52 7.956
23 844 42 78.471
24 1204 43 93.119
25 598 31 35.9
26 1088 48 49.315
27 756 28 94.527
28 1371 58 40.958
29 1241 26 74.915
30 388 42 86.431
31 522 39 81.817
32 941 23 45.185
33 1156 55 3.278
34 554 41 50.277
35 402 2 54.877
36 161 51 8.559
37 177 42 28.547
38 877 33 52.481
39 694 56 22.234
40 1028 17 30.767
41 173 34 37.653
42 1125 38 75.616
43 334 31 10.253
44 391 28 2.127
45 69 24 34.186
46 68 19 31.797
47 910 40 69.45
48 155 54 19.111
49 64 33 92.211
50 1260 24 88.755
51 244 16 82.396
52 1212 35 47.76
53 172 12 60.58
54 1415 1 90.438
55 350 22 57.084
56 33 50 98.44
57 414 29 3.487
58 186 55 12.959
59 838 24 68.61
60 866 43 82.287
61 1390 4 70.227
62 374 46 74.647
63 657 5 92.48
64 242 8 62.693
65 890 28 43.618
66 574 59 1.463
67 96 41 20.88
68 413 2 82.169
69 753 47 22.069
70 145 38 70.799
71 1052 12 64.528
72 1230 3 7.633
73 154 50 50.971
74 615 28 94.147
75 615 23 87.351
76 500 20 83.08
77 774 31 57.613
78 386 5 48.081
79 1190 7 23.215
80 878 23 96.759
81 74 2 4.342
82 75 51 18.969
83 1061 9 61.224
84 44 2 33.325
85 1410 31 43.711
86 934 6 57.812
87 214 6 44.719
88 209 40 1.439
89 69 13 40.01
90 849 34 67.796
91 307 59 10.075
92 364 25 55.842
93 1385 33 51.738
94 171 60 54.512
95 379 35 76.564
96 362 31 56.846
97 945 22 3.756
98 305 25 43.446
99 1190 26 43.109
100 412 57 57.891