100
1 1 20 31
2 1 49 27
3 1 47 76
4 1 48 9
5 1 38 17
6 1 7 42
7 1 60 6
8 1 3 66
9 1 3 24
10 1 29 93
11 1 3 63
12 1 46 7
13 1 3 63
14 1 60 97
15 1 11 25
16 1 24 8
17 1 39 55
18 1 25 5
19 1 35 48
20 1 14 63
21 1 15 67
22 1 8 68
23 1 17 21
24 1 39 77
25 1 29 60
26 1 60 52
27 1 40 67
28 1 13 61
29 1 14 22
30 1 6 68
31 1 55 51
32 1 22 34
33 1 16 3
34 1 33 24
35 1 54 40
36 1 31 14
37 1 8 22
38 1 22 90
39 1 44 56
40 1 40 85
41 1 52 65
42 1 52 63
43 1 17 88
44 1 41 79
45 1 11 7
46 1 58 10
47 1 18 41
48 1 34 37
49 1 45 9
50 1 56 65
51 1 39 94
52 1 24 13
53 1 53 64
54 1 57 93
55 1 58 21
56 1 23 17
57 1 46 68
58 1 33 9
59 1 35 22
60 1 34 72
61 1 50 33
62 1 30 12
63 1 12 37
64 1 2 42
65 1 47 18
66 1 34 2
67 1 30 23
68 1 50 7
69 1 48 7
70 1 59 75
71 1 36 46
72 1 14 74
73 1 29 56
74 1 45 1
75 1 33 8
76 1 3 46
77 1 43 80
78 1 28 61
79 1 11 91
80 1 33 16
81 1 19 97
82 1 29 55
83 1 44 25
84 1 41 67
85 1 1 49
86 1 28 25
87 1 42 41
88 1 16 23
89 1 29 31
90 1 31 73
91 1 1 1
92 1 34 47
93 1 47 8
94 1 23 15
95 1 43 29
96 1 14 8
97 1 4 61
98 1 34 94
99 1 40 57
100 1 28 19
