100
1 728 41 58.6
2 910 52 92.2
3 164 33 40.29
4 755 27 46.2
5 1417 24 86.01
6 1381 37 37.4
7 116 30 41.81
8 1017 18 50.9
9 1351 30 55.5
10 520 26 68.61
11 523 22 58.48
12 530 19 33.011
13 1017 39 96.5
14 1108 12 95.04
15 56 21 21.0
16 648 18 67.986
17 581 26 91.3
18 616 6 66.21
19 546 36 17.6
20 428 3 98.08
21 691 30 61.15
22 1154 21 79.0
23 1353 46 14.12
24 193 33 68.559
25 916 45 86.886
26 94 28 68.59
27 768 48 91.4
28 941 12 36.12
29 677 52 62.9
30 554 41 22.194
31 890 35 87.88
32 498 29 16.22
33 262 30 74.35
34 372 43 58.753
35 1391 10 79.276
36 542 33 17.35
37 265 45 86.1
38 836 45 29.285
39 745 52 52.04
40 1250 33 4.31
41 1161 22 88.7
42 1213 31 29.906
43 1120 5 39.387
44 305 40 41.13
45 1357 55 72.88
46 1088 39 80.3
47 164 1 22.7
48 854 9 12.72
49 705 39 77.729
50 1395 11 82.492
51 1247 16 71.512
52 168 36 90.73
53 172 50 85.81
54 660 52 72.62
55 248 3 45.64
56 165 58 43.72
57 908 21 37.5
58 159 4 84.947
59 1141 12 77.9
60 1440 16 98.172
61 896 37 11.8
62 137 12 59.1
63 552 51 24.6
64 377 44 98.567
65 1162 33 67.3
66 342 7 50.09
67 972 23 13.828
68 1249 15 78.8
69 404 4 25.9
70 1375 2 85.78
71 916 49 93.24
72 959 52 54.15
73 319 38 90.522
74 357 42 18.909
75 350 19 77.1
76 1357 35 31.3
77 1011 39 11.7
78 563 48 14.83
79 459 34 81.7
80 779 25 75.166
81 234 27 28.1
82 1179 22 52.675
83 329 13 6.7
84 178 45 96.2
85 1271 45 22.2
86 736 4 73.792
87 1377 24 45.906
88 78 2 52.214
89 1349 17 77.027
90 1074 33 27.141
91 1053 23 67.349
92 634 5 71.362
93 737 26 22.55
94 1407 10 88.5
95 28 48 8.147
96 53 58 15.5
97 1388 32 65.86
98 139 49 31.867
99 1244 49 14.862
100 1097 18 96.19
