87
1 861 45 82
2 853 35 84
3 1243 2 27
4 226 44 60
5 1189 38 60
6 25 6 76
7 407 24 77
8 825 60 48
9 1426 19 93
10 396 43 80
11 85 17 33
12 922 3 30
13 126 59 59
14 622 16 50
15 934 51 46
16 235 41 32
17 1281 13 37
18 1011 24 79
19 963 55 51
20 478 59 17
21 1120 30 12
22 118 16 86
23 1345 27 85
24 1350 49 8
25 1392 26 25
26 523 13 71
27 856 35 43
28 1006 13 13
29 513 16 60
30 600 21 38
31 588 5 51
32 820 13 19
33 1217 5 8
34 941 8 50
35 423 15 3
36 49 39 51
37 526 57 44
38 1154 33 4
39 62 54 70
40 162 47 84
41 761 28 15
42 1374 49 23
43 1088 20 76
44 791 26 37
45 745 43 33
46 768 51 18
47 1190 27 86
48 726 18 66
49 959 1 29
50 617 3 58
51 1092 60 58
52 804 29 5
53 993 34 1
54 67 57 90
55 573 54 50
56 1151 58 92
57 284 34 43
58 1426 16 45
59 1150 55 58
60 20 28 7
61 638 17 26
62 577 50 47
63 369 32 45
64 1161 52 41
65 160 16 17
66 845 53 52
67 940 29 21
68 1383 37 99
69 993 18 23
70 1034 29 89
71 1044 14 41
72 1157 10 30
73 1276 11 5
74 544 27 62
75 997 24 28
76 416 1 42
77 1018 13 18
78 1434 38 21
79 24 3 52
80 1035 34 50
81 886 19 30
82 559 1 75
83 533 39 34
84 497 59 92
85 981 49 55
86 401 15 85
87 1284 53 88
