99
1 1073 18 70.249
2 171 27 16.514
3 1317 58 57.362
4 1312 52 29.162
5 710 46 65.095
6 246 45 64.235
7 1350 33 50.791
8 1244 32 39.02
9 747 26 61.738
10 1207 3 8.034
11 751 10 37.837
12 1161 38 73.032
13 712 45 21.66
14 674 31 15.853
15 648 36 2.421
16 1116 46 45.227
17 672 44 28.81
18 986 15 15.268
19 367 2 16.133
20 855 38 83.971
21 864 23 63.392
22 1242 47 48.361
23 1436 16 41.129
24 86 3 20.432
25 488 57 93.841
26 1076 48 10.81
27 175 10 58.493
28 1205 57 51.63
29 660 18 59.92
30 12 32 52.624
31 1400 44 25.677
32 822 26 69.85
33 829 4 34.039
34 922 15 61.92
35 925 56 29.509
36 997 53 8.628
37 58 42 35.636
38 561 13 43.251
39 370 33 10.561
40 1101 18 7.263
41 1062 51 63.159
42 1356 25 49.908
43 164 21 79.744
44 137 46 62.46
45 1263 45 0.684
46 1440 59 68.524
47 1212 50 41.034
48 394 44 91.311
49 1436 4 92.672
50 762 56 99.248
51 700 54 30.13
52 117 7 61.829
53 945 57 32.162
54 1270 7 17.867
55 632 50 3.626
56 778 50 38.792
57 907 53 34.98
58 1025 24 64.905
59 876 48 70.552
60 318 4 67.062
61 706 34 38.873
62 71 16 78.036
63 1084 34 57.396
64 317 8 90.158
65 1282 38 99.278
66 945 13 35.09
67 442 54 14.77
68 1095 55 3.046
69 32 55 88.762
70 590 2 68.496
71 1210 13 50.002
72 751 37 21.175
73 839 38 53.629
74 349 41 78.664
75 858 9 56.62
76 1019 41 1.207
77 825 8 36.331
78 790 38 71.081
79 454 53 52.976
80 639 37 5.428
81 925 51 80.208
82 1368 21 55.099
83 1077 35 70.441
84 541 40 50.957
85 167 9 79.726
86 896 57 28.954
87 970 13 28.559
88 695 28 9.05
89 146 4 29.982
90 1105 38 72.367
91 391 36 47.747
92 661 45 26.603
93 1098 3 21.587
94 647 20 63.578
95 184 16 81.191
96 887 33 46.971
97 250 18 43.129
98 394 32 20.042
99 184 11 20.664