77
1 1096 56 86.294
2 80 57 55.573
3 660 41 17.921
4 621 19 8.674
5 771 37 82.203
6 449 36 85.541
7 385 30 19.292
8 966 51 69.952
9 642 29 50.877
10 965 7 18.723
11 784 28 81.303
12 5 42 43.607
13 447 25 17.026
14 642 43 1.308
15 986 19 11.562
16 668 23 6.208
17 739 14 97.433
18 695 7 74.051
19 581 2 48.183
20 513 28 35.102
21 1166 60 99.539
22 886 40 17.783
23 1254 37 26.067
24 227 47 89.297
25 77 31 84.631
26 104 53 13.943
27 461 7 6.35
28 1349 24 87.672
29 691 24 3.876
30 1329 8 50.662
31 369 49 29.394
32 301 57 75.135
33 439 53 37.359
34 488 28 63.191
35 626 35 3.191
36 1072 47 90.237
37 834 16 19.828
38 1127 17 84.089
39 1298 31 46.833
40 882 36 31.539
41 1381 19 79.519
42 35 2 91.973
43 1295 27 35.109
44 890 55 37.928
45 1071 31 51.498
46 436 51 64.807
47 835 48 59.082
48 1359 56 61.332
49 347 55 93.812
50 366 56 33.328
51 285 39 33.986
52 520 20 59.559
53 30 33 21.298
54 1271 60 39.369
55 905 30 4.575
56 1100 43 42.162
57 546 34 67.785
58 800 18 83.937
59 782 49 6.086
60 340 13 11.979
61 909 59 36.453
62 1000 57 12.518
63 1039 53 43.792
64 181 18 19.805
65 52 10 28.441
66 122 20 54.996
67 1075 18 10.251
68 1317 33 91.886
69 363 19 69.972
70 565 14 94.221
71 621 47 95.191
72 1356 20 63.779
73 727 36 66.489
74 509 12 47.465
75 566 14 46.357
76 995 12 7.873
77 1294 1 95.656
