88
1 1019 56 12.598
2 218 49 10
3 790 7 26.4
4 1175 2 35.07
5 381 32 19.7
6 1201 57 18
7 853 36 87.1
8 878 33 63.42
9 508 49 92
10 182 7 10.943
11 619 39 78
12 64 39 19.609
13 754 40 61.2
14 448 57 11.1
15 851 9 74.657
16 1397 14 49.3
17 1344 21 14.44
18 1086 9 60.4
19 386 1 90.99
20 491 22 76
21 603 19 88.33
22 606 20 71.9
23 93 39 70
24 310 60 22.8
25 971 21 77
26 1191 31 89.76
27 536 27 86
28 572 27 60.21
29 576 8 9
30 147 3 2.27
31 1023 7 89
32 1183 45 68.501
33 1119 2 50
34 25 14 37.12
35 1064 8 9.706
36 1063 17 18.572
37 193 44 74.66
38 303 39 69
39 1204 21 59.3
40 427 12 83.17
41 1102 49 34
42 525 22 48.23
43 1241 25 53.178
44 792 30 18.058
45 562 12 40.31
46 1 26 84.136
47 410 36 72
48 851 33 52.4
49 1056 1 72
50 547 55 2.1
51 1394 39 96.32
52 697 57 73
53 1413 28 97.834
54 972 7 63
55 1024 2 43.209
56 518 48 9.93
57 579 19 25.325
58 42 55 14
59 566 51 38.166
60 342 38 27.89
61 912 36 64
62 839 25 46.999
63 1032 50 64.07
64 354 21 59.19
65 906 15 99
66 745 23 92.3
67 449 30 7
68 670 56 74.19
69 581 29 2.435
70 280 36 20
71 290 16 20.39
72 1137 50 35.7
73 217 13 48.362
74 915 1 91
75 48 11 67.3
76 1197 35 42
77 1125 33 14.62
78 1221 60 48.737
79 661 23 88.258
80 432 46 47
81 88 25 58.77
82 1064 29 31.4
83 820 55 82.5
84 666 2 72
85 791 13 99
86 925 39 45.64
87 380 58 2.7
88 740 25 64.2
