77
1 10 10 99.9
2 10 10 99.0
3 20 10 98.0
4 20 10 97.0
5 20 10 96.0
6 30 10 1.0
7 30 10 2.0
8 30 10 3.0
9 30 10 80.0
10 40 10 80.0
11 200 10 99.0
12 190 10 90.0
13 180 10 80.0
14 170 10 70.0
15 160 10 60.0
16 150 10 50.0
17 140 10 40.0
18 130 10 30.0
19 120 10 20.0
20 110 10 10.0
21 200 5 5.0
22 200 10 5.0
23 200 15 5.0
24 200 20 5.0
25 200 25 5.0
26 300 25 5.0
27 320 10 5.0
28 330 10 5.0
29 340 10 5.0
30 350 10 5.0
31 360 10 5.0
32 370 10 5.0
33 380 10 5.0
34 390 10 5.0
35 400 10 5.0
36 310 13 1.0
37 410 10 50.0
38 420 10 50.0
39 430 10 1.0
40 440 10 1.0
41 450 10 1.0
42 460 10 50.0
43 470 10 50.0
44 480 10 50.0
45 490 20 50.0
46 500 30 50.0
47 600 60 50.0
48 600 10 50.0
49 700 50 50.0
50 700 50 50.0
51 760 10 1.0
52 760 10 1.0
53 760 10 0.5
54 760 10 1.0
55 760 10 1.0
56 760 10 1.0
57 760 60 6.0
58 880 60 50.0
59 900 20 20.0
60 910 10 1.333
61 920 10 1.667
62 930 10 2.000
63 940 10 1.167
64 950 10 1.333
65 960 10 1.500
66 970 10 1.455
67 980 10 1.181
68 990 10 1.273
69 1000 10 1.091
70 1440 60 60.0
71 1440 60 60.0
72 1440 60 60.0
73 1440 60 60.0
74 1440 60 60.0
75 1440 60 60.0
76 1440 60 60.0
77 1440 21 0.01