100
1 1132 39 29.539
2 591 35 55.840
3 1309 34 22.262
4 32 29 51.788
5 122 43 61.542
6 794 43 76.507
7 1188 57 12.226
8 617 28 52.326
9 764 6 75.865
10 289 3 31.965
11 1322 11 54.396
12 849 4 60.377
13 716 3 26.292
14 828 44 86.457
15 592 49 58.303
16 857 45 9.189
17 993 27 18.266
18 236 27 52.073
19 1401 1 99.398
20 5 48 47.828
21 1207 22 42.975
22 1422 2 65.037
23 327 50 52.537
24 623 56 76.767
25 964 41 25.810
26 642 23 46.158
27 741 25 93.134
28 326 31 42.516
29 357 58 12.638
30 215 5 4.317
31 131 42 41.301
32 135 49 82.797
33 56 15 60.191
34 1393 4 52.837
35 1004 29 99.027
36 541 47 30.149
37 842 59 99.438
38 55 56 83.957
39 1281 31 88.919
40 107 39 77.767
41 1005 52 97.750
42 84 19 36.564
43 741 15 50.916
44 82 54 63.923
45 1173 45 86.720
46 669 53 51.332
47 1226 50 36.203
48 295 53 50.397
49 80 6 92.930
50 53 38 23.863
51 597 53 61.092
52 1230 53 95.896
53 602 55 14.510
54 276 56 6.691
55 303 31 57.782
56 1092 43 41.086
57 226 59 69.995
58 1390 23 61.291
59 828 22 20.808
60 1074 5 89.177
61 1365 4 42.647
62 704 20 57.525
63 1410 23 35.341
64 239 28 2.846
65 1312 50 64.549
66 487 28 23.165
67 900 8 1.601
68 848 58 74.426
69 891 35 23.124
70 990 48 37.144
71 118 30 72.138
72 743 44 60.168
73 670 23 69.490
74 1382 55 96.001
75 216 57 34.248
76 1068 49 75.871
77 81 33 86.939
78 1427 10 74.121
79 685 36 80.337
80 1345 37 8.915
81 20 8 31.050
82 521 59 6.162
83 264 43 45.360
84 252 59 31.231
85 1150 28 69.315
86 1431 2 30.892
87 1435 4 48.565
88 775 53 32.208
89 1164 15 91.694
90 699 41 92.838
91 278 47 13.568
92 713 43 30.317
93 1420 2 17.701
94 1288 15 68.695
95 983 37 61.403
96 1229 21 72.364
97 237 36 99.735
98 534 11 47.958
99 1276 38 64.532
100 1265 50 24.718