95
1 189 37 85
2 97 14 30
3 588 1 62
4 1362 24 3
5 1202 34 70
6 520 22 42
7 1136 16 84
8 1097 21 31
9 134 22 59
10 1389 1 11
11 499 27 86
12 1186 42 54
13 1361 54 9
14 765 28 42
15 250 3 67
16 1071 38 78
17 521 33 77
18 492 26 7
19 1212 57 78
20 961 28 76
21 800 56 42
22 218 33 40
23 1079 36 61
24 1254 37 59
25 1099 3 34
26 659 40 55
27 438 39 26
28 1083 40 88
29 969 55 63
30 1358 52 81
31 130 14 79
32 756 45 70
33 296 31 59
34 521 14 74
35 412 8 87
36 1126 28 93
37 514 51 83
38 1314 27 91
39 1120 30 27
40 97 54 3
41 803 42 25
42 690 32 34
43 261 28 86
44 1439 25 59
45 1089 60 12
46 186 9 60
47 1361 14 76
48 238 42 75
49 877 17 99
50 331 1 87
51 262 4 72
52 284 45 82
53 273 18 65
54 97 41 6
55 823 28 40
56 1277 1 3
57 1390 28 29
58 124 22 11
59 973 49 15
60 845 34 24
61 626 38 62
62 1304 22 10
63 1369 58 92
64 579 43 74
65 356 23 56
66 1162 16 3
67 88 15 59
68 1390 4 55
69 486 14 26
70 1313 14 70
71 130 11 94
72 264 36 25
73 444 1 77
74 413 24 72
75 1065 49 87
76 777 22 9
77 329 27 58
78 1119 16 16
79 853 43 73
80 1390 43 18
81 1342 25 37
82 1183 49 70
83 381 10 46
84 974 16 53
85 398 11 66
86 296 54 17
87 1356 51 72
88 121 37 59
89 952 31 66
90 1287 7 95
91 525 21 20
92 357 26 81
93 1389 40 83
94 1015 55 92
95 253 41 80
