100
1 18 60 75
2 1379 39 60
3 1275 58 11
4 142 31 51
5 117 34 60
6 1263 58 56
7 165 53 84
8 958 29 13
9 1387 10 23
10 619 27 63
11 1375 18 10
12 532 50 35
13 559 54 70
14 800 23 29
15 1326 2 68
16 1193 47 58
17 1383 6 21
18 533 5 70
19 1226 11 50
20 1426 35 48
21 735 53 91
22 1235 60 79
23 325 3 56
24 750 24 64
25 1338 11 51
26 1238 6 68
27 46 31 50
28 831 17 58
29 1003 42 83
30 85 19 74
31 928 47 55
32 1309 42 98
33 1046 7 19
34 1084 53 75
35 1238 17 4
36 779 8 60
37 429 26 65
38 1007 30 82
39 124 41 8
40 328 2 54
41 1206 34 88
42 107 14 59
43 507 17 94
44 434 60 3
45 355 35 88
46 754 36 88
47 1213 1 52
48 1242 56 64
49 1001 26 21
50 462 29 16
51 1130 48 83
52 1206 47 80
53 1004 12 67
54 899 26 94
55 767 24 56
56 981 50 14
57 774 46 42
58 199 44 45
59 174 56 19
60 1349 47 25
61 834 38 34
62 1088 10 58
63 117 29 57
64 1075 5 43
65 367 32 86
66 287 55 62
67 910 48 82
68 1310 14 42
69 468 26 61
70 142 49 82
71 1086 26 86
72 1201 46 98
73 174 16 50
74 1380 13 53
75 1016 18 50
76 1316 20 77
77 403 32 61
78 1061 45 89
79 347 39 6
80 116 6 86
81 709 34 89
82 43 32 28
83 894 52 97
84 154 22 90
85 1388 19 58
86 1345 22 23
87 1221 49 16
88 375 21 24
89 879 30 64
90 542 44 75
91 26 53 30
92 153 11 1
93 136 18 88
94 173 34 21
95 693 48 41
96 1217 24 67
97 226 42 6
98 1115 38 37
99 637 23 51
100 918 4 54