100
1 228 12 36.539
2 148 40 60.670
3 952 13 71.946
4 1253 4 63.070
5 324 18 12.246
6 445 15 63.098
7 1301 32 63.816
8 348 6 90.901
9 373 49 27.172
10 1037 58 63.909
11 959 18 61.051
12 784 60 41.975
13 241 36 14.917
14 959 52 85.640
15 1192 46 17.830
16 712 7 14.328
17 570 6 83.500
18 1246 49 56.822
19 170 42 54.634
20 448 8 40.797
21 533 56 13.891
22 486 39 56.099
23 421 42 99.738
24 1150 22 77.614
25 956 18 97.548
26 584 48 0.001
27 234 5 56.716
28 1307 56 53.196
29 7 24 6.389
30 989 50 55.333
31 1186 49 58.280
32 642 54 12.521
33 528 6 67.512
34 208 11 93.418
35 49 25 35.168
36 117 53 38.371
37 1335 26 72.388
38 431 5 55.773
39 16 8 19.489
40 522 10 39.960
41 294 52 10.018
42 1062 46 86.623
43 27 2 5.042
44 1272 21 56.174
45 316 2 69.779
46 707 8 30.353
47 577 42 31.936
48 769 9 57.480
49 474 7 85.088
50 411 50 31.342
51 1079 45 56.156
52 219 1 1.452
53 621 17 30.480
54 231 4 89.091
55 254 57 33.650
56 456 46 50.822
57 1311 49 29.664
58 1006 16 30.453
59 183 17 84.861
60 502 35 95.677
61 498 24 81.316
62 1349 29 44.161
63 512 60 33.774
64 1357 26 41.570
65 623 28 28.489
66 521 56 69.928
67 1164 59 26.178
68 1172 30 63.531
69 1005 55 14.050
70 257 17 33.772
71 292 5 73.027
72 1058 6 40.918
73 370 56 36.500
74 484 24 20.157
75 852 19 62.812
76 894 27 21.167
77 375 14 93.569
78 1026 31 94.171
79 331 21 68.303
80 769 40 30.033
81 1039 46 14.277
82 1227 10 76.831
83 384 17 28.955
84 719 33 53.377
85 1201 53 21.803
86 47 13 94.469
87 756 17 87.921
88 771 19 29.081
89 324 49 53.334
90 308 56 93.191
91 1045 30 68.423
92 758 36 71.223
93 164 38 95.409
94 835 30 1.234
95 546 9 63.243
96 1356 41 28.787
97 920 3 71.326
98 1142 20 39.611
99 590 53 19.545
100 276 57 26.520
