100
1 657 40 9.522
2 1327 10 94.79
3 1336 32 97.523
4 308 30 14.038
5 1002 19 93.934
6 705 57 91.785
7 367 25 58.225
8 387 9 55.245
9 204 16 19.923
10 1120 1 69.58
11 830 29 22.335
12 600 29 84.267
13 1233 45 92.214
14 1110 8 48.496
15 1264 1 35.39
16 1376 39 31.223
17 1065 24 10.547
18 859 19 28.565
19 1068 31 99.439
20 1342 53 30.559
21 367 23 59.723
22 1374 42 74.74
23 594 54 47.741
24 1382 10 7.202
25 554 47 85.88
26 576 8 28.943
27 1179 40 2.08
28 642 22 51.027
29 822 47 17.32
30 24 30 31.926
31 917 52 34.023
32 1276 42 17.099
33 625 30 77.275
34 1361 40 41.497
35 494 29 41.094
36 1208 51 46.708
37 322 60 0.766
38 1407 26 77.415
39 650 41 57.212
40 357 26 21.33
41 604 30 78.806
42 210 21 45.505
43 241 58 16.351
44 769 47 75.133
45 146 45 2.951
46 1109 33 6.679
47 1292 6 87.181
48 294 3 45.682
49 258 25 85.326
50 193 9 25.442
51 191 31 8.741
52 640 49 24.939
53 862 19 44.162
54 426 47 37.179
55 1439 6 8.763
56 312 47 66.385
57 934 24 6.932
58 361 14 93.798
59 455 59 27.386
60 328 35 34.669
61 671 26 66.554
62 71 55 66.901
63 860 24 5.329
64 511 50 44.159
65 662 25 14.084
66 135 51 53.386
67 631 34 98.913
68 1034 33 19.756
69 848 55 15.175
70 186 9 50.739
71 197 46 8.383
72 38 8 94.964
73 237 54 56.674
74 962 45 61.264
75 1108 27 10.109
76 974 52 54.706
77 724 7 86.232
78 1140 44 20.829
79 687 12 79.748
80 950 27 3.84
81 623 7 23.864
82 82 34 47.162
83 1091 59 84.66
84 167 25 40.969
85 1104 4 26.789
86 1056 23 85.087
87 44 30 10.687
88 229 47 39.151
89 207 37 60.267
90 191 27 94.662
91 354 50 39.42
92 779 23 77.803
93 1275 39 27.92
94 908 39 25.831
95 403 37 2.845
96 556 27 16.329
97 319 54 18.645
98 1052 46 70.451
99 962 49 12.355
100 1440 60 99