100
1 99 59 8
2 119 56 12
3 230 14 9
4 62 60 90
5 85 60 95
6 900 25 3
7 1159 40 1
8 3 2 49
9 1439 1 1
10 1400 2 2
11 101 55 32
12 80 26 25
13 12 11 87
14 12 10 85
15 10 9 96
16 13 12 97
17 17 8 20
18 4 3 90
19 5 3 90
20 300 38 88
21 400 5 2
22 26 22 77
23 1170 49 13
24 1072 2 9
25 1430 60 24
26 1 1 26
27 1 2 19
28 20 39 26
29 882 45 82
30 919 59 60
31 633 59 77
32 433 58 82
33 111 2 2
34 7 3 20
35 9 3 16
36 21 12 39
37 88 40 85
38 503 14 40
39 1440 60 99.989
40 11 2 15
41 11 1 14.72
42 8 4 2
43 22 20 1
44 1333 23 10
45 1347 50 89
46 50 17 77
47 105 49 49
48 4 5 98
49 5 5 8
50 220 59 76
51 40 46 99
52 40 41 19.123
53 41 41 41.111
54 72 46 35.1
55 800 31 16
56 717 4 1
57 44 12 23
58 34 26 26.01
59 70 3 2
60 60 2 1
61 55 12 5
62 35 12 5
63 16 16 13
64 20 5 31.234
65 70 59 45
66 4 5 52
67 3 4 99.896
68 22 20 10
69 25 13 80
70 793 14 29
71 1440 40 97
72 1440 42 98
73 1005 4 6
74 1095 4 26
75 595 27 6.12
76 2 8 11
77 22 20 15
78 29 11 14
79 83 50 41
80 50 6 9
81 55 42 42
82 19 12 80
83 22 20 49
84 28 19 21
85 29 20 31
86 90 50 58
87 50 26 55
88 40 21 20
89 44 31 77
90 77 32 59
91 75 41 88
92 900 3 11
93 990 13 31
94 1415 13 61
95 3 27 12
96 1011 29 19
97 3 2 79
98 3 5 89
99 13 7 99
100 1262 19 19