80
1 60 55 90
2 100 15 20
3 1000 45 5
4 608 55 11
5 150 35 30
6 420 60 69
7 89 60 95
8 1440 2 0.5
9 65 32 5
10 40 25 96
11 1300 5 9
12 120 15 25
13 100 40 32
14 250 55 50
15 30 21 30
16 300 45 25
17 450 27 41
18 500 25 17
19 555 45 69
20 660 10 4
21 715 58 76
22 669 26 75
23 9 8 33
24 10 9 44
25 11 11 44
26 1440 1 3
27 1440 3 1
28 1430 22 6
29 1111 11 11
30 250 45 75
31 99 35 85
32 1000 60 45
33 1000 1 0.25
34 9 3 50
35 44 2 14
36 80 59 35
37 1000 25 2
38 995 45 4
39 9 6 45
40 4 3 25
41 4 2 45
42 56 45 32
43 55 30 48
44 1100 55 17
45 1200 60 41
46 90 15 5
47 99 25 35
48 99 35 25
49 1225 40 15
50 1438 59 68
51 12 11 80
52 11 2 1
53 15 14 87
54 150 44 80
55 140 36 49
56 133 32 90
57 1440 59 26
58 1440 58 25
59 1330 3 1
60 1339 54 25
61 140 59 85
62 130 58 70
63 120 59 89
64 111 11 11
65 99 59 90
66 89 40 79
67 99 56 35
68 10 10 99
69 60 59 70.5
70 1440 1 0.1
71 14 13 67.5
72 15 15 87
73 999 58 40.7
74 64 59 35
75 64 50 33
76 30 29 70
77 29 28 75
78 28 27 80
79 2 1 15
80 4 3 18
