100   
1 420 58 84
2 420 53 34
3 420 33 40
4 420 40 32
5 420 58 98
6 420 45 65
7 420 55 99
8 420 31 23
9 420 52 18
10 420 53 68
11 420 43 27
12 420 30 5
13 420 56 9
14 420 58 62
15 420 57 1
16 420 33 33
17 420 48 39
18 420 44 82
19 420 33 36
20 420 46 69
21 420 44 83
22 420 37 27
23 420 53 46
24 420 57 72
25 420 52 13
26 420 55 1
27 420 44 66
28 420 57 30
29 420 59 94
30 420 60 90
31 420 51 81
32 420 41 10
33 420 44 20
34 420 53 56
35 420 31 37
36 420 36 41
37 420 40 92
38 420 39 43
39 420 31 65
40 420 34 19
41 420 45 48
42 420 55 88
43 420 55 75
44 420 31 73
45 420 40 61
46 420 35 98
47 420 50 45
48 420 47 50
49 420 51 16
50 420 48 31
51 420 57 51
52 420 48 9
53 420 53 89
54 420 35 56
55 420 31 77
56 420 39 14
57 420 38 59
58 420 36 11
59 420 30 16
60 420 50 38
61 420 31 87
62 420 32 94
63 420 52 89
64 420 42 99
65 420 47 60
66 420 55 32
67 420 42 22
68 420 30 23
69 420 56 48
70 420 39 85
71 420 58 34
72 420 59 61
73 420 41 93
74 420 39 39
75 420 52 94
76 420 36 28
77 420 41 65
78 420 36 89
79 420 55 56
80 420 43 35
81 420 37 84
82 420 37 83
83 420 48 92
84 420 51 59
85 420 60 9
86 420 49 13
87 420 40 44
88 420 35 42
89 420 35 27
90 420 39 50
91 420 31 4
92 420 47 84
93 420 57 40
94 420 56 77
95 420 44 25
96 420 36 10
97 420 40 91
98 420 51 13
99 420 52 10
100 420 31 8
