100
1 1115 59 95.333
2 1081 40 13.959
3 974 54 39.0
4 596 51 46.9
5 182 38 84.933
6 1211 11 49.521
7 1339 22 17.08
8 238 15 30.94
9 487 6 57.61
10 40 40 10.78
11 219 45 68.2
12 378 49 24.0
13 1059 47 85.0
14 1397 17 42.0
15 163 60 76.71
16 487 6 71.19
17 966 38 33.0
18 1098 44 48.8
19 279 18 30.0
20 571 35 31.5
21 239 58 82.7
22 544 34 17.0
23 1279 10 19.5
24 394 27 74.0
25 163 7 4.38
26 1015 38 66.54
27 395 16 50.206
28 311 17 41.42
29 234 20 33.73
30 1239 20 8.0
31 1239 28 5.0
32 1204 55 37.49
33 181 9 97.2
34 846 52 64.0
35 1123 23 87.094
36 1438 46 86.3
37 224 30 86.862
38 601 17 92.69
39 1116 1 70.232
40 933 49 65.817
41 626 38 35.27
42 853 8 33.2
43 329 2 35.0
44 80 6 72.2
45 1136 8 28.789
46 544 52 71.1
47 831 55 93.904
48 510 16 42.0
49 451 28 38.26
50 955 5 88.0
51 1348 28 92.0
52 1406 38 74.32
53 790 46 97.0
54 839 58 82.3
55 1046 38 36.0
56 598 10 33.953
57 560 16 76.75
58 86 50 95.622
59 1357 35 89.09
60 46 16 18.0
61 661 38 29.39
62 28 36 70.302
63 482 46 28.0
64 1287 17 32.06
65 316 18 61.75
66 481 53 39.3
67 1043 48 58.23
68 931 38 21.0
69 126 26 60.7
70 77 53 11.0
71 401 3 98.174
72 770 60 95.652
73 1411 13 40.7
74 549 49 46.01
75 820 25 48.47
76 759 42 74.271
77 941 48 63.4
78 1209 56 5.0
79 380 5 25.6
80 559 42 88.0
81 446 19 19.0
82 245 57 49.24
83 790 28 88.471
84 634 30 34.03
85 985 28 40.271
86 1005 40 12.0
87 186 58 64.797
88 609 4 90.092
89 929 49 44.7
90 963 30 12.623
91 676 26 44.0
92 305 53 92.0
93 1 26 6.0
94 1345 56 64.312
95 786 38 81.0
96 1381 60 35.0
97 623 44 12.47
98 192 14 15.86
99 396 3 46.0
100 1211 17 8.2