100
1 1329 31 70.137
2 586 13 7.396
3 522 53 53.956
4 518 24 83.415
5 826 12 24.784
6 492 32 82.134
7 1306 37 65.423
8 1251 54 42.521
9 856 48 5.272
10 901 23 1.211
11 1317 31 25.294
12 1255 22 61.002
13 466 46 81.451
14 289 7 97.57
15 619 59 74.941
16 77 50 67.983
17 174 11 45.957
18 311 17 54.028
19 105 12 97.548
20 1332 1 45.207
21 310 23 88.966
22 1177 27 6.499
23 897 56 81.579
24 723 1 36.094
25 544 12 48.301
26 1058 4 51.735
27 349 14 76.443
28 1002 36 9.146
29 693 49 5.721
30 704 41 11.432
31 521 51 55.59
32 1413 6 29.982
33 950 19 51.322
34 1200 2 90.694
35 444 57 77.336
36 1136 35 89.452
37 1404 8 0.39
38 118 24 79.713
39 607 45 61.42
40 199 3 56.215
41 841 48 46.06
42 8 12 89.572
43 721 48 1.454
44 390 15 38.098
45 675 54 38.369
46 129 23 98.512
47 87 12 6.256
48 161 19 23.274
49 947 39 82.445
50 210 15 59.487
51 575 2 65.901
52 331 20 53.496
53 438 54 98.219
54 623 43 20.347
55 308 46 71.54
56 1165 45 5.806
57 465 8 46.936
58 1261 39 69.924
59 500 28 31.791
60 90 9 10.348
61 178 24 92.009
62 340 49 54.581
63 42 12 94.129
64 104 38 59.756
65 910 39 5.072
66 575 35 20.268
67 1144 39 54.623
68 909 24 32.971
69 1030 14 39.19
70 391 11 0.844
71 493 34 20.044
72 660 59 99.423
73 779 31 33.806
74 502 39 7.355
75 99 45 79.58
76 267 4 83.192
77 1004 35 9.373
78 213 43 74.828
79 630 43 57.357
80 996 45 33.165
81 1085 35 38.236
82 689 40 99.156
83 130 32 34.559
84 988 20 79.815
85 386 40 79.79
86 454 34 73.392
87 1139 16 22.292
88 716 7 30.829
89 605 42 16.493
90 826 32 26.643
91 537 2 83.302
92 225 34 46.161
93 85 49 5.677
94 495 51 26.273
95 203 8 15.24
96 501 20 55.128
97 1161 53 43.31
98 1269 17 27.43
99 84 54 17.397
100 115 49 45.656
