100
1 1320 21 92.42
2 1228 1 55.221
3 412 48 34.233
4 1377 26 52.702
5 65 55 15.863
6 737 29 65.49
7 1087 19 19.755
8 422 18 62.742
9 1399 40 1.250
10 1314 32 18.484
11 634 40 53.184
12 723 47 45.113
13 590 29 98.50
14 1420 18 6.170
15 506 20 47.49
16 1137 8 25.414
17 1400 32 80.370
18 1268 21 9.625
19 587 45 81.260
20 170 58 53.187
21 1266 15 57.957
22 1368 15 42.208
23 298 8 5.31
24 844 4 97.137
25 546 12 48.561
26 448 57 63.731
27 472 48 95.285
28 727 36 80.741
29 977 54 79.947
30 328 53 5.567
31 465 32 40.390
32 859 46 27.994
33 1072 2 22.348
34 547 43 54.346
35 981 44 68.813
36 245 49 19.567
37 499 19 42.362
38 717 59 56.132
39 12 41 73.162
40 900 18 42.242
41 39 13 16.284
42 225 5 15.666
43 31 3 48.784
44 1285 31 89.952
45 1166 16 77.314
46 822 22 84.805
47 1242 31 61.624
48 1422 26 49.795
49 598 34 33.862
50 1412 10 13.128
51 421 6 33.403
52 365 50 53.537
53 511 45 53.691
54 1152 26 42.448
55 288 7 49.738
56 948 52 61.363
57 1214 37 12.389
58 377 19 92.456
59 399 17 98.70
60 1109 7 95.401
61 1320 37 70.877
62 311 44 39.592
63 191 50 78.953
64 1093 27 72.345
65 975 50 4.640
66 405 41 88.610
67 597 53 14.591
68 1270 8 7.65
69 347 25 27.593
70 996 35 87.418
71 34 50 43.708
72 1022 39 49.147
73 742 36 18.246
74 580 17 87.779
75 1067 48 77.160
76 85 54 87.767
77 863 13 44.49
78 1208 4 2.51
79 430 27 8.896
80 1063 19 34.466
81 845 12 68.835
82 498 28 38.651
83 820 16 88.40
84 161 58 25.865
85 55 36 30.862
86 555 31 20.826
87 151 19 17.203
88 1120 50 93.266
89 1177 16 90.346
90 918 47 38.710
91 1277 23 35.20
92 1374 31 16.569
93 731 13 70.974
94 972 18 80.311
95 684 6 35.430
96 393 13 84.970
97 787 38 92.527
98 1406 24 1.2
99 1248 54 70.473
100 994 10 50.914
