100
1 846 53 33.021
2 151 49 17.772
3 1304 2 76.698
4 333 3 51.589
5 1380 18 98.878
6 714 13 56.7
7 935 27 74.511
8 69 43 60.904
9 1342 3 90.335
10 668 4 61.729
11 191 21 82.122
12 400 29 55.203
13 513 1 65.569
14 321 29 15.842
15 1120 24 21.492
16 93 20 66.627
17 209 12 94.923
18 581 33 36.323
19 589 38 76.239
20 190 8 34.75
21 1284 23 8.222
22 895 1 37.091
23 1159 24 91.188
24 310 43 25.964
25 1341 36 49.318
26 288 26 24.297
27 167 50 12.342
28 190 58 63.601
29 1111 19 37.99
30 1 58 26.679
31 1213 53 51.874
32 1355 39 71.073
33 265 40 65.514
34 910 46 78.841
35 1422 26 95.014
36 25 36 23.926
37 990 25 68.479
38 455 8 86.863
39 521 1 67.67
40 464 42 29.416
41 1179 22 2.24
42 678 2 37.647
43 964 28 4.825
44 451 42 23.722
45 551 26 33.622
46 863 17 18.312
47 394 39 86.74
48 851 38 15.469
49 1302 46 17.173
50 531 38 88.472
51 1156 55 42.122
52 1432 59 68.001
53 1331 11 23.732
54 663 42 94.932
55 914 22 30.149
56 1433 52 32.168
57 279 29 40.267
58 1147 1 98.549
59 69 25 88.59
60 959 59 85.946
61 627 21 84.491
62 874 26 75.961
63 914 5 80.554
64 547 36 67.998
65 87 4 19.243
66 835 31 69.229
67 58 32 56.194
68 1175 3 21.045
69 1312 4 14.035
70 258 41 79.812
71 1419 43 60.979
72 836 14 76.343
73 630 9 48.341
74 789 38 36.399
75 773 5 65.967
76 1031 50 17.69
77 651 31 8.054
78 741 58 1.337
79 1224 47 38.653
80 684 29 10.206
81 942 10 14.431
82 633 37 8.695
83 960 41 58.337
84 678 7 14.691
85 951 46 37.381
86 581 49 4.391
87 102 58 87.807
88 395 47 9.02
89 776 53 94.825
90 807 18 2.018
91 1293 7 59.02
92 1265 29 81.338
93 486 21 43.452
94 1363 44 54.816
95 642 3 44.744
96 754 31 60.896
97 252 2 80.867
98 44 36 53.41
99 641 18 90.967
100 1024 15 3.999
