100
1 872 30 31
2 926 29 98
3 1014 39 13
4 1144 5 25
5 331 50 64
6 1277 4 46
7 162 25 64
8 1045 59 88
9 496 30 49
10 1146 45 31
11 586 48 7
12 1315 45 17
13 211 31 80
14 828 2 30
15 287 39 65
16 1122 11 14
17 173 38 83
18 1356 18 31
19 346 7 48
20 542 37 12
21 146 53 81
22 904 60 8
23 642 37 96
24 1365 17 68
25 307 18 7
26 898 59 35
27 807 31 29
28 40 14 56
29 511 40 3
30 387 43 64
31 1317 54 54
32 221 8 15
33 75 26 48
34 787 8 63
35 1302 56 86
36 958 6 80
37 183 9 39
38 1258 17 14
39 25 46 89
40 639 20 98
41 1309 15 58
42 612 42 58
43 1243 12 72
44 1089 8 21
45 171 57 28
46 1425 35 34
47 226 18 52
48 503 27 71
49 774 8 20
50 626 1 66
51 574 44 83
52 511 44 97
53 1141 33 71
54 681 33 68
55 1309 36 12
56 562 40 13
57 329 51 39
58 1332 2 44
59 986 14 35
60 960 25 90
61 144 4 14
62 833 38 62
63 674 23 40
64 1197 21 43
65 319 26 60
66 547 29 57
67 776 11 59
68 894 21 40
69 748 3 38
70 252 59 96
71 487 39 62
72 1147 5 7
73 448 45 84
74 1385 44 61
75 788 28 97
76 104 42 60
77 657 8 98
78 827 1 93
79 742 49 95
80 971 33 33
81 649 55 32
82 211 18 91
83 249 47 53
84 514 36 57
85 1246 50 25
86 210 59 32
87 1339 52 90
88 1412 36 55
89 71 27 18
90 75 2 58
91 435 47 10
92 11 28 41
93 359 40 29
94 951 29 15
95 794 31 44
96 1433 57 86
97 927 41 36
98 564 15 4
99 1089 60 53
100 720 22 50
