100
1 6 5 99.999
2 2 56 99.004
3 10 23 99.44
4 10 6 99.942
5 10 24 99.74
6 7 19 99.391
7 9 48 99.985
8 6 21 99.861
9 9 49 99.8
10 4 24 99.293
11 4 20 99.073
12 4 7 99.2
13 6 16 99.068
14 1 20 99.46
15 6 22 99.8
16 10 23 99.74
17 7 8 99.34
18 7 32 99.983
19 3 56 99.3
20 8 45 99.43
21 10 3 99.39
22 8 48 99.3
23 9 19 99.23
24 10 6 99.279
25 6 37 99.59
26 6 29 99.69
27 9 8 99.249
28 1 48 99.6
29 3 10 99.272
30 1 45 99.805
31 2 56 99.521
32 6 15 99.275
33 8 24 99.0
34 1053 1 2.6
35 1268 1 3.6
36 338 1 6.17
37 467 6 5.24
38 1325 6 6.689
39 520 10 5.2
40 1079 6 9.21
41 602 1 2.72
42 1131 5 6.2
43 536 8 7.224
44 978 3 1.005
45 243 4 2.94
46 1421 1 3.329
47 876 9 5.67
48 179 9 2.8
49 861 4 6.04
50 78 2 8.21
51 503 6 1.53
52 1031 6 7.075
53 837 6 5.43
54 1040 6 6.963
55 1152 6 7.0
56 1086 10 3.5
57 1286 8 8.0
58 1303 5 1.106
59 1290 2 9.168
60 890 2 7.907
61 1119 2 6.871
62 748 3 8.641
63 814 1 5.59
64 634 3 5.712
65 850 5 5.12
66 878 2 7.2
67 616 60 71.0
68 899 24 16.715
69 590 5 98.74
70 1125 51 15.093
71 1372 46 62.5
72 457 3 41.25
73 43 4 27.602
74 256 26 80.5
75 314 3 92.0
76 854 43 83.172
77 747 44 95.7
78 230 48 4.11
79 229 2 54.77
80 94 24 82.53
81 137 8 97.9
82 679 43 63.34
83 431 40 43.1
84 1399 36 97.361
85 1193 49 86.42
86 1236 11 41.0
87 374 18 21.055
88 116 11 87.75
89 432 28 53.8
90 628 7 65.503
91 1274 51 39.4
92 383 30 21.1
93 1144 30 15.87
94 204 5 62.97
95 888 30 21.53
96 1059 5 33.679
97 331 20 87.4
98 685 15 2.0
99 1411 2 58.168
100 10 8 57.23