80
1 1398 38 7
2 904 13 25
3 104 31 8
4 222 17 43
5 303 13 99
6 149 41 13
7 478 36 45
8 516 51 82
9 1223 17 76
10 692 55 51
11 863 25 73
12 528 14 6
13 188 53 29
14 337 16 87
15 949 8 13
16 1195 27 26
17 1309 35 14
18 804 22 21
19 1121 40 62
20 939 41 96
21 243 34 65
22 276 22 79
23 934 53 85
24 1268 11 74
25 135 3 45
26 1257 4 14
27 1236 40 79
28 1200 55 36
29 1398 49 28
30 787 46 54
31 1098 54 25
32 800 57 98
33 1201 19 21
34 246 21 65
35 694 18 60
36 876 10 15
37 43 15 4
38 611 58 11
39 1051 40 79
40 160 45 6
41 1266 33 96
42 1163 11 39
43 862 30 25
44 206 59 68
45 402 4 85
46 1413 26 39
47 634 42 55
48 1263 1 39
49 1283 45 32
50 1393 3 14
51 464 42 89
52 1033 24 87
53 371 45 49
54 374 13 35
55 545 55 70
56 1336 27 18
57 143 53 20
58 199 28 89
59 1294 33 39
60 290 33 26
61 156 42 60
62 423 41 93
63 809 32 76
64 602 43 65
65 332 40 41
66 113 29 37
67 612 56 2
68 45 41 44
69 76 22 34
70 431 5 91
71 53 51 22
72 88 40 73
73 734 43 4
74 962 39 78
75 1249 46 8
76 614 47 95
77 187 43 40
78 793 31 85
79 1203 52 13
80 615 47 69
