82
1 845 41 97.605
2 469 24 96.258
3 769 54 94.032
4 24 21 69.49
5 1419 38 68.504
6 1137 27 92.439
7 1377 59 54.52
8 1127 41 56.767
9 1017 46 52.976
10 979 28 25.067
11 459 50 96.91
12 92 16 68.279
13 147 28 68.265
14 251 33 25.96
15 401 9 15.142
16 565 7 94.299
17 180 8 13.436
18 1428 55 57.837
19 1170 4 64.66
20 1019 36 13.899
21 1196 41 9.531
22 1354 32 95.659
23 411 25 80.13
24 908 33 44.47
25 790 50 51.231
26 557 17 26.516
27 702 11 95.319
28 451 52 5.322
29 1018 46 86.791
30 106 37 1.875
31 124 22 47.113
32 1275 7 72.011
33 210 49 14.902
34 1373 30 22.812
35 905 46 7.359
36 431 56 70.383
37 757 27 53.429
38 1265 24 27.674
39 579 40 17.046
40 89 29 83.005
41 634 34 35.785
42 1361 55 30.21
43 1185 52 27.582
44 9 48 97.726
45 950 26 11.573
46 261 5 80.309
47 391 27 49.552
48 899 29 78.072
49 674 21 65.702
50 119 18 19.401
51 369 3 73.33
52 1273 59 49.026
53 1396 52 16.862
54 443 58 62.26
55 843 7 71.626
56 1390 35 37.062
57 1172 15 51.919
58 593 14 95.63
59 802 59 6.987
60 1374 39 88.696
61 907 26 24.211
62 1201 32 78.205
63 1374 24 99.743
64 239 10 8.539
65 34 12 13.896
66 788 21 92.504
67 54 14 84.336
68 673 28 52.695
69 958 47 33.21
70 522 41 75.492
71 651 1 9.9
72 79 11 82.321
73 796 28 12.531
74 496 43 99.57
75 223 16 90.767
76 394 22 61.48
77 485 13 58.291
78 143 60 89.57
79 1157 41 93.654
80 333 35 22.621
81 987 33 84.398
82 783 42 88.593