100
1 445 15 14.632
2 779 1 67.918
3 1358 30 66.539
4 421 21 71.411
5 473 47 18.54
6 344 10 22.993
7 330 18 15.284
8 352 32 71.736
9 628 25 32.237
10 784 32 4.289
11 509 3 10.747
12 1157 35 51.648
13 70 50 12.504
14 807 53 73.873
15 643 28 47.352
16 260 53 97.457
17 182 59 65.402
18 1145 32 5.044
19 42 58 66.797
20 102 25 41.893
21 1217 50 94.946
22 653 28 32.733
23 1118 24 94.34
24 418 31 60.849
25 856 60 80.885
26 254 6 40.476
27 1203 14 15.778
28 298 49 89.948
29 376 58 3.694
30 352 35 47.446
31 427 51 24.863
32 1113 55 66.025
33 443 38 91.836
34 89 24 40.998
35 1437 23 82.69
36 209 43 43.881
37 613 31 35.403
38 692 34 33.043
39 360 56 9.333
40 1371 1 38.499
41 455 35 77.15
42 287 25 31.606
43 1294 9 3.858
44 363 50 45.688
45 133 6 21.017
46 400 56 94.878
47 390 11 3.703
48 578 4 6.678
49 909 19 13.155
50 669 46 52.082
51 1259 59 74.877
52 277 20 22.601
53 981 53 54.929
54 402 28 28.851
55 1122 41 3.765
56 864 39 66.041
57 1430 47 2.574
58 356 47 37.206
59 27 7 10.454
60 1222 19 96.568
61 477 44 55.581
62 104 4 51.37
63 34 16 10.045
64 398 52 55.598
65 316 42 48.136
66 162 50 84.764
67 56 55 76.494
68 13 55 8.023
69 260 54 59.26
70 661 21 22.227
71 58 32 78.577
72 506 2 43.752
73 198 35 87.38
74 1183 10 27.744
75 198 25 41.503
76 263 48 89.198
77 228 19 34.912
78 420 39 18.211
79 123 3 98.434
80 116 42 28.156
81 1113 28 36.165
82 694 52 95.708
83 664 28 46.807
84 243 49 56.675
85 457 37 72.574
86 168 4 30.236
87 716 31 73.046
88 267 19 8.705
89 47 36 85.758
90 1405 19 8.078
91 656 27 5.448
92 460 51 89.879
93 1079 3 56.312
94 439 52 86.393
95 341 44 1.445
96 270 47 87.997
97 40 16 13.107
98 527 17 5.008
99 38 34 22.531
100 273 30 56.856