100
1 57 48 44.218
2 1260 47 45.987
3 743 35 21.15
4 82 37 33.689
5 124 53 41.536
6 10 9 7.678
7 12 60 71.151
8 1440 11 12.42
9 734 60 40.12
10 46 14 12.732
11 333 33 26.134
12 361 22 20.934
13 390 29 27.125
14 290 41 49.627
15 789 48 42.043
16 738 49 38.221
17 529 39 37.86
18 490 10 13.31
19 58 29 19.76
20 580 19 18.574
21 236 33 13.66
22 568 45 12.6
23 721 41 40.631
24 1170 33 32.753
25 438 48 45.231
26 925 55 53.784
27 547 55 39.356
28 875 59 41.213
29 870 30 29.312
30 463 44 36.526
31 949 25 24.067
32 561  31 29.13
33 339 49 46.412
34 1396 46 44.567
35 1107 37 36.545
36 48 15 12.893
37 282 33 21.114
38 344 45 32.134
39 1213 43 42.436
40 1137 30 29.676
41 148 50  51.113
42 680 17  16.256
43 88 39 10.224
44 39 29 26.385
45 1440 44 46.675
46 1235 60 34.152
47 516 55 37.24
48 924 54 52.953
49 1356 47 31.34
50 480 42 40.632
51 644 56 45.3
52 1440 21 13.52
53 493 48 41.032
54 98 18 16.318
55 190 42 40.452
56 741 20 23.523
57 98 49 44.212 
58 542 45 30.12
59 840 41 40.352
60 1360 60 29.524
61 60 33 28.55
62 365 42 36.523
63 987 59 40.6
64 1339 25 12.543
65 432 37 22.5
66 104 29 24.25
67 201 19 10.34
68 458 42 31.647
69 1209 49 48.754
70 683 53 35.643
71 1111 30 12.54
72 31 30 25.5
73 970 21 21.763
74 944 45 31.332
75 1065 57 28.578
76 602 22 21.412
77 26 31 25.385
78 345 32 11.235
79 747 43 21.11
80 639 37 35.163
81 245 24 17
82 966 46 31.67
83 632 52 34.38
84 1036 12 1.15
85 1350 41 40.45
86 799 29 28.909
87 663 24 23.41
88 1070 45 43.798
89 96 22 11.44
90 249 59 56.145
91 390 32 12.13
92 1025 49 12.41
93 141 44 22.643
94 56 21 8.224
95 770 29 27.345
96 43 39 31.215
97 1 35 30.55
98 452 45 12.36
99 676 60 36.55
100 555 22 6.545
