96
1 1284 44 78
2 1268 6 61
3 887 38 65
4 191 29 59
5 1118 60 74
6 1055 2 67
7 1181 20 12
8 2 27 40
9 670 3 88
10 1429 26 24
11 568 17 21
12 996 46 45
13 1066 54 65
14 776 17 18
15 717 19 13
16 1344 12 45
17 1261 17 54
18 127 28 22
19 364 24 99
20 118 49 41
21 1397 56 56
22 1208 52 82
23 285 47 52
24 1348 19 16
25 1356 5 6
26 934 6 2
27 1031 18 46
28 656 60 57
29 144 9 71
30 1307 51 38
31 403 24 87
32 588 18 67
33 636 48 47
34 830 16 60
35 721 41 66
36 1261 34 79
37 404 56 90
38 517 52 82
39 308 27 16
40 1286 1 20
41 415 40 66
42 965 26 36
43 368 15 27
44 1002 56 41
45 978 37 83
46 202 29 9
47 1318 2 71
48 1406 49 54
49 16 56 64
50 632 35 95
51 1250 6 43
52 1271 16 67
53 1350 27 83
54 197 18 41
55 57 19 46
56 111 49 70
57 938 57 2
58 1223 49 34
59 374 41 67
60 939 31 60
61 335 54 93
62 941 17 1
63 650 41 84
64 1160 35 57
65 581 16 29
66 423 35 53
67 1043 14 88
68 59 23 75
69 1092 26 87
70 688 3 7
71 480 46 35
72 560 53 79
73 660 29 94
74 928 56 17
75 601 55 44
76 441 39 38
77 1266 16 55
78 253 29 94
79 546 2 99
80 730 1 31
81 1191 13 52
82 246 8 9
83 1428 8 48
84 153 57 48
85 441 51 23
86 647 41 41
87 907 6 45
88 773 56 91
89 772 38 58
90 1061 29 30
91 1042 3 80
92 1330 19 71
93 304 23 26
94 616 38 62
95 1398 31 41
96 1083 51 2
