100
1 143 43 98
2 400 6 51
3 883 53 88
4 414 20 5
5 298 22 95
6 1377 32 58
7 42 21 99
8 740 32 3
9 1003 1 49
10 652 11 87
11 1058 21 23
12 362 33 23
13 418 54 78
14 411 26 38
15 1265 59 98
16 1351 7 18
17 1414 12 61
18 68 39 90
19 649 32 60
20 841 13 96
21 256 24 22
22 321 37 62
23 136 25 69
24 1204 4 93
25 773 34 98
26 908 38 12
27 910 57 1
28 58 17 77
29 821 9 8
30 147 23 77
31 887 32 35
32 443 21 16
33 243 56 16
34 251 42 4
35 723 44 86
36 275 46 85
37 266 28 81
38 600 31 78
39 323 42 79
40 906 56 45
41 479 28 5
42 90 34 73
43 221 10 59
44 524 29 69
45 753 36 82
46 1227 40 25
47 410 8 43
48 58 24 24
49 476 48 47
50 826 2 13
51 902 10 65
52 374 5 89
53 576 40 88
54 1411 22 88
55 1251 11 44
56 239 42 99
57 1267 9 75
58 1109 10 5
59 225 46 2
60 1406 2 88
61 1171 13 8
62 258 8 59
63 1117 54 39
64 939 47 38
65 825 26 65
66 692 9 34
67 345 47 41
68 1134 10 87
69 964 32 99
70 1352 10 87
71 1317 9 78
72 748 13 16
73 1054 46 44
74 549 3 44
75 1361 11 75
76 99 18 39
77 745 3 47
78 262 45 73
79 32 32 73
80 65 1 76
81 220 54 59
82 808 41 87
83 1150 8 76
84 585 8 57
85 622 26 52
86 906 5 9
87 703 24 10
88 423 48 46
89 316 30 55
90 395 23 72
91 297 49 83
92 960 45 40
93 558 23 47
94 493 55 56
95 1120 8 97
96 1270 7 51
97 581 35 88
98 232 13 21
99 660 24 29
100 1183 3 43
