100
1 379 10 0.6
2 46 28 66.273
3 311 45 75.193
4 1399 35 97.412
5 538 54 25.98
6 832 11 23.717
7 857 23 33.676
8 989 25 6.822
9 168 33 29.686
10 1303 13 22.735
11 604 4 96.526
12 181 46 39.68
13 347 21 72.836
14 914 33 20.093
15 906 18 84.166
16 1271 21 98.984
17 1405 44 62.867
18 187 42 93.321
19 66 1 39.603
20 351 26 34.852
21 59 49 8.036
22 840 4 76.875
23 688 15 65.037
24 139 7 26.685
25 16 2 14.644
26 107 44 42.624
27 998 46 36.931
28 1434 20 66.29
29 931 44 44.433
30 953 51 17.618
31 873 54 72.157
32 718 15 73.305
33 1015 17 71.524
34 940 30 70.151
35 336 16 13.437
36 38 46 56.77
37 286 27 86.378
38 377 22 12.054
39 426 47 42.662
40 1359 1 96.049
41 685 31 58.575
42 975 52 70.555
43 99 42 85.726
44 551 58 72.155
45 1223 2 23.671
46 1397 8 14.979
47 463 5 20.007
48 1066 15 79.793
49 809 57 18.087
50 155 57 8.464
51 786 21 67.717
52 1195 58 47.561
53 209 53 14.504
54 14 52 34.743
55 1033 31 91.76
56 1246 15 49.993
57 1172 22 37.451
58 1318 33 30.777
59 208 1 26.17
60 359 33 57.872
61 1301 24 31.684
62 1313 25 38.623
63 1376 59 95.878
64 94 24 17.909
65 657 45 22.039
66 260 26 41.433
67 1298 33 95.605
68 97 9 0.544
69 103 26 82.055
70 365 44 81.112
71 835 11 44.832
72 1201 12 89.609
73 384 54 47.403
74 545 8 75.175
75 943 53 9.202
76 1343 4 63.127
77 18 15 58.789
78 1092 46 6.412
79 1225 8 66.189
80 501 47 25.621
81 1022 26 31.433
82 578 56 38.137
83 1106 6 57.999
84 1439 52 15.847
85 694 56 3.894
86 1353 43 79.614
87 1300 32 56.793
88 1131 1 97.718
89 989 15 89.162
90 529 52 10.486
91 760 44 77.487
92 820 20 32.753
93 1334 17 95.457
94 1418 13 65.571
95 1288 37 71.064
96 380 12 84.416
97 916 20 19.19
98 773 51 0.63
99 1319 17 85.945
100 1189 7 38.868
