100
1 62 1 8.944
2 1162 45 30.21
3 323 34 64.1
4 468 25 63.244
5 867 39 36.086
6 1183 53 48.14
7 442 41 61.485
8 1344 24 8.224
9 497 3 63.61
10 712 30 35.382
11 1353 47 55.769
12 925 31 10.869
13 520 41 80.709
14 786 19 97.228
15 642 16 76.579
16 255 29 21.657
17 1082 53 56.803
18 214 44 94.04
19 1344 26 15.355
20 323 35 59.736
21 978 55 81.366
22 1363 59 96.85
23 510 39 4.457
24 1062 40 10.942
25 833 49 16.794
26 869 6 8.969
27 847 54 43.575
28 86 16 18.492
29 146 26 43.072
30 1281 47 29.494
31 32 3 1.841
32 926 59 5.895
33 45 13 0.498
34 428 2 2.698
35 140 28 55.073
36 735 8 49.654
37 665 44 12.245
38 1438 16 82.526
39 1247 32 45.173
40 269 13 90.442
41 1193 4 83.77
42 1084 58 78.775
43 155 15 80.628
44 1191 59 41.778
45 1076 26 35.078
46 243 47 76.012
47 1403 35 9.176
48 874 47 63.033
49 1010 35 95.802
50 1129 23 95.261
51 690 50 88.898
52 938 57 97.889
53 632 38 69.268
54 1364 47 21.38
55 205 16 16.212
56 1246 30 83.796
57 367 59 14.459
58 321 18 7.351
59 806 53 86.967
60 650 45 94.03
61 471 2 92.55
62 1404 3 57.707
63 234 17 90.586
64 371 45 80.607
65 1370 7 59.019
66 1088 32 98.644
67 986 51 25.836
68 875 1 89.062
69 852 48 91.311
70 254 43 12.774
71 130 55 49.163
72 472 18 16.19
73 776 50 28.331
74 771 55 59.361
75 332 2 47.728
76 927 15 95.473
77 638 49 50.265
78 342 6 74.269
79 1148 24 88.294
80 1421 5 16.334
81 1425 55 88.561
82 1349 30 6.401
83 299 42 60.814
84 643 13 4.765
85 1244 3 5.428
86 1310 9 96.304
87 354 14 98.008
88 78 43 75.601
89 779 19 55.611
90 858 27 81.285
91 251 45 74.436
92 412 54 80.119
93 1410 54 66.255
94 983 14 55.257
95 157 40 99.272
96 1014 7 73.744
97 591 3 85.895
98 1440 48 52.732
99 791 35 15.619
100 33 43 98.427
