95
1 367 58 3
2 741 29 95
3 1336 2 38
4 977 44 97
5 732 24 50
6 1015 5 12
7 1028 49 34
8 54 12 3
9 535 16 23
10 1011 1 1
11 1126 5 26
12 1426 23 41
13 1072 9 47
14 71 46 21
15 58 4 42
16 775 52 83
17 333 1 68
18 1327 9 7
19 891 32 45
20 125 5 73
21 256 27 49
22 564 25 3
23 1156 43 70
24 290 21 62
25 283 14 8
26 1425 30 11
27 239 46 77
28 421 22 85
29 1299 58 24
30 800 59 43
31 232 22 41
32 1419 5 81
33 372 7 73
34 742 25 89
35 963 44 68
36 784 42 81
37 1403 34 98
38 1195 50 6
39 1419 11 65
40 565 22 64
41 1269 38 55
42 524 5 65
43 1366 28 26
44 179 36 26
45 395 28 11
46 1139 20 64
47 1250 3 75
48 950 58 92
49 857 19 16
50 912 45 63
51 1332 25 6
52 280 25 94
53 774 35 33
54 569 40 81
55 1190 1 59
56 835 26 20
57 1185 42 66
58 460 3 54
59 957 42 67
60 756 35 26
61 1362 31 49
62 839 5 46
63 1130 32 24
64 78 26 36
65 48 45 73
66 969 12 23
67 769 56 67
68 202 48 30
69 1244 2 3
70 1235 51 88
71 649 53 27
72 1388 43 53
73 421 39 43
74 669 40 48
75 426 26 92
76 923 25 78
77 1047 13 95
78 562 35 33
79 462 7 66
80 751 32 42
81 345 14 79
82 819 8 34
83 1092 24 16
84 1113 28 96
85 647 33 35
86 1426 24 16
87 302 35 7
88 673 44 14
89 1301 52 59
90 527 12 16
91 927 25 19
92 169 39 47
93 283 49 83
94 1050 34 53
95 1435 41 25
