91
1 1024 2 45
2 1136 10 18
3 71 15 93
4 1100 17 75
5 1248 14 29
6 1340 23 63
7 335 31 2
8 1436 15 48
9 1311 51 26
10 790 47 50
11 186 26 55
12 356 25 32
13 1350 20 59
14 1116 41 1
15 437 6 81
16 16 34 84
17 1401 58 93
18 112 58 12
19 561 38 29
20 1119 34 10
21 1158 1 56
22 889 12 85
23 151 31 5
24 572 49 7
25 94 23 32
26 1184 10 37
27 810 24 41
28 1065 38 46
29 1033 10 93
30 417 5 52
31 1418 23 6
32 1439 39 94
33 1138 6 64
34 1335 48 36
35 1247 33 94
36 408 4 99
37 823 56 13
38 631 52 36
39 826 46 97
40 1372 5 6
41 506 60 23
42 1360 16 31
43 146 27 34
44 548 25 73
45 260 33 90
46 125 14 26
47 439 41 63
48 509 19 11
49 899 36 48
50 770 23 23
51 243 6 49
52 1122 7 30
53 194 44 13
54 1112 33 80
55 476 3 75
56 103 53 28
57 986 59 71
58 1233 18 26
59 102 38 72
60 476 49 25
61 940 58 79
62 855 56 45
63 791 8 57
64 730 31 96
65 768 20 56
66 1357 34 77
67 216 28 72
68 9 38 89
69 748 12 13
70 1057 29 42
71 54 20 5
72 172 44 29
73 736 32 18
74 531 27 35
75 1252 55 41
76 1376 23 23
77 335 7 32
78 1112 5 6
79 804 4 3
80 1338 27 9
81 507 23 76
82 164 59 32
83 677 14 50
84 727 54 76
85 43 44 45
86 100 55 2
87 715 36 51
88 470 34 61
89 890 19 95
90 46 15 42
91 1152 22 23
