100
1 932 52 22.421
2 480 35 14.222
3 1180 48 21.414
4 635 39 16.635
5 940 45 18.888
6 259 41 18.554
7 464 41 18.989
8 170 35 16.03
9 454 60 25.319
10 410 52 22.998
11 1 35 14.332
12 282 28 12.518
13 147 46 21.507
14 675 38 15.758
15 720 28 13.106
16 181 30 14.623
17 794 25 10.893
18 479 56 23.71
19 998 35 15.723
20 633 28 11.728
21 39 21 8.726
22 401 44 20.175
23 18 46 21.289
24 112 42 17.617
25 938 35 16.782
26 80 53 21.735
27 643 34 14.33
28 711 39 16.959
29 150 48 19.773
30 23 32 13.067
31 682 1 1
32 260 44 21.789
33 11 41 17.897
34 200 58 23.785
35 570 35 14.201
36 1440 32 15.313
37 500 39 16.163
38 122 43 19.624
39 57 39 16.629
40 42 53 25.997
41 149 27 11.874
42 175 47 20.119
43 33 37 16.448
44 720 57 24.068
45 268 48 19.651
46 653 49 23.48
47 1067 48 23.051
48 238 46 20.484
49 59 11 5.491
50 514 53 21.298
51 444 46 23.421
52 113 32 14.648
53 1404 36 16.804
54 128 58 26.645
55 77 48 22.435
56 78 35 15.394
57 79 55 22.2
58 1318 50 21.408
59 270 35 17.309
60 943 47 19.246
61 249 25 11.321
62 211 47 20.531
63 478 43 19.227
64 243 36 15.319
65 659 35 14.986
66 208 19 9.529
67 583 50 25.28
68 441 48 23.332
69 424 34 14.999
70 1082 50 22.982
71 305 29 13.771
72 309 45 20.681
73 1035 18 7.79
74 387 32 12.937
75 180 34 16.43
76 55 34 15.569
77 126 42 20.437
78 468 9 4.277
79 97 40 17.255
80 892 46 19.703
81 394 24 10.486
82 212 39 17.655
83 56 52 21.594
84 440 18 8.849
85 291 44 18.974
86 607 46 19.743
87 170 33 13.989
88 608 46 22.638
89 576 53 26.121
90 604 51 24.893
91 330 40 19.988
92 441 45 18.989
93 250 53 26.304
94 82 20 9.054
95 66 39 19.497
96 665 40 18.325
97 903 49 20.818
98 396 42 19.971
99 554 34 14.659
100 450 51 21.551
