100
1 1301 23 81.418
2 546 6 59.694
3 809 52 30.259
4 1178 32 83.126
5 998 56 14.238
6 866 44 53.352
7 1198 27 67.201
8 495 48 52.769
9 945 28 74.605
10 210 10 98.271
11 1078 31 55.152
12 1233 10 81.903
13 1173 38 9.296
14 499 51 2.786
15 606 36 65.119
16 1262 7 63.6
17 666 32 34.036
18 982 20 46.614
19 700 39 36.583
20 554 27 95.14
21 154 7 70.545
22 1261 8 72.883
23 539 41 21.999
24 222 18 1.163
25 952 3 11.467
26 1349 50 88.822
27 830 43 74.269
28 1216 44 32.739
29 762 6 85.96
30 559 24 22.671
31 441 7 61.145
32 548 43 5.814
33 1269 10 9.002
34 862 51 60.394
35 71 41 44.557
36 1016 41 26.55
37 89 4 1.243
38 681 50 9.173
39 383 7 26.147
40 1222 57 21.704
41 295 14 84.074
42 305 24 17.001
43 771 32 84.246
44 767 30 20.159
45 449 6 88.048
46 808 10 55.706
47 1221 26 77.907
48 213 21 73.434
49 845 1 41.999
50 71 21 41.463
51 366 47 50.51
52 1322 26 62.759
53 556 23 97.416
54 1001 44 32.378
55 122 50 51.3
56 1052 25 68.989
57 34 35 18.644
58 1055 1 13.67
59 748 43 82.848
60 45 33 1.568
61 640 54 82.464
62 28 59 99.893
63 291 7 20.007
64 999 17 28.68
65 15 29 6.013
66 612 25 58.309
67 889 21 74.268
68 1040 29 8.041
69 793 43 61.816
70 817 3 96.168
71 707 17 69.807
72 1271 1 10.503
73 652 14 78.277
74 248 54 17.537
75 244 51 64.572
76 762 25 48.936
77 686 31 52.645
78 259 38 54.108
79 1381 32 65.438
80 960 52 47.325
81 469 33 30.349
82 1071 53 6.998
83 1099 26 11.436
84 1250 53 92.294
85 216 33 94.766
86 30 18 68.498
87 803 57 26.141
88 639 52 23.503
89 797 14 32.795
90 613 45 89.589
91 1136 6 19.899
92 648 20 83.615
93 245 53 4.51
94 990 34 28.721
95 646 34 62.287
96 1010 20 52.301
97 109 18 40.776
98 242 23 26.926
99 235 40 34.398
100 575 55 6.922
