84
1 1296 10 68.206
2 567 60 4.209
3 1033 12 28.286
4 314 32 78.322
5 59 51 90.658
6 647 53 23.907
7 959 48 80.717
8 406 9 51.577
9 519 46 80.384
10 665 12 96.949
11 53 31 5.219
12 1085 1 88.155
13 1429 31 7.488
14 1328 11 53.778
15 1292 28 3.12
16 1004 48 28.899
17 775 40 72.479
18 978 44 2.574
19 93 60 32.058
20 770 24 38.235
21 454 28 25.182
22 1077 60 91.609
23 1013 7 73.958
24 829 58 91.646
25 853 33 53.312
26 827 51 95.234
27 1094 22 11.543
28 639 54 62.219
29 501 1 6.585
30 1213 19 30.967
31 284 60 4.808
32 578 20 96.835
33 109 26 67.231
34 887 22 90.948
35 1169 44 56.72
36 824 20 90.219
37 203 38 97.662
38 1349 34 58.32
39 894 25 50.848
40 1046 21 45.433
41 1397 40 94.563
42 248 52 40.258
43 920 40 46.243
44 1389 7 59.172
45 1384 59 66.228
46 1025 19 18.462
47 148 35 41.928
48 723 50 41.575
49 922 60 18.716
50 622 37 5.144
51 111 27 61.921
52 717 31 74.176
53 543 1 74.263
54 589 24 42.527
55 428 39 23.706
56 633 33 11.79
57 1324 1 19.943
58 705 1 8.952
59 199 1 81.097
60 332 47 66.098
61 247 22 64.091
62 1263 60 68.18
63 1160 60 1.196
64 1279 15 40.891
65 1195 16 13.843
66 525 37 40.706
67 348 55 82.165
68 736 39 73.903
69 261 57 56.519
70 1318 12 48.265
71 1167 23 55.132
72 1185 19 37.736
73 1211 43 44.51
74 1267 16 31.027
75 70 44 44.1
76 1298 56 39.15
77 750 37 61.737
78 212 30 98.528
79 250 60 63.114
80 510 5 8.041
81 1134 5 71.557
82 1318 40 33.781
83 151 34 83.204
84 240 55 20.412
