100
1 896 36 88
2 1404 35 8
3 178 34 9
4 646 35 29
5 104 36 85
6 325 33 38
7 176 28 16
8 340 27 52
9 558 40 98
10 270 32 21
11 922 54 49
12 951 5 71
13 620 57 90
14 1142 18 85
15 165 25 22
16 1116 33 98
17 478 42 58
18 1115 16 68
19 1365 57 13
20 432 41 81
21 56 22 76
22 511 39 37
23 1437 35 98
24 691 20 49
25 817 22 24
26 535 19 19
27 1352 6 18
28 571 24 18
29 1366 4 88
30 397 55 8
31 251 10 36
32 1310 9 46
33 169 14 76
34 488 40 2
35 586 8 4
36 41 10 77
37 729 9 14
38 21 48 35
39 525 17 23
40 613 44 1
41 484 10 43
42 179 8 75
43 347 19 60
44 340 47 83
45 1408 16 14
46 461 17 75
47 1030 33 43
48 334 37 27
49 255 21 2
50 188 9 94
51 387 5 43
52 312 44 3
53 1195 47 92
54 922 7 37
55 942 13 62
56 529 9 81
57 772 57 92
58 1005 32 34
59 1008 6 78
60 393 28 65
61 1249 50 34
62 1334 39 9
63 763 27 54
64 106 34 11
65 846 2 16
66 559 38 40
67 1015 30 79
68 720 6 22
69 626 25 78
70 653 12 9
71 414 8 86
72 951 32 41
73 496 16 67
74 522 40 68
75 96 26 44
76 699 37 85
77 209 1 34
78 499 20 88
79 511 56 66
80 841 41 98
81 849 8 71
82 1102 42 56
83 1189 21 35
84 54 16 78
85 366 3 71
86 21 33 61
87 906 2 81
88 588 7 52
89 998 51 53
90 105 41 55
91 566 32 25
92 741 9 17
93 345 58 87
94 1231 32 70
95 1062 13 37
96 904 20 21
97 970 13 76
98 80 32 30
99 736 55 2
100 143 47 97
