77
1 30 30 99.999
2 60 30 99.999
3 90 30 99.999
4 120 30 99.999
5 150 30 99.999
6 180 30 99.999
7 210 30 99.999
8 240 30 99.999
9 270 30 99.999
10 300 30 99.999
11 330 30 99.999
12 360 30 99.999
13 390 30 99.999
14 420 30 99.999
15 450 30 99.999
16 480 30 99.999
17 510 30 99.999
18 540 30 99.999
19 570 30 99.999
20 600 30 99.999
21 630 30 99.999
22 660 30 99.999
23 690 30 99.999
24 720 30 99.999
25 750 30 99.999
26 780 30 99.999
27 810 30 99.999
28 840 30 99.999
29 870 30 99.999
30 900 30 99.999
31 930 30 99.999
32 960 30 99.999
33 990 30 99.999
34 1020 30 99.999
35 1050 30 99.999
36 1080 30 99.999
37 1110 30 99.999
38 1140 30 99.999
39 1170 30 99.999
40 1200 30 99.999
41 1230 30 99.999
42 1260 30 99.999
43 1290 30 99.999
44 1320 30 99.999
45 1350 30 99.999
46 1380 30 99.999
47 1440 59 59.000
48 1440 2 1.999
49 1440 2 1.999
50 1440 2 1.999
51 1440 2 1.999
52 1440 2 1.999
53 1440 2 1.999
54 1440 2 1.999
55 1440 2 1.999
56 1440 2 1.999
57 1440 2 1.999
58 1440 2 1.999
59 1440 2 1.999
60 1440 2 1.999
61 1440 2 1.999
62 1440 2 1.999
63 1440 2 1.999
64 1440 2 1.999
65 1440 2 1.999
66 1440 2 1.999
67 1440 2 1.999
68 1440 2 1.999
69 1440 2 1.999
70 1440 2 1.999
71 1440 2 1.999
72 1440 2 1.999
73 1440 2 1.999
74 1440 2 1.999
75 1440 2 1.999
76 1440 2 1.999
77 1440 2 1.999
