87
1 301 32 62.391
2 831 30 2.71
3 463 20 63.051
4 645 40 24.641
5 62 9 42.856
6 547 9 82.22
7 520 20 60.066
8 1046 54 75.183
9 723 11 74.024
10 176 9 99.876
11 994 57 31.456
12 1002 44 39.356
13 1038 56 17.574
14 558 25 45.467
15 1184 55 96.869
16 1387 56 36.985
17 413 31 24.072
18 1219 30 95.2
19 256 8 66.804
20 1255 9 23.384
21 392 12 57.864
22 728 1 12.76
23 872 3 97.071
24 399 55 7.993
25 347 43 73.258
26 67 44 31.495
27 1260 39 60.657
28 38 25 39.134
29 188 19 66.029
30 642 50 48.581
31 805 47 20.934
32 835 24 31.95
33 522 2 34.126
34 1414 44 47.337
35 778 5 56.085
36 171 28 49.61
37 308 44 58.966
38 489 11 16.644
39 1039 58 75.796
40 1327 50 12.033
41 208 46 24.673
42 443 47 44.184
43 769 36 39.786
44 1301 1 95.664
45 556 35 46.646
46 149 12 57.8
47 661 39 15.067
48 236 26 72.806
49 81 49 18.932
50 1210 33 82.177
51 1181 33 32.272
52 494 58 49.75
53 383 13 78.898
54 901 30 37.483
55 927 15 61.341
56 423 36 90.067
57 1366 45 22.835
58 83 25 18.55
59 337 11 9.569
60 514 27 76.392
61 727 16 71.147
62 1056 19 67.069
63 328 8 84.956
64 909 36 70.368
65 425 44 29.858
66 1140 15 41.98
67 1246 39 35.636
68 1295 6 71.674
69 85 35 81.026
70 1229 17 90.139
71 1324 32 40.718
72 1437 54 28.832
73 385 5 28.04
74 1062 56 64.409
75 1237 6 74.307
76 1408 56 14.681
77 582 7 36.023
78 1211 40 32.898
79 1001 48 70.245
80 385 38 88.56
81 832 35 42.672
82 155 46 44.036
83 1176 48 74.38
84 1381 5 55.446
85 1093 50 38.909
86 1319 19 86.688
87 404 34 83.13
