100
1 2 50 47.2
2 1421 11 31.0
3 1433 20 66.64
4 73 25 81.074
5 647 37 28.0
6 485 30 17.4
7 484 34 80.1
8 1299 21 47.94
9 474 27 86.4
10 1034 48 42.61
11 1004 3 21.118
12 158 31 46.7
13 1166 37 57.28
14 1204 59 88.8
15 466 58 80.062
16 1079 12 97.8
17 422 22 13.322
18 1386 16 20.2
19 761 2 17.0
20 613 22 63.07
21 1399 47 84.5
22 72 24 28.5
23 971 19 25.32
24 1269 29 84.7
25 1153 14 11.029
26 914 34 21.741
27 655 51 46.63
28 1201 47 73.0
29 137 14 91.59
30 788 34 28.09
31 1178 17 52.017
32 621 58 65.0
33 452 19 69.0
34 709 45 78.097
35 373 33 21.853
36 1174 55 96.65
37 678 41 66.0
38 480 51 78.0
39 901 26 52.3
40 626 45 87.0
41 86 17 55.53
42 1281 59 46.5
43 1382 28 2.397
44 571 7 23.0
45 66 55 82.0
46 1328 18 6.4
47 1122 54 93.3
48 59 37 32.0
49 20 6 28.0
50 458 52 29.0
51 1359 2 34.37
52 611 9 75.4
53 213 33 58.0
54 389 58 90.4
55 258 4 65.28
56 275 39 24.7
57 1155 38 28.5
58 707 36 39.88
59 796 44 87.0
60 272 44 74.39
61 1386 51 18.0
62 1331 12 44.21
63 570 11 85.0
64 259 41 47.51
65 833 53 93.0
66 491 38 80.2
67 869 32 27.179
68 1244 15 40.0
69 293 44 98.1
70 1001 46 68.8
71 355 54 98.0
72 151 45 54.588
73 259 48 30.4
74 1376 28 93.0
75 1013 25 12.013
76 1273 44 47.066
77 60 35 6.86
78 1424 45 70.29
79 318 42 52.39
80 955 43 23.0
81 386 48 8.0
82 757 41 26.46
83 748 15 30.5
84 227 26 90.0
85 1419 41 19.8
86 439 13 67.118
87 1239 21 14.0
88 1361 57 48.0
89 786 13 9.61
90 1016 4 47.66
91 661 6 29.18
92 465 14 24.0
93 1247 5 39.0
94 1172 4 53.9
95 391 35 62.0
96 833 9 36.343
97 1425 1 63.15
98 74 3 71.082
99 226 51 14.9
100 298 33 81.48
