76
1 1206 17 8.387
2 1339 46 53.975
3 66 32 37.948
4 1064 42 60.879
5 1210 15 87.153
6 33 4 86.933
7 571 27 68.956
8 499 33 49.146
9 1353 47 1.5
10 494 13 86.579
11 828 30 3.727
12 112 33 46.724
13 1218 32 68.733
14 591 13 74.51
15 141 53 51.747
16 908 30 30.893
17 480 21 44.165
18 1251 58 43.914
19 192 20 50.521
20 517 53 13.944
21 828 21 77.991
22 1339 56 16.763
23 1349 7 88.882
24 1063 42 16.682
25 664 42 77.523
26 101 39 45.545
27 648 38 6.086
28 1194 41 62.115
29 6 3 14.555
30 531 36 89.203
31 349 48 7.213
32 75 48 82.274
33 286 14 11.099
34 859 38 82.567
35 791 4 93.183
36 658 2 78.665
37 661 48 68.637
38 1370 12 68.739
39 1070 52 96.91
40 502 32 35.19
41 877 42 31.108
42 1369 15 48.892
43 1193 58 94.859
44 1115 9 83.263
45 1313 8 86.632
46 601 42 77.066
47 1110 16 82.67
48 1303 52 66.153
49 322 58 4.032
50 1275 1 38.439
51 136 59 10.496
52 949 12 54.286
53 356 46 49.925
54 936 7 48.552
55 905 19 70.739
56 541 16 28.729
57 592 5 30.416
58 796 34 93.627
59 1295 30 72.23
60 391 21 95.396
61 1121 19 36.112
62 789 21 52.473
63 905 19 96.776
64 477 18 85.489
65 933 10 71.61
66 143 13 79.565
67 49 7 77.413
68 863 15 18.031
69 419 28 78.3
70 868 39 31.601
71 1369 15 57.658
72 1038 58 57.849
73 151 39 25.799
74 1095 17 68.514
75 354 13 6.439
76 1307 39 45.834
