90
1 385 26 66
2 25 21 91
3 627 47 6
4 37 5 16
5 769 12 45
6 338 13 40
7 1264 36 59
8 628 30 8
9 117 39 53
10 571 13 68
11 829 18 54
12 293 51 92
13 313 17 96
14 779 12 84
15 102 27 72
16 1072 59 50
17 866 6 50
18 423 51 93
19 355 7 19
20 939 37 81
21 735 30 47
22 1060 15 68
23 595 17 41
24 438 58 98
25 812 59 6
26 224 14 47
27 84 10 35
28 823 21 91
29 816 20 75
30 101 10 47
31 1213 1 9
32 321 45 70
33 1405 56 93
34 318 52 52
35 1123 32 28
36 1242 27 49
37 1040 10 15
38 900 2 7
39 1389 15 15
40 772 57 82
41 1431 58 79
42 1192 20 56
43 459 3 32
44 99 34 93
45 1397 40 67
46 1298 58 84
47 213 28 20
48 86 1 29
49 125 42 61
50 965 52 97
51 878 27 69
52 1037 32 22
53 296 24 81
54 991 10 41
55 525 50 54
56 117 45 9
57 511 35 29
58 914 5 84
59 297 54 11
60 821 55 72
61 684 46 27
62 1399 20 2
63 801 42 93
64 1287 57 76
65 971 28 13
66 63 19 92
67 1032 24 32
68 1152 59 81
69 820 25 57
70 910 51 34
71 141 55 20
72 984 4 38
73 154 52 74
74 771 15 36
75 764 49 33
76 619 42 96
77 106 15 56
78 1430 39 84
79 931 40 11
80 314 28 21
81 321 27 87
82 730 28 83
83 62 2 8
84 920 57 98
85 953 27 15
86 570 51 43
87 294 33 85
88 285 60 30
89 773 52 35
90 478 55 37
