95
1 964 38 75
2 341 22 26
3 783 16 59
4 884 58 92
5 730 27 28
6 731 49 76
7 394 47 59
8 439 14 36
9 18 44 14
10 201 51 64
11 88 43 64
12 456 30 52
13 692 31 52
14 252 30 41
15 425 46 59
16 510 24 17
17 1436 3 61
18 204 21 83
19 901 26 74
20 1270 4 77
21 79 29 36
22 884 15 92
23 178 8 80
24 38 43 71
25 398 45 45
26 417 52 35
27 692 32 52
28 520 50 30
29 900 14 62
30 657 33 95
31 1285 59 88
32 1096 6 79
33 811 10 35
34 767 29 29
35 1161 59 29
36 940 17 7
37 387 55 74
38 11 30 2
39 153 14 3
40 589 14 79
41 995 24 68
42 198 22 70
43 74 42 84
44 1257 60 76
45 1252 45 66
46 608 8 6
47 817 1 96
48 1439 17 89
49 984 18 70
50 996 33 54
51 278 24 16
52 698 3 92
53 617 34 57
54 58 30 19
55 1363 38 9
56 625 50 76
57 1213 7 27
58 955 22 51
59 1054 23 77
60 617 4 36
61 403 33 85
62 248 28 80
63 653 29 13
64 179 45 89
65 495 28 6
66 270 59 41
67 261 21 27
68 114 1 10
69 208 5 46
70 435 49 46
71 242 23 81
72 13 53 10
73 1287 58 51
74 1262 54 21
75 948 34 20
76 34 60 27
77 1340 11 44
78 466 25 26
79 1316 4 85
80 1346 2 47
81 735 54 60
82 150 36 38
83 1257 49 27
84 1277 28 71
85 1419 28 35
86 1414 36 59
87 607 7 44
88 179 56 93
89 818 1 11
90 390 32 16
91 634 26 20
92 192 16 47
93 898 29 63
94 1136 49 13
95 488 4 2
