98
1 675 36 55.611
2 798 59 32.501
3 606 12 41.459
4 719 6 98.812
5 937 30 8.389
6 17 13 40.708
7 134 37 23.618
8 121 2 89.053
9 732 37 15.39
10 934 8 81.774
11 977 12 77.516
12 95 38 77.492
13 1012 24 72.158
14 1334 34 78.315
15 1032 24 40.036
16 627 48 97.05
17 1216 6 54.842
18 1013 32 52.616
19 873 22 10.44
20 709 51 96.721
21 908 58 32.898
22 66 53 30.978
23 1341 37 28.702
24 979 55 84.768
25 203 39 50.197
26 776 3 28.095
27 545 59 74.63
28 976 39 61.915
29 922 19 69.349
30 914 5 87.076
31 442 49 39.914
32 200 39 13.968
33 590 1 97.123
34 459 4 43.369
35 1421 34 40.511
36 908 56 90.328
37 580 43 29.12
38 1104 17 11.982
39 1143 34 91.221
40 379 38 64.026
41 754 39 24.173
42 1162 5 19.194
43 1390 12 47.81
44 364 11 61.634
45 1162 6 21.569
46 1174 48 99.122
47 1419 14 94.07
48 796 35 38.592
49 604 14 70.231
50 1314 19 90.881
51 786 6 9.548
52 232 52 38.238
53 205 56 40.715
54 954 46 21.404
55 1275 29 40.604
56 281 39 65.665
57 682 24 15.06
58 752 18 26.617
59 638 33 70.72
60 422 10 0.125
61 394 45 18.892
62 1095 27 65.936
63 173 39 5.175
64 720 25 55.97
65 1129 56 33.32
66 1349 30 75.904
67 609 21 4.344
68 502 12 22.853
69 1297 56 43.099
70 483 51 80.77
71 706 40 89.56
72 94 21 26.296
73 65 55 15.506
74 610 31 48.28
75 402 43 3.808
76 289 24 35.908
77 48 9 15.408
78 125 58 82.652
79 585 36 69.513
80 1022 10 96.429
81 90 13 99.063
82 1289 52 72.537
83 1098 17 27.153
84 1040 19 63.122
85 1048 49 49.706
86 719 41 8.879
87 401 46 10.517
88 356 29 32.002
89 753 10 4.497
90 996 19 75.246
91 252 46 57.229
92 1041 55 43.463
93 498 19 22.7
94 479 28 37.719
95 230 2 35.912
96 974 16 48.204
97 243 39 49.779
98 1435 3 46.015
