78
1 915 19 36.841
2 684 26 48.594
3 609 5 92.219
4 1400 53 48.723
5 184 12 4.635
6 1273 28 84.533
7 1337 52 83.263
8 1358 56 60.378
9 1426 5 53.971
10 1393 9 45.99
11 973 53 45.145
12 328 57 96.327
13 1277 60 24.408
14 1074 45 52.272
15 764 27 16.637
16 535 42 21.808
17 1417 20 6.59
18 699 49 43.053
19 1327 11 85.555
20 684 7 45.35
21 1166 34 42.491
22 797 37 97.264
23 490 10 35.049
24 816 16 66.514
25 883 47 96.393
26 487 58 98.517
27 297 38 20.971
28 211 37 24.51
29 1352 54 18.526
30 1413 22 47.748
31 733 22 79.766
32 1034 8 8.857
33 1273 40 9.418
34 1155 31 88.447
35 252 55 47.275
36 801 6 88.545
37 308 57 14.614
38 697 30 84.019
39 77 12 73.748
40 943 53 8.761
41 562 35 51.245
42 278 57 83.346
43 592 8 36.663
44 515 15 38.484
45 573 18 16.087
46 1154 41 59.703
47 601 55 58.578
48 685 4 1.535
49 671 1 40.926
50 408 6 55.469
51 998 7 33.441
52 1151 8 9.071
53 1287 23 5.782
54 134 46 86.112
55 1121 21 17.247
56 287 48 15.432
57 1146 35 12.014
58 46 6 28.33
59 98 32 3.055
60 104 18 14.76
61 1299 8 18.058
62 1147 27 72.054
63 15 34 36.613
64 461 10 98.574
65 1351 28 35.351
66 465 57 62.723
67 42 19 55.936
68 388 25 6.904
69 1038 1 43.22
70 730 43 37.734
71 419 25 6.38
72 1080 57 79.041
73 1189 20 16.276
74 768 51 31.333
75 27 2 7.911
76 956 1 69.925
77 1118 30 72.477
78 228 30 97.997
