100
1 1081 28 81.205
2 1023 7 26.703
3 1183 3 2.82
4 754 14 7.021
5 770 12 60.739
6 796 55 87.525
7 1109 52 25.129
8 613 46 33.525
9 656 51 80.59
10 588 38 79.398
11 31 14 57.082
12 344 1 29.209
13 1429 60 75.439
14 245 13 27.139
15 1318 2 78.385
16 264 20 77.827
17 1322 42 44.573
18 1425 49 76.225
19 245 7 95.34
20 12 15 60.436
21 1221 42 47.13
22 803 51 55.28
23 1439 45 38.164
24 1153 54 32.153
25 628 58 92.418
26 1148 11 92.951
27 1325 17 11.795
28 439 44 2.717
29 846 60 35.614
30 1189 37 36.817
31 1332 33 19.578
32 1436 33 98.501
33 317 4 40.057
34 982 56 75.817
35 271 37 70.993
36 97 58 34.722
37 931 55 55.686
38 1020 42 10.408
39 798 29 89.855
40 859 22 46.286
41 537 11 98.271
42 10 13 51.993
43 730 26 84.519
44 245 21 14.977
45 1031 24 35.236
46 405 37 3.584
47 949 51 63.445
48 403 45 76.754
49 444 19 62.045
50 862 54 8.458
51 1070 3 92.551
52 236 31 49.319
53 22 30 46.424
54 1287 2 54.115
55 14 17 84.226
56 1221 29 34.703
57 439 20 25.656
58 679 48 52.184
59 295 19 95.535
60 367 48 78.825
61 473 58 30.645
62 1207 20 4.625
63 1315 60 13.792
64 1122 46 87.987
65 117 60 43.005
66 886 4 75.263
67 1062 14 85.565
68 755 2 32.106
69 961 38 54.9
70 1310 34 87.896
71 607 3 0.685
72 1338 29 26.535
73 774 14 8.305
74 1366 2 1.085
75 1082 6 73.798
76 962 22 44.069
77 792 11 49.243
78 937 50 97.704
79 11 11 17.585
80 880 16 70.17
81 1366 1 92.506
82 1254 52 90.332
83 277 13 76.495
84 793 48 75.834
85 510 58 54.722
86 348 12 96.778
87 614 3 33.67
88 1143 23 91.425
89 180 39 66.561
90 688 15 80.665
91 455 44 59.669
92 1129 49 74.442
93 1366 58 57.955
94 930 60 22.466
95 292 42 91.671
96 1368 49 82.691
97 758 21 21.034
98 1276 12 60.502
99 823 48 95.648
100 483 33 47.47