100
1 868 17 31.86
2 628 55 22.557
3 294 9 30.988
4 1095 59 62.249
5 153 50 26.44
6 896 14 30.931
7 1076 4 29.786
8 193 52 71.025
9 1255 22 5.366
10 394 58 13.081
11 928 6 33.77
12 233 36 2.62
13 692 57 17.882
14 1214 29 2.382
15 1186 19 2.39
16 1258 48 26.209
17 312 41 79.191
18 1411 34 4.686
19 1398 53 45.216
20 1363 51 7.331
21 1002 60 20.787
22 41 48 7.497
23 359 28 6.527
24 1435 3 34.319
25 1246 42 2.403
26 1250 58 6.583
27 248 39 0.281
28 988 4 2.811
29 885 43 45.139
30 156 49 21.368
31 1038 3 27.438
32 421 23 28.941
33 362 46 51.227
34 340 34 10.027
35 1377 1 13.206
36 1058 49 48.021
37 326 40 25.187
38 106 48 13.214
39 736 49 58.586
40 288 49 29.489
41 13 46 41.915
42 468 54 35.214
43 866 26 33.124
44 1371 41 8.946
45 335 34 32.743
46 19 41 34.126
47 119 53 16.92
48 278 40 37.369
49 663 14 0.715
50 1393 59 5.574
51 1349 20 3.64
52 986 52 32.01
53 942 43 49.959
54 1351 51 6.791
55 53 3 3.703
56 664 51 48.799
57 1363 30 16.004
58 385 25 1.174
59 323 22 8.438
60 705 59 2.39
61 321 58 21.715
62 286 8 8.127
63 643 34 15.302
64 691 27 4.02
65 990 22 1.119
66 894 20 15.079
67 357 58 33.801
68 149 42 12.675
69 802 7 13.783
70 936 55 74.887
71 884 24 3.962
72 365 13 2.151
73 1091 13 3.211
74 443 41 62.814
75 323 13 11.46
76 333 39 10.813
77 856 53 71.09
78 1041 55 39.374
79 1272 47 0.922
80 680 34 2.671
81 345 52 55.38
82 159 42 26.859
83 478 3 15.022
84 701 45 72.859
85 784 52 73.889
86 1193 34 4.547
87 446 35 25.232
88 820 58 11.912
89 390 33 13.116
90 1029 48 65.063
91 811 52 5.666
92 510 22 0.222
93 881 32 35.598
94 1399 44 58.341
95 97 54 20.494
96 985 44 1.78
97 300 50 8.95
98 424 32 0.555
99 985 60 84.986
100 1418 59 17.19
