100
1 1231 57 47.801
2 363 10 2.772
3 469 4 75.336
4 260 16 73.762
5 392 29 6.279
6 1189 44 90.979
7 238 57 56.0
8 625 44 57.728
9 824 29 24.775
10 884 9 23.915
11 276 20 78.523
12 702 10 71.439
13 576 40 48.472
14 376 32 66.175
15 469 51 50.515
16 613 6 95.074
17 1410 49 47.156
18 784 32 39.318
19 427 2 81.544
20 1094 52 88.659
21 541 12 6.962
22 1053 11 73.353
23 1003 27 70.232
24 39 16 39.467
25 163 3 16.317
26 187 40 21.182
27 956 39 25.158
28 1080 14 85.166
29 1400 7 11.679
30 1246 39 82.069
31 361 49 30.96
32 738 25 90.25
33 869 13 61.864
34 1140 31 30.937
35 310 1 60.341
36 261 44 0.185
37 1149 13 55.274
38 583 10 14.265
39 794 3 39.397
40 144 55 10.247
41 165 10 91.236
42 1277 33 49.844
43 293 37 23.24
44 861 59 64.666
45 1224 60 79.15
46 818 40 96.071
47 769 26 24.634
48 477 34 83.843
49 572 9 42.257
50 375 12 60.835
51 1381 41 85.124
52 1093 20 32.611
53 872 47 96.971
54 1376 36 7.766
55 226 33 41.969
56 1414 26 53.895
57 62 38 10.868
58 641 16 75.645
59 1437 46 92.324
60 922 59 38.349
61 1229 52 25.568
62 701 22 15.004
63 726 54 57.953
64 1188 51 38.604
65 979 26 75.095
66 64 48 73.48
67 1420 21 61.0
68 190 23 78.818
69 640 47 25.391
70 651 53 3.8
71 165 8 45.229
72 641 52 79.001
73 117 6 16.553
74 973 25 10.094
75 1081 25 88.473
76 1341 32 44.844
77 505 33 37.74
78 239 11 78.697
79 84 35 63.037
80 1410 20 65.808
81 1120 60 90.032
82 151 37 19.908
83 1066 24 80.064
84 122 12 5.563
85 590 4 44.702
86 244 25 1.448
87 710 32 54.375
88 982 33 11.739
89 1227 39 21.013
90 1269 60 54.434
91 496 48 9.398
92 166 19 49.711
93 1098 18 80.924
94 1332 38 97.477
95 243 46 57.848
96 851 51 32.38
97 413 38 72.811
98 1301 31 98.162
99 150 22 45.011
100 1060 10 29.379
