100
1 244 12 47.141
2 270 4 82.337
3 99 59 14.739
4 403 4 53.472
5 1239 27 4.356
6 435 54 29.747
7 954 37 52.624
8 1333 44 37.707
9 398 51 41.63
10 549 28 32.574
11 891 55 87.752
12 749 46 85.568
13 787 37 59.154
14 976 40 30.023
15 916 49 98.3
16 642 59 13.38
17 18 42 29.666
18 1102 54 70.925
19 730 11 69.869
20 1072 59 85.586
21 662 11 50.429
22 203 52 13.69
23 368 55 50.85
24 736 56 36.49
25 1141 9 12.365
26 355 25 61.756
27 666 47 87.257
28 900 33 25.014
29 653 26 52.507
30 926 12 9.359
31 710 6 91.228
32 396 17 15.903
33 1194 42 41.375
34 1016 35 55.054
35 1331 12 82.854
36 772 28 17.568
37 938 10 46.027
38 264 29 60.444
39 150 8 68.922
40 828 59 59.135
41 978 4 71.691
42 439 57 65.341
43 709 28 44.944
44 329 35 87.74
45 907 12 77.569
46 87 12 72.811
47 71 12 83.365
48 254 41 70.838
49 462 44 87.273
50 1250 52 35.642
51 818 51 27.294
52 551 19 61.885
53 522 50 32.429
54 787 46 20.457
55 1227 27 10.747
56 707 36 88.927
57 742 20 46.948
58 337 10 7.125
59 379 34 31.054
60 650 16 86.936
61 1435 38 65.392
62 1262 14 65.687
63 1239 28 16.134
64 137 32 70.088
65 1008 56 1.518
66 495 55 58.63
67 735 13 96.047
68 1031 11 64.127
69 1128 51 79.328
70 473 53 44.905
71 995 10 66.063
72 1109 30 12.853
73 136 22 98.058
74 775 50 78.353
75 1343 15 72.339
76 1023 42 14.688
77 134 58 95.166
78 675 46 53.145
79 1266 16 46.03
80 1422 3 40.78
81 311 52 61.953
82 1076 54 71.956
83 351 38 94.626
84 1073 32 83.451
85 297 51 20.5
86 1187 30 48.274
87 1390 3 65.288
88 1102 43 58.178
89 933 21 5.254
90 660 29 63.121
91 1124 6 52.39
92 1284 13 63.865
93 518 25 44.216
94 313 24 50.546
95 1161 21 95.83
96 65 35 11.619
97 1389 57 35.172
98 742 53 38.342
99 1220 17 52.033
100 674 52 57.338