100
1 144 60 10
2 144 30 10
3 144 5 10
4 144 5 10
5 144 5 10
6 144 5 10
7 144 5 10
8 144 5 10
9 144 12 10
10 144 12 10
11 288 60 20
12 288 30 20
13 288 5 20
14 288 5 20
15 288 5 20
16 288 5 20
17 288 5 20
18 288 5 20
19 288 12 20
20 288 12 20
21 432 60 30
22 432 30 30
23 432 5 30
24 432 5 30
25 432 5 30
26 432 5 30
27 432 5 30
28 432 5 30
29 432 12 30
30 432 12 30
31 576 60 40
32 576 30 40
33 576 5 40
34 576 5 40
35 576 5 40
36 576 5 40
37 576 5 40
38 576 5 40
39 576 12 40
40 576 12 40
41 720 60 50
42 720 30 50
43 720 5 50
44 720 5 50
45 720 5 50
46 720 5 50
47 720 5 50
48 720 5 50
49 720 12 50
50 720 12 50
51 864 60 60
52 864 30 60
53 864 5 60
54 864 5 60
55 864 5 60
56 864 5 60
57 864 5 60
58 864 5 60
59 864 12 60
60 864 12 60
61 1008 60 70
62 1008 30 70
63 1008 5 70
64 1008 5 70
65 1008 5 70
66 1008 5 70
67 1008 5 70
68 1008 5 70
69 1008 12 70
70 1008 12 70
71 1152 60 80
72 1152 30 80
73 1152 5 80
74 1152 5 80
75 1152 5 80
76 1152 5 80
77 1152 5 80
78 1152 5 80
79 1152 12 80
80 1152 12 80
81 1296 60 90
82 1296 30 90
83 1296 5 90
84 1296 5 90
85 1296 5 90
86 1296 5 90
87 1296 5 90
88 1296 5 90
89 1296 12 90
90 1296 12 90
91 1440 60 99
92 1440 30 99
93 1440 5 99
94 1440 5 99
95 1440 5 99
96 1440 5 99
97 1440 5 99
98 1440 5 99
99 1440 12 99
100 1440 12 99