100
1 919 25 3.0
2 1321 11 75.0
3 1107 31 11.0
4 696 33 47.0
5 1163 46 20.0
6 287 20 68.0
7 281 49 17.0
8 761 18 50.0
9 1011 3 86.0
10 557 12 34.0
11 272 38 61.0
12 1233 5 23.0
13 720 42 64.0
14 1198 3 85.0
15 977 24 98.0
16 574 5 93.0
17 300 26 10.0
18 406 3 71.0
19 1185 16 35.0
20 361 56 98.0
21 534 24 99.0
22 666 27 93.0
23 1289 15 10.0
24 781 37 4.0
25 129 13 82.0
26 828 29 36.0
27 118 50 48.0
28 1078 17 31.0
29 427 46 32.0
30 861 53 76.0
31 813 58 89.0
32 791 7 84.0
33 1040 4 8.0
34 135 51 80.0
35 1199 8 15.0
36 92 8 66.0
37 594 60 47.0
38 305 40 39.0
39 1297 42 18.0
40 574 33 27.0
41 536 44 60.0
42 614 40 25.0
43 67 31 68.0
44 614 25 98.0
45 903 44 77.0
46 859 28 68.0
47 1061 37 48.0
48 936 21 52.0
49 192 21 33.0
50 787 12 21.0
51 1247 20 31.0
52 1095 46 16.0
53 313 52 17.0
54 470 55 87.0
55 876 17 25.0
56 263 59 50.0
57 330 20 27.0
58 631 4 47.0
59 43 3 85.0
60 585 8 99.0
61 1242 50 42.0
62 200 38 23.0
63 1181 34 39.0
64 1008 47 70.0
65 901 47 56.0
66 1171 52 81.0
67 737 17 49.0
68 723 10 57.0
69 136 28 97.0
70 983 51 10.0
71 542 24 74.0
72 1338 58 19.0
73 226 39 39.0
74 1348 24 98.0
75 1194 8 19.0
76 1355 14 99.0
77 1152 19 76.0
78 1320 11 64.0
79 305 33 75.0
80 547 13 38.0
81 81 7 11.0
82 199 37 33.0
83 601 37 48.0
84 68 34 27.0
85 1067 53 8.0
86 635 57 42.0
87 892 50 19.0
88 704 23 13.0
89 1220 24 51.0
90 1242 32 94.0
91 1138 40 88.0
92 1248 58 62.0
93 446 28 75.0
94 804 34 30.0
95 191 49 59.0
96 1311 55 5.0
97 613 47 53.0
98 706 22 38.0
99 438 60 37.0
100 21 16 28.0
