100
1 237 39 9.605
2 1044 20 88.401
3 1316 7 50.737
4 1030 31 51.72
5 814 52 38.445
6 892 29 11.652
7 813 15 64.227
8 1437 30 32.19
9 901 19 91.043
10 578 44 78.865
11 443 28 62.931
12 177 49 44.621
13 789 55 79.612
14 330 59 2.775
15 799 4 24.776
16 1393 58 41.595
17 1085 51 49.597
18 958 43 87.19
19 574 56 43.98
20 699 45 39.959
21 449 9 15.24
22 281 13 55.702
23 401 56 34.8
24 821 30 21.228
25 131 29 68.317
26 65 6 30.641
27 143 51 21.009
28 868 58 25.888
29 1040 5 59.463
30 356 43 11.519
31 615 24 60.454
32 1406 52 92.632
33 757 31 76.243
34 224 16 23.001
35 300 50 59.406
36 224 55 48.967
37 281 39 17.825
38 896 37 25.201
39 187 54 33.632
40 640 36 15.865
41 877 13 65.192
42 724 7 9.944
43 591 44 50.773
44 655 58 58.581
45 529 60 72.492
46 1315 26 31.116
47 1127 59 35.98
48 235 23 81.59
49 633 12 62.286
50 1355 28 18.454
51 493 4 88.28
52 783 50 39.18
53 423 9 44.287
54 1144 7 99.602
55 863 43 19.364
56 526 31 64.365
57 1383 1 80.63
58 854 31 83.744
59 600 30 99.434
60 1166 31 10.974
61 120 14 46.344
62 1169 34 25.708
63 1309 37 42.201
64 1435 14 44.968
65 917 43 9.465
66 288 16 93.933
67 296 46 36.181
68 1244 6 56.484
69 317 24 35.304
70 1414 15 63.117
71 1148 28 54.518
72 625 25 72.249
73 333 5 50.614
74 1376 2 48.268
75 1360 13 73.712
76 815 42 24.477
77 630 14 93.579
78 996 9 23.234
79 52 51 97.566
80 748 38 73.052
81 1365 40 36.271
82 77 9 51.016
83 1411 35 63.09
84 102 16 17.976
85 100 51 56.458
86 1373 10 75.916
87 1362 40 25.56
88 647 13 31.067
89 1101 41 34.553
90 741 11 61.123
91 751 1 25.293
92 521 17 91.647
93 701 27 10.347
94 18 31 52.625
95 1250 27 2.133
96 1223 47 66.809
97 51 22 5.048
98 276 56 22.929
99 26 32 99.75
100 785 46 68.831
