78
1 369 1 30.355
2 646 17 15.1
3 1370 43 71.0
4 1257 20 10.0
5 1237 14 20.1
6 1196 36 27.78
7 1100 5 19.32
8 614 47 86.03
9 1028 19 82.4
10 1325 43 28.1
11 508 44 50.97
12 915 3 80.017
13 145 19 99.1
14 668 46 71.358
15 12 44 21.6
16 456 13 27.4
17 1012 59 75.2
18 1097 30 16.275
19 386 13 58.2
20 376 33 70.16
21 122 52 75.303
22 55 5 13.903
23 1371 44 2.2
24 74 47 5.11
25 925 11 26.16
26 1000 38 9.45
27 397 25 63.932
28 823 24 53.783
29 867 34 27.9
30 292 23 81.8
31 200 11 96.5
32 590 19 3.213
33 726 52 35.833
34 944 10 42.9
35 519 4 32.4
36 864 13 5.3
37 524 54 48.06
38 463 47 23.83
39 9 15 74.807
40 629 18 44.154
41 256 50 10.71
42 911 52 51.11
43 704 5 18.5
44 837 54 5.5
45 70 33 26.419
46 804 24 59.9
47 1156 22 7.0
48 1126 57 81.279
49 240 31 24.77
50 1228 57 32.196
51 71 22 10.85
52 980 4 99.482
53 614 8 46.283
54 180 45 24.273
55 106 49 39.85
56 912 25 34.9
57 172 54 59.59
58 824 24 59.5
59 1142 17 65.437
60 84 30 33.1
61 929 33 63.7
62 1385 42 38.0
63 1111 21 55.1
64 1057 47 3.19
65 723 23 88.5
66 1338 43 12.9
67 861 22 46.5
68 1111 40 65.9
69 346 60 4.0
70 347 8 73.339
71 433 12 28.259
72 1260 34 72.2
73 275 16 6.96
74 693 19 43.0
75 919 31 72.234
76 252 20 98.952
77 196 2 93.1
78 806 34 96.235