100
1 198 18 38.257 
2 197 51 43.361 
3 28 16 3.544 
4 1415 34 0.404 
5 25 41 4.719 
6 185 53 18.645 
7 1417 50 0.659 
8 184 54 64.901 
9 196 58 32.061 
10 1416 51 0.632 
11 27 57 1.226 
12 1420 20 1.250 
13 1418 56 0.520 
14 185 55 40.426 
15 27 21 5.505 
16 1417 38 0.327 
17 1417 31 0.628 
18 183 54 61.291 
19 1416 56 0.609 
20 1417 36 0.688 
21 1416 44 0.248 
22 183 52 78.553 
23 1415 23 0.820 
24 183 47 10.472 
25 1415 36 0.973 
26 184 53 94.588 
27 28 20 6.695 
28 184 31 88.914 
29 27 51 0.502 
30 182 49 23.963 
31 26 31 5.682 
32 182 56 11.194 
33 26 56 4.741 
34 25 44 5.583 
35 198 21 17.326 
36 30 12 7.751 
37 1418 33 0.787 
38 197 19 15.612 
39 1417 31 0.993 
40 183 33 88.546 
41 26 13 4.118 
42 185 39 98.720 
43 25 47 3.158 
44 27 51 5.487 
45 1418 21 0.568 
46 28 24 3.824 
47 1416 23 0.489 
48 185 58 2.831 
49 195 44 52.442 
50 27 48 3.281 
51 1416 40 0.268 
52 182 33 30.191 
53 198 50 35.913 
54 1416 32 0.197 
55 1416 48 0.941 
56 26 27 4.508 
57 198 37 24.781 
58 1417 30 0.281 
59 196 50 36.426 
60 187 30 99.500 
61 184 54 63.476 
62 182 60 72.318 
63 26 40 4.900 
64 25 32 4.032 
65 196 17 54.382 
66 26 13 2.076 
67 196 56 35.562 
68 15 55 12.987 
69 197 29 23.827 
70 195 52 54.433 
71 184 38 47.595 
72 184 60 58.932 
73 195 60 52.058 
74 197 40 3.477 
75 1415 50 0.405 
76 1417 32 0.132 
77 198 50 32.134 
78 196 39 45.282 
79 183 60 34.735 
80 195 58 34.613 
81 184 59 20.294 
82 198 50 51.134 
83 25 44 2.934 
84 182 52 47.536 
85 1415 55 0.769 
86 1416 33 0.865 
87 25 18 1.427 
88 200 15 55.200 
89 197 51 35.076 
90 28 25 2.569 
91 182 48 12.672 
92 183 36 56.657 
93 1415 33 0.828 
94 25 46 4.657 
95 198 18 10.088 
96 195 45 7.705 
97 198 44 17.959 
98 195 23 53.580 
99 26 59 5.734 
100 184 54 48.261 
