87
1 727 28 74
2 440 60 92
3 516 14 11
4 550 51 31
5 633 22 62
6 1150 47 14
7 1144 39 89
8 1148 21 55
9 341 3 24
10 172 5 33
11 682 58 13
12 168 13 25
13 822 7 24
14 1416 26 68
15 1205 1 74
16 1003 34 63
17 540 34 43
18 928 35 50
19 280 17 83
20 834 55 93
21 271 38 99
22 353 4 64
23 745 57 33
24 1171 36 19
25 1251 31 88
26 894 1 33
27 556 32 80
28 665 5 26
29 244 11 77
30 473 55 94
31 1150 26 74
32 245 38 96
33 1178 47 96
34 1392 44 31
35 957 56 56
36 1106 26 74
37 757 58 64
38 276 15 36
39 1025 12 99
40 1116 5 5
41 636 27 38
42 1421 22 71
43 82 23 26
44 1256 1 45
45 887 9 14
46 48 49 40
47 1236 4 94
48 28 49 8
49 585 40 35
50 479 51 9
51 1423 22 35
52 1390 4 68
53 63 37 71
54 572 17 53
55 882 16 68
56 1341 13 99
57 10 50 17
58 1235 57 95
59 1303 55 57
60 408 11 40
61 45 57 31
62 1118 53 23
63 692 58 88
64 175 50 84
65 1074 5 86
66 1376 54 50
67 1095 56 78
68 523 43 46
69 302 10 91
70 469 11 70
71 947 3 67
72 115 14 37
73 381 37 34
74 293 40 79
75 1378 48 99
76 146 48 13
77 524 13 1
78 861 37 27
79 657 14 94
80 299 26 25
81 1313 4 82
82 955 31 21
83 348 4 33
84 476 30 43
85 6 35 54
86 1413 52 80
87 881 32 38
