90
1 61 56 80
2 1041 38 32
3 1319 9 13
4 243 1 51
5 1063 23 14
6 767 11 52
7 151 30 19
8 987 45 87
9 332 40 51
10 1334 19 84
11 325 22 85
12 851 36 81
13 591 30 64
14 130 32 17
15 796 56 22
16 13 32 72
17 1408 58 97
18 95 48 81
19 439 37 55
20 72 45 15
21 485 37 4
22 281 5 75
23 744 40 99
24 671 39 89
25 1387 53 48
26 903 7 15
27 1419 14 26
28 1236 34 58
29 415 42 30
30 932 59 54
31 256 48 6
32 1324 52 28
33 209 54 88
34 955 18 6
35 284 39 92
36 1216 58 45
37 812 4 70
38 226 12 71
39 806 29 2
40 443 48 77
41 486 15 90
42 362 28 43
43 269 8 85
44 380 46 79
45 1344 43 26
46 290 23 6
47 557 34 72
48 510 11 16
49 181 22 3
50 863 38 26
51 310 58 70
52 922 22 69
53 124 27 93
54 1412 59 58
55 417 49 36
56 242 43 56
57 720 20 57
58 289 48 12
59 936 20 24
60 1410 40 47
61 280 33 57
62 1314 15 10
63 937 2 24
64 300 56 89
65 187 13 93
66 877 8 22
67 1280 30 44
68 31 19 47
69 853 22 50
70 683 29 26
71 715 43 69
72 850 9 73
73 201 39 21
74 1297 32 46
75 901 59 65
76 795 22 77
77 808 55 25
78 706 29 91
79 146 36 99
80 1110 7 49
81 1121 52 55
82 1231 43 46
83 449 1 89
84 134 37 2
85 990 16 86
86 178 6 53
87 457 29 53
88 1422 22 82
89 614 21 20
90 510 1 57