100
1 327 56 19.53
2 95 49 71.14
3 1437 47 98.64
4 693 45 10.69
5 257 48 32.72
6 578 49 58.51
7 563 46 76.33
8 883 53 68.51
9 1204 46 93.51
10 1304 59 15.98
11 1212 52 26.62
12 57 49 77.24
13 1254 52 82.9
14 464 47 62.06
15 509 46 75.34
16 258 47 96.82
17 1304 47 36.56
18 1237 55 90.42
19 297 46 52.89
20 214 50 88.82
21 206 48 88.75
22 1177 45 14.89
23 436 52 43.48
24 149 49 3.71
25 503 57 91.94
26 632 52 7.78
27 541 59 13.83
28 1199 47 94.02
29 822 57 72.25
30 1199 49 79.28
31 372 45 14.48
32 24 56 94.8
33 1355 57 76.52
34 1036 59 54.19
35 1422 55 14.49
36 1149 48 19.56
37 102 54 93.23
38 44 58 45.11
39 689 46 47.55
40 569 51 87.89
41 288 58 90.42
42 454 54 79.14
43 1000 53 40.8
44 354 54 4.6
45 477 54 7.15
46 1077 47 83.39
47 1324 46 51.95
48 1408 49 35.35
49 956 54 37.35
50 1009 58 72.19
51 116 53 73.51
52 866 56 80.18
53 204 54 36.45
54 189 55 91.61
55 671 50 48.86
56 722 50 60.94
57 623 49 27.85
58 54 58 22.65
59 990 56 28.61
60 867 51 12.4
61 1388 50 86.55
62 1166 49 76.4
63 679 47 4.53
64 1338 57 54.62
65 1378 47 35.0
66 753 50 77.85
67 1295 49 65.16
68 109 50 30.43
69 304 49 78.95
70 317 58 91.97
71 213 47 51.65
72 946 59 89.91
73 1072 59 58.07
74 1092 47 21.13
75 1265 46 87.85
76 1 52 2.79
77 60 53 70.11
78 1077 47 45.81
79 731 46 30.79
80 1065 48 11.39
81 1088 51 55.97
82 681 45 6.91
83 135 45 25.33
84 291 48 6.96
85 842 57 61.24
86 1352 58 74.2
87 88 51 73.61
88 84 54 35.36
89 224 49 15.02
90 269 53 49.22
91 93 48 21.42
92 375 53 48.82
93 253 56 73.48
94 135 47 61.87
95 840 56 25.44
96 1321 51 61.47
97 350 53 23.64
98 314 48 52.99
99 790 48 59.76
100 680 56 10.82
