100
1 483 45 69.902
2 611 5 11.239
3 456 16 64.601
4 1188 15 75.488
5 217 11 30.186
6 539 16 98.184
7 429 50 31.030
8 1173 4 70.272
9 393 33 71.876
10 761 43 99.953
11 156 16 88.268
12 355 31 63.241
13 1135 2 78.500
14 1440 5 98.459
15 654 26 62.827
16 839 53 95.166
17 1333 48 74.070
18 1403 49 44.002
19 1324 39 38.638
20 1039 7 47.349
21 684 30 72.553
22 1148 11 21.304
23 1159 21 65.879
24 396 36 19.060
25 603 35 81.083
26 865 12 96.958
27 851 47 56.769
28 124 16 77.401
29 535 4 58.322
30 330 22 81.653
31 1419 38 73.628
32 1129 49 11.347
33 470 35 64.746
34 1061 55 51.151
35 1109 8 49.382
36 1015 8 88.146
37 675 19 38.533
38 796 7 67.250
39 817 60 76.632
40 884 60 50.624
41 723 11 32.254
42 663 19 79.994
43 478 19 62.302
44 649 56 17.929
45 156 52 4.685
46 907 40 31.503
47 821 41 4.197
48 804 43 4.723
49 1198 52 15.713
50 785 19 70.901
51 174 10 45.398
52 856 39 34.254
53 1140 6 8.266
54 355 50 94.048
55 614 37 21.996
56 903 25 56.061
57 1371 38 76.570
58 410 2 94.279
59 772 13 32.557
60 1343 59 90.701
61 951 51 69.519
62 610 25 95.403
63 581 38 79.173
64 606 39 16.690
65 230 52 34.319
66 192 14 82.858
67 27 12 29.239
68 1062 56 55.106
69 234 18 64.398
70 1209 18 65.730
71 1038 35 24.126
72 644 36 33.329
73 31 31 52.231
74 19 10 72.622
75 1027 31 40.213
76 740 34 55.177
77 1338 28 38.564
78 667 13 64.577
79 1439 37 3.405
80 543 4 59.974
81 85 15 22.996
82 93 19 97.321
83 384 44 2.200
84 543 2 37.941
85 634 32 84.231
86 965 59 8.582
87 927 45 37.593
88 713 39 81.408
89 915 49 55.994
90 1041 49 55.690
91 1304 51 96.958
92 343 19 64.670
93 407 57 12.296
94 1112 14 54.187
95 836 19 56.974
96 63 26 48.795
97 908 7 96.243
98 588 18 91.994
99 732 18 14.602
100 265 23 35.114