100
1 254 19 76.23
2 223 30 3.814
3 398 5 18.504
4 441 24 54.328
5 593 36 64.342
6 716 58 26.655
7 660 47 81.757
8 169 4 76.323
9 496 58 33.922
10 358 56 99.833
11 1135 27 19.122
12 713 5 55.838
13 1155 1 2.379
14 778 55 69.556
15 882 15 87.57
16 424 60 51.375
17 462 10 78.65
18 532 35 60.545
19 1238 36 3.75
20 295 30 92.725
21 869 34 82.641
22 1283 7 39.932
23 936 49 48.353
24 45 59 61.997
25 233 22 34.441
26 874 15 59.753
27 533 27 11.159
28 1430 60 8.366
29 992 45 52.947
30 117 3 17.993
31 300 29 33.011
32 185 9 79.03
33 1326 6 31.157
34 1152 33 61.27
35 456 58 5.095
36 527 20 65.273
37 1300 45 32.033
38 1244 38 11.819
39 505 34 37.321
40 302 16 49.056
41 1102 52 9.526
42 227 1 20.574
43 255 40 34.831
44 606 58 23.936
45 687 40 0.054
46 649 34 30.684
47 688 44 63.024
48 1402 19 30.254
49 171 5 77.999
50 1129 52 10.485
51 573 17 47.511
52 952 6 17.045
53 645 17 26.902
54 317 36 42.165
55 1362 59 43.258
56 1418 42 32.941
57 659 30 42.32
58 912 38 44.989
59 125 33 9.534
60 1291 31 88.666
61 366 34 19.227
62 1246 30 14.65
63 511 54 77.461
64 49 30 47.951
65 761 36 83.358
66 947 49 39.791
67 1281 21 65.913
68 761 35 7.575
69 602 51 94.272
70 1425 17 54.91
71 388 60 35.649
72 709 34 60.227
73 1251 26 47.813
74 767 17 12.276
75 170 54 67.756
76 427 29 71.934
77 323 49 53.82
78 628 9 43.549
79 1331 29 83.326
80 1229 31 36.914
81 708 44 9.929
82 1151 24 13.419
83 468 38 10.049
84 437 24 7.941
85 1201 19 32.443
86 295 18 40.26
87 90 36 23.13
88 1189 8 23.93
89 323 55 15.429
90 1424 17 63.57
91 582 57 0.477
92 1020 23 31.473
93 1047 25 64.725
94 914 54 88.951
95 363 36 63.91
96 525 28 51.415
97 986 42 53.519
98 1236 23 7.729
99 107 59 85.548
100 509 12 2.539
