100
1 1152 32 10.256
2 42 54 80.938
3 782 7 12.250
4 340 11 79.782
5 1166 39 78.432
6 1186 13 76.844
7 203 19 58.474
8 660 15 87.561
9 874 26 54.213
10 383 10 16.077
11 105 40 39.029
12 1017 20 23.125
13 720 23 13.850
14 363 21 44.030
15 669 3 90.126
16 773 45 10.584
17 1266 47 14.307
18 1160 19 69.206
19 928 13 90.165
20 529 6 44.548
21 1278 36 23.260
22 443 10 25.025
23 410 26 64.770
24 586 1 95.199
25 1133 15 21.874
26 163 58 71.625
27 1041 24 10.143
28 932 48 82.113
29 105 5 81.283
30 1289 18 28.618
31 363 35 15.305
32 825 25 16.889
33 41 14 62.718
34 881 40 7.466
35 1248 6 23.045
36 1108 48 13.389
37 973 11 36.133
38 148 6 81.367
39 668 7 84.815
40 351 54 88.348
41 451 56 50.074
42 493 59 67.788
43 323 41 47.015
44 791 6 60.865
45 298 34 36.006
46 850 21 31.987
47 998 10 67.132
48 982 44 6.694
49 559 21 20.391
50 28 44 37.777
51 1081 34 10.549
52 1233 34 57.520
53 515 36 19.107
54 820 45 10.223
55 1220 8 19.525
56 1247 47 36.868
57 945 20 82.081
58 634 17 95.722
59 954 43 61.843
60 1224 54 7.016
61 388 57 28.583
62 513 51 56.160
63 1165 11 39.556
64 826 33 77.621
65 1040 16 55.474
66 513 9 32.078
67 503 1 33.331
68 538 34 38.204
69 874 34 19.462
70 843 45 66.224
71 1154 59 47.107
72 436 8 92.269
73 838 25 80.666
74 557 1 11.234
75 864 24 73.603
76 487 50 36.098
77 1154 1 26.310
78 193 19 16.289
79 441 34 42.779
80 400 8 65.834
81 1139 11 37.170
82 1292 56 46.378
83 491 42 64.884
84 7 54 46.664
85 465 55 27.252
86 1109 19 76.889
87 1115 7 9.090
88 940 22 12.338
89 839 53 10.357
90 471 50 23.049
91 250 21 42.988
92 831 30 81.191
93 768 15 45.888
94 1002 51 83.533
95 848 42 14.937
96 1312 55 4.898
97 970 58 47.849
98 314 28 11.122
99 968 9 56.693
100 1328 23 73.439
