99
1 981 37 99
2 401 37 74
3 52 13 53
4 308 19 58
5 589 22 88
6 942 55 87
7 1024 17 15
8 1183 43 65
9 146 18 71
10 1256 26 56
11 650 37 60
12 6 3 82
13 1135 7 62
14 1190 52 89
15 1274 50 22
16 886 35 17
17 791 37 59
18 498 27 72
19 1301 59 26
20 1183 34 2
21 471 22 5
22 536 36 66
23 1166 25 28
24 1154 58 72
25 962 53 63
26 699 39 50
27 91 29 2
28 1435 51 27
29 533 45 6
30 174 56 23
31 1419 55 76
32 1402 24 20
33 1332 16 59
34 1047 11 12
35 1044 6 88
36 579 13 4
37 350 31 41
38 122 30 49
39 529 41 43
40 412 54 75
41 725 49 41
42 370 35 82
43 1151 1 41
44 472 11 34
45 1334 35 50
46 989 12 89
47 951 30 6
48 4 15 79
49 1147 33 25
50 632 23 27
51 1198 29 64
52 1313 15 64
53 767 34 32
54 1248 46 89
55 1341 25 33
56 386 14 60
57 795 56 52
58 1135 30 54
59 79 31 24
60 1071 35 63
61 952 10 27
62 34 44 44
63 242 58 84
64 135 45 79
65 864 48 90
66 307 1 35
67 1345 42 70
68 349 17 30
69 78 40 84
70 980 15 90
71 598 34 54
72 583 58 6
73 418 55 60
74 1008 32 9
75 955 24 46
76 916 7 73
77 590 6 21
78 674 41 77
79 248 47 27
80 1174 16 26
81 54 14 92
82 1144 18 7
83 889 13 79
84 3 52 87
85 307 13 43
86 1030 39 15
87 837 45 63
88 325 47 31
89 1333 2 75
90 944 35 14
91 120 38 70
92 420 56 2
93 1139 26 31
94 615 26 37
95 1369 47 9
96 40 24 30
97 1327 8 35
98 1013 15 29
99 795 41 45
