100
1 707 59 76
2 656 21 12
3 497 21 34
4 1189 8 28
5 31 25 65
6 624 37 64
7 246 34 45
8 1177 16 1
9 374 53 59
10 645 12 60
11 1158 12 86
12 357 21 1
13 907 35 2
14 942 48 70
15 1177 8 46
16 1188 3 31
17 1088 49 2
18 679 26 48
19 137 47 44
20 1035 3 11
21 689 45 4
22 378 34 41
23 1141 35 65
24 293 11 43
25 814 15 22
26 455 59 23
27 596 7 65
28 1198 3 79
29 1154 1 59
30 90 60 63
31 132 36 90
32 1028 8 75
33 147 34 34
34 1187 34 22
35 274 9 78
36 483 2 47
37 688 7 88
38 215 47 28
39 699 42 56
40 768 6 69
41 1075 25 8
42 708 59 26
43 543 31 88
44 470 40 75
45 288 36 16
46 500 7 35
47 1425 18 38
48 720 4 33
49 262 34 15
50 876 34 27
51 407 1 65
52 666 58 50
53 31 39 33
54 799 45 63
55 1099 9 43
56 666 34 30
57 504 12 19
58 464 17 46
59 98 25 5
60 415 54 99
61 464 32 73
62 178 11 3
63 226 17 72
64 1373 6 3
65 947 20 4
66 215 5 29
67 351 25 48
68 1349 1 56
69 424 25 8
70 82 43 26
71 1105 60 87
72 1412 25 17
73 76 47 8
74 696 6 53
75 768 1 93
76 762 55 19
77 753 37 2
78 955 29 97
79 1009 9 61
80 1275 60 20
81 495 39 96
82 1070 9 19
83 472 37 72
84 160 22 3
85 1267 55 19
86 423 42 88
87 310 57 54
88 676 5 38
89 833 56 66
90 582 11 96
91 556 58 70
92 863 42 11
93 1100 40 46
94 1164 16 37
95 385 17 62
96 316 28 57
97 610 45 81
98 1165 34 15
99 619 42 88
100 1251 18 84