100
1 1360 7 79.139
2 213 3 61.343
3 96 42 24.640
4 559 36 54.411
5 1371 54 63.473
6 392 25 97.853
7 126 22 9.905
8 584 33 48.073
9 1405 23 50.634
10 540 44 79.819
11 1223 53 2.610
12 701 5 49.657
13 911 8 39.755
14 268 26 10.065
15 1204 54 8.039
16 1212 31 61.930
17 1360 5 65.564
18 1310 29 25.765
19 1073 15 56.038
20 36 36 3.918
21 187 5 99.414
22 990 13 85.619
23 161 55 38.793
24 1181 18 87.892
25 731 36 73.110
26 1273 20 94.991
27 1124 49 53.159
28 894 48 73.382
29 1202 53 69.181
30 119 27 91.466
31 291 6 61.095
32 1092 10 2.472
33 532 56 24.384
34 1108 22 75.317
35 973 18 94.230
36 745 55 82.622
37 733 24 94.878
38 35 47 49.775
39 742 25 53.326
40 290 34 94.814
41 1314 34 49.070
42 1169 21 15.931
43 1069 23 37.377
44 589 41 70.331
45 473 25 85.065
46 353 58 27.250
47 18 34 57.082
48 304 2 89.438
49 528 40 54.650
50 1356 41 71.065
51 337 38 53.960
52 458 41 28.617
53 1190 9 29.258
54 92 25 94.014
55 975 16 23.387
56 61 30 60.027
57 738 34 75.762
58 1263 28 76.436
59 975 12 37.095
60 371 6 45.061
61 965 13 31.296
62 177 43 39.476
63 579 58 63.908
64 898 17 37.764
65 190 55 37.201
66 1301 35 13.050
67 49 11 97.935
68 1406 21 18.164
69 212 1 94.513
70 344 41 10.412
71 358 9 76.300
72 1193 53 35.406
73 202 9 91.344
74 428 9 62.224
75 1227 41 53.330
76 348 2 52.762
77 249 51 13.237
78 844 2 73.899
79 767 44 33.638
80 434 13 86.175
81 643 49 52.474
82 1189 30 2.550
83 164 54 26.198
84 234 39 55.112
85 30 11 29.318
86 133 54 8.996
87 773 55 6.927
88 468 52 7.298
89 920 47 17.711
90 609 18 21.007
91 616 39 30.122
92 36 13 73.554
93 285 42 63.325
94 219 16 26.839
95 493 36 83.684
96 1355 43 67.362
97 522 58 49.871
98 470 52 24.501
99 673 42 98.233
100 133 55 46.931
