80 
1 1116 47 48.167
2 392 22 4.588
3 803 59 31.274
4 1330 41 65.228
5 904 33 72.137
6 857 29 18.033
7 152 20 92.364
8 594 25 90.038
9 1172 25 59.374
10 208 33 10.085
11 1261 10 28.797
12 1229 33 23.44
13 1147 29 40.404
14 309 4 77.065
15 364 21 33.058
16 909 54 82.531
17 369 29 1.966
18 1346 27 48.564
19 154 2 65.363
20 182 6 54.424
21 777 7 49.155
22 808 49 28.785
23 1066 25 29.041
24 1009 11 93.686
25 682 42 66.506
26 300 38 74.727
27 1233 54 81.553
28 248 35 74.02
29 1016 16 51.82
30 1231 36 88.15
31 982 27 20.346
32 985 47 48.745
33 1388 26 72.656
34 834 1 88.209
35 1072 16 52.668
36 405 59 46.699
37 895 7 72.938
38 507 28 96.789
39 415 6 17.138
40 42 56 64.079
41 124 13 41.235
42 1373 23 22.341
43 1104 47 50.647
44 832 55 99.619
45 614 16 42.517
46 1162 32 33.222
47 817 47 33.629
48 191 18 27.538
49 47 34 30.002
50 1257 1 90.362
51 602 15 69.532
52 673 31 28.025
53 407 12 18.019
54 694 36 86.301
55 34 40 20.047
56 1136 13 1.005
57 71 30 88.867
58 729 1 48.263
59 1314 51 32.76
60 830 12 22.158
61 630 25 73.742
62 7 58 1.717
63 878 56 44.451
64 1088 4 8.655
65 69 40 39.478
66 103 41 61.396
67 703 17 18.788
68 1108 49 92.529
69 1046 19 5.492
70 619 51 70.978
71 992 6 5.939
72 1061 19 64.507
73 1366 10 94.553
74 599 49 29.159
75 1000 28 84.612
76 315 4 78.954
77 1245 32 66.409
78 690 9 18.402
79 1363 57 74.106
80 1295 53 64.253
