89
1 248 27 38.629
2 1094 55 99.2
3 529 56 23.1
4 537 36 13.54
5 178 60 97.8
6 798 17 57.317
7 421 2 94.2
8 920 15 27.8
9 1161 15 37.7
10 58 29 10.8
11 1205 55 84.0
12 1219 34 64.92
13 1406 14 56.158
14 48 49 62.2
15 413 30 70.64
16 895 60 4.8
17 1229 56 88.8
18 349 49 61.08
19 409 39 79.1
20 354 12 97.23
21 80 31 35.412
22 262 41 43.4
23 686 23 2.92
24 1135 48 72.5
25 58 14 50.44
26 556 19 30.1
27 48 55 69.262
28 166 18 59.5
29 1303 59 71.63
30 1381 30 24.407
31 1164 44 91.44
32 669 28 39.4
33 1236 54 94.83
34 43 39 30.267
35 1112 22 43.175
36 106 15 41.01
37 371 30 90.484
38 683 12 30.119
39 131 34 53.4
40 393 35 1.0
41 1313 5 81.5
42 946 3 69.925
43 705 9 43.04
44 702 7 31.6
45 1089 7 40.32
46 1044 41 71.7
47 20 55 54.14
48 1345 29 42.38
49 288 22 21.5
50 957 20 27.9
51 457 5 27.3
52 648 10 46.392
53 476 41 68.7
54 785 41 60.747
55 1324 39 20.7
56 1359 55 99.79
57 260 25 80.471
58 1364 38 54.635
59 844 45 10.232
60 984 32 83.142
61 1143 58 31.67
62 839 6 91.99
63 372 8 60.5
64 1394 13 55.621
65 326 55 19.856
66 867 22 53.83
67 78 42 86.13
68 1295 59 71.97
69 256 18 28.502
70 55 54 54.55
71 674 42 25.1
72 756 11 68.5
73 647 47 20.72
74 90 55 90.5
75 114 20 66.78
76 683 44 18.16
77 1242 16 28.53
78 1019 9 50.27
79 3 39 5.89
80 506 33 62.482
81 165 57 65.598
82 270 16 18.1
83 1116 4 74.21
84 334 14 14.832
85 1071 54 15.284
86 1264 29 21.24
87 562 3 84.0
88 1172 34 17.04
89 254 44 9.1
