88
1 831 7 73.058
2 1116 31 41.945
3 157 15 46.821
4 401 47 76.939
5 1094 19 40.35
6 142 6 16.396
7 1164 25 73.428
8 625 49 76.974
9 175 59 29.806
10 1358 37 35.626
11 555 40 30.195
12 961 28 8.399
13 1027 58 82.068
14 1111 28 42.254
15 156 17 52.589
16 679 10 33.611
17 1070 3 1.103
18 1113 24 83.018
19 823 21 56.542
20 688 22 42.39
21 1108 6 2.606
22 1421 59 71.498
23 838 21 57.473
24 192 28 89.382
25 1359 14 88.519
26 1339 11 67.516
27 1360 43 83.108
28 296 38 52.314
29 995 7 36.574
30 1353 44 45.198
31 11 21 74.109
32 1398 5 52.617
33 28 37 45.465
34 137 42 33.684
35 1378 1 79.971
36 583 16 72.96
37 1098 27 5.979
38 1363 16 22.013
39 593 30 45.703
40 501 50 65.103
41 1053 11 43.529
42 370 39 12.695
43 862 60 91.189
44 1233 27 74.804
45 716 20 39.15
46 1194 44 45.074
47 1219 4 99.496
48 914 18 19.439
49 946 27 5.049
50 903 42 31.59
51 1259 10 23.883
52 342 45 66.914
53 427 17 15.544
54 1044 23 31.535
55 297 2 32.534
56 202 25 10.312
57 1158 5 84.48
58 184 10 93.856
59 164 3 75.583
60 877 46 82.599
61 479 50 18.694
62 644 20 49.758
63 571 28 96.684
64 811 33 97.047
65 489 39 56.622
66 965 10 80.202
67 1165 26 88.768
68 190 14 22.372
69 149 50 18.512
70 877 43 14.442
71 943 28 74.068
72 785 59 73.291
73 923 4 77.668
74 1103 21 83.075
75 414 47 91.514
76 1373 11 87.761
77 1085 57 65.097
78 157 41 30.085
79 856 41 13.194
80 775 7 14.995
81 211 25 24.121
82 584 45 66.767
83 1361 37 84.492
84 1233 38 8.676
85 1192 2 74.687
86 706 57 53.793
87 1082 12 42.169
88 220 27 63.541
