100
1 1352 50 17.089
2 27 38 78.333
3 988 56 7.323
4 1051 49 11.914
5 439 50 19.909
6 1256 28 0.189
7 408 34 83.987
8 767 59 8.092
9 732 21 42.967
10 864 58 78.475
11 1288 33 43.945
12 1395 4 9.038
13 1001 20 75.514
14 713 34 36.3
15 1395 46 63.134
16 621 34 61.235
17 998 37 80.371
18 606 24 88.6
19 649 2 18.421
20 700 13 79.806
21 688 18 27.776
22 1431 24 42.987
23 1119 26 22.96
24 730 59 49.531
25 54 16 63.205
26 891 32 57.409
27 1358 6 71.189
28 743 45 47.957
29 1398 23 16.162
30 1296 27 80.96
31 790 46 33.661
32 758 27 44.931
33 130 58 70.207
34 972 20 47.159
35 1377 37 95.928
36 482 30 63.871
37 1058 52 47.261
38 296 7 72.996
39 1105 34 17.413
40 913 5 87.297
41 103 58 22.847
42 885 44 47.848
43 911 38 15.183
44 1021 47 1.084
45 396 8 41.183
46 572 49 82.789
47 785 49 0.84
48 356 51 69.445
49 978 10 72.951
50 36 41 73.322
51 874 30 7.45
52 500 11 29.522
53 1024 50 89.729
54 970 9 9.762
55 166 24 60.779
56 180 5 25.208
57 338 21 73.692
58 278 25 74.036
59 801 14 5.437
60 270 20 53.992
61 1126 18 21.672
62 325 20 67.293
63 271 24 84.827
64 1231 4 20.943
65 153 9 49.198
66 67 18 43.371
67 1313 13 21.045
68 681 36 72.547
69 822 40 71.105
70 722 38 40.805
71 468 20 98.068
72 1351 19 62.706
73 161 18 59.411
74 434 48 54.055
75 897 34 14.455
76 446 33 6.513
77 704 11 35.312
78 1208 51 5.093
79 1215 49 84.89
80 566 57 97.392
81 1106 29 63.555
82 537 25 80.427
83 108 24 37.724
84 1324 30 82.035
85 188 44 58.014
86 515 31 92.354
87 931 5 3.411
88 514 16 63.6
89 665 29 23.531
90 444 20 26.644
91 707 50 46.56
92 1250 47 48.593
93 634 10 72.844
94 1095 34 49.573
95 912 29 26.024
96 900 38 92.311
97 576 32 66.596
98 340 11 9.202
99 94 22 17.437
100 926 22 21.837