100
1 332 9 16
2 126 28 6
3 43 39 19
4 826 1 78
5 711 40 74
6 1417 22 69
7 86 53 68
8 577 7 51
9 991 34 45
10 1324 47 76
11 552 15 76
12 572 52 11
13 731 35 19
14 1345 22 11
15 476 10 17
16 13 43 5
17 473 24 77
18 249 29 20
19 349 10 87
20 353 22 61
21 916 37 95
22 947 58 69
23 200 17 70
24 1044 52 92
25 432 5 67
26 1319 45 43
27 1188 21 6
28 1075 40 33
29 558 3 95
30 80 30 35
31 27 54 47
32 362 56 15
33 402 53 3
34 351 6 31
35 1369 41 80
36 950 8 22
37 266 22 5
38 39 21 85
39 103 6 18
40 1298 23 38
41 314 48 86
42 1055 56 62
43 350 15 21
44 518 48 51
45 1059 37 72
46 1431 56 59
47 747 19 18
48 633 55 22
49 1338 44 87
50 210 13 85
51 1090 21 88
52 1101 23 10
53 19 60 90
54 162 15 32
55 665 1 16
56 116 26 89
57 1196 17 47
58 1417 15 91
59 64 55 38
60 1222 50 86
61 129 15 48
62 290 38 8
63 1132 25 90
64 837 45 62
65 1079 55 55
66 1117 38 4
67 486 3 7
68 936 43 46
69 468 60 93
70 303 58 43
71 748 46 95
72 612 28 29
73 841 55 53
74 1271 40 80
75 230 9 58
76 569 26 49
77 878 41 9
78 1240 55 94
79 216 19 50
80 603 11 11
81 1010 32 53
82 8 39 99
83 286 10 47
84 741 5 20
85 433 32 64
86 483 26 24
87 1325 60 40
88 205 5 97
89 100 19 98
90 1096 34 8
91 65 51 40
92 256 33 92
93 937 13 19
94 1418 5 29
95 58 19 26
96 815 48 24
97 1 11 88
98 760 52 38
99 1264 14 7
100 10 53 10
