92
1	513	51	36.48
2	1163	58	6.88
3	609	44	77.19
4	1141	20	94.85
5	1062	3	24.12
6	950	3	17.44
7	1196	7	70.55
8	208	1	98.65
9	718	45	89.33
10	276	1	70.30
11	1141	16	44.23
12	1063	11	74.46
13	1440	34	26.63
14	1122	20	41.61
15	615	29	36.56
16	857	32	15.78
17	1358	47	67.51
18	134	24	27.26
19	1435	42	96.25
20	642	10	26.62
21	1225	4	99.00
22	1390	4	47.14
23	1161	26	97.85
24	660	43	93.77
25	42	11	55.90
26	1179	24	39.79
27	1131	47	81.70
28	961	35	35.95
29	234	1	92.97
30	593	2	21.66
31	1359	46	14.82
32	709	5	92.85
33	97	37	7.23
34	526	3	91.53
35	963	34	74.41
36	1359	22	45.71
37	976	15	80.36
38	78	36	8.91
39	308	5	35.25
40	589	21	70.93
41	598	9	94.92
42	299	49	50.38
43	974	53	73.61
44	588	50	66.49
45	1293	53	52.54
46	541	57	31.42
47	937	51	27.71
48	228	49	20.83
49	1065	39	9.83
50	1435	50	32.03
51	218	25	10.31
52	928	5	78.68
53	155	28	94.51
54	67	26	22.93
55	1353	49	24.78
56	352	38	8.88
57	280	7	57.15
58	465	1	65.20
59	173	7	56.90
60	1109	44	88.80
61	502	5	20.86
62	729	15	50.12
63	244	56	82.66
64	868	5	71.49
65	984	30	27.34
66	602	34	63.37
67	1378	20	91.66
68	1337	30	62.02
69	642	49	0.94
70	714	50	3.22
71	674	36	75.72
72	17	39	93.60
73	56	26	75.69
74	297	23	52.93
75	281	31	29.55
76	809	55	1.42
77	279	23	26.20
78	1380	48	8.30
79	1346	51	12.51
80	378	10	26.94
81	399	37	58.44
82	498	48	82.36
83	360	40	34.46
84	573	25	70.09
85	1026	18	97.76
86	1405	24	82.69
87	346	29	37.86
88	437	22	30.06
89	884	33	68.19
90	977	38	42.62
91	876	20	14.25
92	1109	36	11.88
