100
1 1433 53 18.563
2 1251 47 39.918
3 1207 28 78.034
4 1027 33 84.406
5 310 54 9.614
6 546 43 68.519
7 1219 34 68.646
8 75 60 24.99
9 210 48 64.081
10 601 46 22.283
11 80 6 25.947
12 814 33 32.412
13 856 8 36.874
14 1373 51 52.944
15 725 38 50.729
16 622 4 50.009
17 1426 18 98.018
18 884 14 35.549
19 874 18 10.934
20 153 35 79.954
21 1349 44 64.094
22 316 6 30.421
23 35 28 40.455
24 120 1 37.079
25 1333 12 46.439
26 743 12 95.834
27 1211 21 77.195
28 1386 25 10.424
29 1306 28 89.991
30 811 39 63.173
31 1315 1 21.939
32 378 32 2.778
33 588 39 80.435
34 838 4 9.282
35 840 20 50.162
36 316 13 41.364
37 1324 46 63.355
38 716 1 16.531
39 1016 59 51.233
40 1201 19 46.835
41 460 60 47.903
42 373 26 59.956
43 1208 10 59.482
44 542 36 72.386
45 421 56 62.636
46 431 57 73.018
47 515 8 63.898
48 15 12 15.248
49 1279 2 90.947
50 1302 1 70.932
51 92 1 16.073
52 1052 1 42.201
53 1119 1 25.052
54 73 1 17.178
55 7 1 48.448
56 1322 1 83.294
57 867 1 83.079
58 225 1 70.724
59 72 1 64.176
60 1275 1 86.284
61 1076 1 50.369
62 1208 1 75.194
63 60 1 80.028
64 647 1 80.3
65 582 1 63.265
66 544 1 48.236
67 644 1 75.873
68 914 1 35.516
69 1217 1 81.356
70 1440 1 77.627
71 776 1 99.663
72 845 1 7.447
73 893 1 64.472
74 258 1 32.331
75 607 1 45.337
76 1434 1 18.813
77 394 1 82.466
78 1061 1 28.111
79 423 1 26.34
80 391 1 43.29
81 724 1 25.73
82 1286 1 22.552
83 1343 1 32.367
84 1013 1 78.77
85 1064 1 49.802
86 821 1 61.877
87 1401 1 69.671
88 1206 1 70.969
89 535 1 53.539
90 52 1 32.526
91 662 1 82.856
92 914 1 67.857
93 1011 1 95.32
94 600 1 90.591
95 1283 1 35.175
96 236 1 39.281
97 860 1 35.841
98 556 1 10.561
99 197 1 11.317
100 488 1 92.824
