99
1 768 44 53
2 607 59 92
3 835 25 79
4 721 51 35
5 167 19 87
6 1042 50 68
7 260 45 58
8 1197 56 97
9 1151 12 25
10 82 54 21
11 1173 24 99
12 279 49 99
13 304 44 70
14 44 23 70
15 462 7 47
16 566 2 97
17 561 26 97
18 1239 33 14
19 1037 14 57
20 985 24 17
21 28 47 63
22 16 12 47
23 1262 46 30
24 955 52 15
25 437 1 95
26 302 51 78
27 1065 19 75
28 901 3 70
29 759 3 91
30 221 14 93
31 847 31 44
32 204 54 8
33 41 25 67
34 952 51 92
35 1026 17 9
36 896 25 44
37 666 52 42
38 406 32 42
39 529 10 38
40 962 17 44
41 1092 23 25
42 413 38 22
43 1332 53 11
44 1254 47 41
45 210 29 52
46 1060 48 23
47 955 57 5
48 1292 7 61
49 1316 54 89
50 745 30 21
51 1147 41 61
52 1331 12 2
53 130 18 71
54 26 54 32
55 797 54 48
56 1404 26 96
57 716 7 41
58 597 57 79
59 1169 40 43
60 820 42 30
61 620 40 34
62 797 52 84
63 746 37 74
64 1161 26 59
65 1355 44 83
66 710 49 50
67 535 58 99
68 262 28 99
69 193 17 79
70 996 35 51
71 53 58 41
72 78 47 4
73 1143 1 63
74 496 16 44
75 409 44 87
76 810 46 14
77 527 50 45
78 7 54 55
79 400 9 92
80 38 2 63
81 90 8 51
82 293 3 73
83 451 24 26
84 904 16 63
85 587 14 92
86 437 28 58
87 1010 7 33
88 1265 59 71
89 741 36 57
90 558 50 2
91 720 50 71
92 49 26 10
93 899 29 76
94 194 36 28
95 739 57 67
96 762 56 20
97 69 53 60
98 320 46 17
99 49 3 1
