100
1 461 16 78.373
2 1079 60 65.454
3 697 8 88.59
4 915 38 3.95
5 1017 19 55.877
6 154 49 42.061
7 506 51 82.069
8 754 20 29.534
9 16 21 14.972
10 113 18 91.377
11 101 4 70.578
12 337 48 82.382
13 1076 59 33.245
14 132 44 32.142
15 341 7 3.177
16 257 30 50.091
17 88 21 88.175
18 456 6 19.571
19 115 10 75.256
20 1127 22 8.49
21 368 23 35.723
22 434 47 72.242
23 1162 21 52.324
24 590 15 38.721
25 144 41 18.975
26 831 33 17.704
27 134 27 84.342
28 146 39 32.993
29 1095 18 49.116
30 534 31 63.609
31 1046 34 55.638
32 947 9 17.483
33 850 8 53.402
34 1257 15 17.431
35 699 48 59.729
36 464 17 42.264
37 549 60 84.531
38 349 49 55.089
39 167 36 15.426
40 1184 41 6.649
41 544 33 36.496
42 1163 54 85.418
43 454 17 13.132
44 838 60 82.317
45 1307 45 6.024
46 155 6 46.751
47 53 19 41.349
48 1175 59 43.922
49 562 32 61.376
50 160 13 39.195
51 1204 22 50.13
52 1185 13 12.871
53 523 30 15.863
54 617 57 32.614
55 399 37 14.436
56 1135 54 52.045
57 1089 29 15.841
58 1282 6 62.418
59 1392 8 70.912
60 474 59 48.621
61 763 49 19.611
62 1024 41 3.057
63 859 33 12.887
64 1148 5 95.398
65 845 36 37.603
66 1331 6 84.37
67 1193 14 69.095
68 399 52 31.68
69 486 49 66.167
70 902 2 41.73
71 1419 9 20.964
72 609 26 77.044
73 1065 38 10.421
74 52 5 50.051
75 332 50 31.835
76 1214 32 36.386
77 874 40 67.542
78 556 27 98.194
79 946 13 9.395
80 204 42 86.918
81 1033 24 33.592
82 655 24 46.692
83 1277 37 46.523
84 27 14 68.951
85 794 18 80.407
86 1224 19 63.75
87 1266 18 35.09
88 1172 38 39.141
89 1111 56 20.987
90 954 15 31.985
91 597 13 89.301
92 1146 27 34.767
93 790 57 90.975
94 236 2 68.049
95 970 51 15.294
96 941 46 25.166
97 27 15 13.926
98 640 33 46.971
99 1191 49 68.957
100 314 10 35.573