100
1 492 17 30.125
2 1036 12 87.222
3 346 14 59.434
4 1155 17 46.752
5 1090 27 39.253
6 36 11 53.590
7 353 24 66.701
8 1322 16 57.714
9 580 37 14.9
10 490 55 67.288
11 411 58 38.8
12 96 38 79.902
13 3 2 17.420
14 1184 52 90.731
15 1142 50 17.585
16 502 15 58.200
17 589 53 36.740
18 115 11 19.797
19 1416 9 88.953
20 776 14 73.949
21 302 50 21.409
22 972 55 8.320
23 74 60 47.477
24 1077 11 21.68
25 939 56 26.561
26 749 6 97.458
27 1422 21 39.372
28 1211 8 33.409
29 1158 39 47.348
30 287 18 77.267
31 784 54 78.42
32 511 28 20.817
33 698 51 21.906
34 222 45 60.753
35 780 25 43.852
36 1391 28 99.118
37 203 45 33.843
38 1158 37 33.129
39 1229 54 63.578
40 822 10 81.673
41 813 21 39.272
42 866 14 2.604
43 90 36 11.108
44 1159 51 73.961
45 998 58 26.184
46 976 34 25.508
47 682 42 69.436
48 926 1 20.931
49 187 4 41.261
50 299 19 95.397
51 5 48 48.835
52 999 53 45.296
53 1267 41 42.464
54 489 48 79.110
55 1400 59 33.727
56 901 46 44.810
57 265 20 21.949
58 212 35 43.60
59 955 38 94.704
60 703 14 32.954
61 18 29 9.763
62 509 20 75.575
63 495 54 22.867
64 1327 22 75.254
65 1044 55 64.755
66 617 4 27.751
67 726 54 80.489
68 469 57 7.571
69 469 47 67.233
70 76 46 74.524
71 619 17 73.996
72 1048 16 67.10
73 948 40 64.849
74 596 46 98.555
75 1159 25 6.40
76 1228 42 55.360
77 468 4 66.557
78 1208 21 9.914
79 1130 50 2.422
80 25 15 42.595
81 683 46 4.161
82 1083 25 25.953
83 598 26 32.347
84 642 30 62.727
85 1385 24 84.290
86 1261 54 81.868
87 725 24 30.498
88 1052 47 55.333
89 172 31 4.516
90 1005 20 87.168
91 691 37 69.573
92 186 13 65.774
93 435 60 88.241
94 238 38 17.144
95 144 22 42.784
96 747 28 84.59
97 341 55 76.519
98 985 57 12.227
99 216 28 15.845
100 106 57 44.779
