100
1 209 59 66.65
2 184 41 73.17
3 706 10 11.0
4 1350 50 6.94
5 688 45 64.77
6 648 34 91.17
7 1070 38 99.4
8 712 4 54.04
9 1035 23 50.46
10 124 19 59.13
11 447 23 50.68
12 1304 22 27.69
13 1413 23 30.01
14 154 8 80.9
15 482 34 38.88
16 502 25 77.8
17 802 11 2.81
18 673 12 48.17
19 562 2 86.29
20 932 45 58.7
21 472 33 71.22
22 525 44 98.75
23 877 16 6.62
24 306 4 22.19
25 895 38 45.93
26 740 17 75.11
27 960 34 69.82
28 863 46 98.18
29 1290 14 94.01
30 1291 35 93.0
31 785 31 70.64
32 1256 8 70.79
33 789 28 67.83
34 1208 17 42.81
35 426 37 7.88
36 1162 1 87.18
37 712 35 75.2
38 465 35 40.56
39 98 11 20.29
40 427 30 6.45
41 427 30 57.27
42 326 58 95.66
43 467 13 83.71
44 471 35 16.59
45 1020 14 15.71
46 844 20 86.67
47 63 26 83.83
48 193 44 28.7
49 640 9 43.51
50 301 23 86.36
51 338 50 92.36
52 654 21 79.13
53 1108 60 61.32
54 1396 57 21.25
55 1184 47 70.36
56 919 49 72.82
57 702 10 58.56
58 50 16 46.26
59 450 29 69.66
60 364 12 59.72
61 442 4 71.91
62 1204 6 62.66
63 556 9 54.61
64 1336 11 90.35
65 174 20 22.44
66 350 57 28.16
67 469 23 21.19
68 1122 28 13.07
69 869 32 92.27
70 1081 19 97.93
71 342 54 62.75
72 709 25 94.06
73 406 18 35.61
74 788 34 71.96
75 1183 11 12.44
76 340 43 31.8
77 1257 51 70.25
78 215 44 45.52
79 1017 27 26.59
80 102 57 93.84
81 907 31 66.61
82 130 15 5.94
83 273 4 22.06
84 86 1 80.9
85 1103 11 34.96
86 311 30 14.55
87 926 38 30.61
88 1004 42 3.39
89 990 23 88.02
90 469 21 99.76
91 1432 32 51.42
92 704 49 41.16
93 1367 52 41.77
94 212 57 59.41
95 358 24 94.01
96 967 12 70.36
97 1053 4 94.46
98 96 15 23.68
99 234 46 63.0
100 1178 27 4.99