90
1 537 47 96.664
2 262 10 88.799
3 427 12 66.827
4 546 3 7.496
5 661 49 13.563
6 426 32 9.581
7 1422 19 63.2
8 307 1 24.135
9 136 35 45.47
10 518 21 0.111
11 381 43 69.711
12 1196 56 42.493
13 1439 8 4.171
14 94 13 4.172
15 1008 56 19.294
16 1394 32 32.422
17 417 1 22.8
18 1342 50 39.254
19 1013 5 59.984
20 1130 58 76.933
21 66 3 4.263
22 1097 50 93.282
23 1196 26 46.047
24 524 17 97.111
25 475 52 51.982
26 1409 26 18.713
27 140 19 59.481
28 421 38 27.372
29 656 17 26.397
30 738 40 60.346
31 720 12 60.367
32 632 49 54.918
33 1424 26 80.54
34 1244 9 81.615
35 306 47 4.042
36 1328 22 53.657
37 339 2 22.489
38 1062 48 2.511
39 1341 46 53.357
40 762 39 26.249
41 631 57 65.064
42 1159 35 68.645
43 1129 45 93.798
44 625 6 14.245
45 987 10 92.045
46 833 15 30.037
47 643 9 0.744
48 563 28 80.081
49 288 31 66.666
50 154 3 92.306
51 1051 32 18.055
52 586 43 46.858
53 1334 28 39.248
54 790 28 27.05
55 1180 10 5.517
56 1098 21 8.032
57 1336 47 76.859
58 417 13 24.346
59 1290 9 44.836
60 1160 23 74.983
61 275 16 44.755
62 97 12 73.493
63 604 28 42.957
64 134 29 87.116
65 1245 22 28.516
66 735 9 49.777
67 1276 38 28.123
68 424 57 33.331
69 812 20 25.969
70 195 38 20.326
71 1212 5 9.543
72 265 51 95.74
73 1382 22 53.2
74 773 21 17.482
75 1089 25 72.831
76 531 16 69.588
77 1055 32 33.961
78 669 27 89.439
79 1288 41 46.834
80 1391 21 72.97
81 1304 17 32.404
82 882 29 95.177
83 400 55 1.49
84 322 23 80.334
85 1086 6 54.565
86 347 3 4.884
87 837 60 93.907
88 188 11 50.161
89 780 49 79.749
90 1101 56 47.949
