100
1 1132 6 51.103
2 748 21 39.041
3 946 59 83.857
4 599 45 13.473
5 1352 3 90.273
6 419 37 79.474
7 964 47 40.514
8 689 25 4.747
9 1319 20 33.927
10 117 5 47.483
11 98 20 12.933
12 916 58 92.826
13 773 10 60.606
14 1247 28 8.748
15 952 44 77.851
16 941 30 45.632
17 677 48 73.782
18 410 3 11.647
19 1319 60 47.308
20 197 18 97.402
21 959 21 26.489
22 1232 38 46.37
23 364 42 35.871
24 482 43 83.789
25 423 22 51.526
26 1148 7 56.446
27 443 60 12.811
28 1063 21 15.469
29 558 32 2.05
30 948 5 95.785
31 733 4 63.22
32 666 53 19.614
33 1399 22 42.247
34 961 36 68.606
35 1127 26 98.957
36 986 23 28.254
37 1079 47 4.236
38 523 19 24.666
39 315 52 62.16
40 217 18 39.016
41 507 34 16.667
42 341 24 26.41
43 1224 60 62.751
44 736 35 38.159
45 1104 22 43.994
46 1207 29 64.233
47 445 23 77.145
48 96 56 2.156
49 695 4 67.336
50 1293 4 53.961
51 564 52 37.948
52 1101 9 29.743
53 732 50 64.028
54 105 14 42.806
55 904 18 37.316
56 969 25 53.923
57 69 39 25.573
58 882 31 6.153
59 526 2 81.72
60 474 5 90.805
61 441 43 63.479
62 230 60 89.885
63 972 49 49.089
64 1401 14 57.606
65 506 29 95.598
66 356 16 13.031
67 281 38 17.841
68 872 7 12.704
69 1012 44 75.214
70 1337 22 88.262
71 310 49 51.584
72 269 53 63.473
73 328 56 54.554
74 679 29 55.84
75 305 5 46.59
76 339 17 77.194
77 910 19 24.548
78 389 28 68.617
79 1409 6 99.937
80 317 51 64.973
81 853 31 86.802
82 906 30 44.496
83 1301 54 40.478
84 1356 47 8.393
85 502 42 84.766
86 204 47 32.696
87 948 16 28.647
88 988 47 99.583
89 939 29 85.815
90 225 20 34.904
91 1179 30 41.441
92 1293 60 83.373
93 474 60 67.702
94 1297 32 79.94
95 1271 41 64.309
96 328 37 54.359
97 922 41 56.934
98 940 41 73.617
99 348 44 0.322
100 540 9 54.198
