90
1 1431 23 53
2 630 40 48
3 462 8 11
4 1315 13 32
5 1297 59 27
6 34 28 8
7 1074 52 19
8 42 1 97
9 692 22 56
10 100 38 57
11 1224 57 3
12 72 49 52
13 246 51 3
14 1356 12 27
15 946 24 48
16 223 39 7
17 390 25 99
18 1270 44 6
19 376 23 2
20 149 9 79
21 538 57 20
22 2 15 27
23 513 17 73
24 152 40 84
25 888 40 42
26 176 50 62
27 930 12 58
28 1374 9 6
29 629 59 5
30 230 54 2
31 455 57 54
32 858 15 90
33 1400 19 89
34 1256 59 99
35 28 18 60
36 465 13 33
37 747 21 84
38 710 50 60
39 6 49 11
40 32 35 15
41 994 22 55
42 106 23 94
43 1146 23 25
44 1195 14 7
45 843 35 11
46 366 41 55
47 1205 41 17
48 390 26 15
49 995 3 41
50 1220 14 21
51 241 46 64
52 439 38 56
53 1270 56 3
54 380 19 70
55 1124 23 92
56 608 32 82
57 1248 20 11
58 957 43 60
59 412 18 26
60 1412 45 89
61 771 12 83
62 127 31 86
63 584 9 6
64 427 38 36
65 280 2 37
66 214 22 97
67 486 40 57
68 113 29 82
69 636 49 1
70 146 50 36
71 63 31 79
72 31 38 1
73 264 39 21
74 1316 19 50
75 270 16 64
76 191 34 5
77 943 45 89
78 54 6 22
79 716 41 86
80 818 17 28
81 230 12 33
82 806 14 29
83 1008 12 68
84 903 5 93
85 545 2 15
86 1085 19 12
87 1067 12 9
88 1364 11 13
89 42 39 42
90 1244 12 50
