90
1 361 8 97.022
2 938 28 51.437
3 364 39 36.65
4 1119 13 45.469
5 1380 34 71.068
6 1274 33 63.057
7 566 3 21.937
8 928 3 32.434
9 517 46 44.556
10 714 17 30.886
11 394 43 51.748
12 373 4 17.78
13 245 49 66.983
14 590 55 23.486
15 1223 30 27.06
16 975 6 64.599
17 471 24 50.889
18 1415 24 35.233
19 10 41 71.126
20 1095 20 20.809
21 746 44 98.801
22 1153 40 77.306
23 946 8 56.001
24 227 34 33.607
25 645 46 90.945
26 1437 8 56.475
27 938 21 77.782
28 829 1 69.866
29 696 56 63.487
30 255 22 81.133
31 157 58 31.193
32 878 31 29.28
33 1440 26 22.253
34 1309 52 4.421
35 566 31 22.149
36 267 58 97.371
37 523 40 60.345
38 995 46 34.585
39 607 31 31.51
40 364 6 59.468
41 885 30 3.795
42 644 58 60.891
43 635 34 74.413
44 762 2 81.458
45 1363 43 82.344
46 192 49 70.023
47 335 50 12.889
48 828 22 83.997
49 336 2 65.367
50 1400 3 54.016
51 262 24 51.364
52 1092 21 36.523
53 335 1 39.696
54 1067 18 14.317
55 136 50 82.255
56 901 37 14.195
57 1328 59 21.924
58 1037 44 10.929
59 1212 13 84.841
60 181 1 6.775
61 83 32 50.437
62 1130 39 46.017
63 1102 32 50.242
64 424 42 41.127
65 1332 35 72.257
66 578 28 48.557
67 330 16 98.291
68 1015 8 69.637
69 728 25 34.982
70 30 22 40.205
71 440 17 28.263
72 304 19 20.871
73 172 4 75.057
74 386 5 46.017
75 283 9 14.844
76 1300 47 80.542
77 1364 58 75.706
78 66 33 58.054
79 847 47 73.993
80 168 39 62.81
81 79 35 11.37
82 447 9 87.374
83 688 52 42.125
84 121 3 34.094
85 1033 7 65.147
86 1417 9 19.915
87 609 27 97.138
88 186 37 52.758
89 1368 56 10.982
90 930 12 25.171
