100
1 557 28 26.79
2 1 18 75.82
3 940 24 68.68
4 723 19 45.21
5 1215 13 21.10
6 720 22 32.62
7 620 5 31.55
8 1440 23 0.001
9 786 52 99.99
10 168 22 17.01
11 849 22 70.74
12 549 5 87.77
13 685 34 10.04
14 152 21 42.60
15 867 15 81.95
16 411 28 61.09
17 859 24 60.22
18 1389 16 62.35
19 100 24 44.84
20 650 15 48.65
21 268 27 64.25
22 614 40 65.07
23 622 40 44.44
24 244 41 56.96
25 1041 17 28.16
26 818 13 56.49
27 343 21 81.74
28 1 35 1.327
29 1440 7 28.17
30 841 43 70.18
31 829 21 45.15
32 292 14 26.18
33 779 4 45.04
34 84 27 70.68
35 1409 50 40.41
36 633 6 78.20
37 523 11 28.15
38 246 37 88.10
39 645 22 42.62
40 1263 14 60.83
41 1123 7 57.90
42 847 4 20.56
43 1272 15 79.72
44 1017 23 15.12
45 1 13 7.487
46 512 31 59.81
47 443 24 64.77
48 129 24 87.53
49 41 16 67.63
50 773 40 12.95
51 1406 25 5.382
52 222 6 13.42
53 1320 1 52.24
54 858 12 37.39
55 954 41 43.32
56 1374 14 25.40
57 332 22 78.86
58 490 25 30.29
59 377 25 47.15
60 163 24 31.27
61 346 24 99.99
62 483 28 88.36
63 1036 5 76.55
64 496 3 43.78
65 834 20 44.60
66 823 5 46.09
67 1 29 49.23
68 856 1 56.14
69 1 30 81.21
70 1440 33 0.708
71 1440 30 74.82
72 338 29 73.72
73 552 12 54.12
74 599 25 99.99
75 1 21 8.120
76 773 1 53.12
77 502 16 37.40
78 994 13 43.28
79 525 1 12.07
80 1057 15 44.94
81 1 1 0.001
82 799 1 50.52
83 457 22 0.001
84 1026 4 71.04
85 663 5 81.09
86 52 1 55.57
87 1408 7 5.406
88 801 18 77.52
89 503 3 74.32
90 557 12 0.001
91 1417 12 45.33
92 471 27 29.02
93 1 11 87.16
94 1196 1 55.14
95 319 10 0.001
96 1 1 45.64
97 1440 10 0.001
98 1202 35 61.65
99 91 13 58.50
100 1440 15 34.29