99
1 1 35 51
2 1 52 77
3 1 43 99
4 1 52 92
5 1 50 23
6 1 20 59
7 1 10 72
8 1 15 25
9 1 55 24
10 1 28 88
11 1 34 8
12 1 41 54
13 1 22 85
14 1 11 43
15 1 22 26
16 1 18 57
17 1 24 14
18 1 49 57
19 1 55 33
20 1 59 4
21 1 42 20
22 1 33 98
23 1 24 89
24 1 58 58
25 1 1 33
26 1 38 9
27 1 17 90
28 1 9 29
29 1 2 48
30 1 37 19
31 1 38 57
32 1 16 46
33 1 3 8
34 1 43 36
35 1 55 76
36 1 12 53
37 1 17 82
38 1 51 10
39 1 53 10
40 1 14 69
41 1 38 78
42 1 34 75
43 1 41 80
44 1 15 72
45 1 24 60
46 1 17 42
47 1 24 17
48 1 13 20
49 1 32 76
50 1 53 67
51 1 55 36
52 1 47 16
53 1 38 73
54 1 50 71
55 1 12 94
56 1 23 69
57 1 6 42
58 1 34 62
59 1 25 70
60 1 32 35
61 1 19 18
62 1 29 39
63 1 11 12
64 1 44 78
65 1 54 36
66 1 40 3
67 1 37 4
68 1 8 47
69 1 26 56
70 1 36 86
71 1 41 23
72 1 48 66
73 1 35 85
74 1 21 30
75 1 21 12
76 1 12 69
77 1 1 82
78 1 15 10
79 1 31 83
80 1 33 14
81 1 37 94
82 1 44 40
83 1 30 24
84 1 29 13
85 1 52 15
86 1 50 38
87 1 7 31
88 1 5 27
89 1 32 85
90 1 24 32
91 1 9 46
92 1 16 93
93 1 25 47
94 1 8 18
95 1 16 35
96 1 49 11
97 1 52 10
98 1 49 31
99 1 2 78