100
1 204 22 18.633
2 926 50 14.335
3 1342 31 76.348
4 574 57 8.8
5 1113 59 78.857
6 286 38 6.638
7 836 25 67.042
8 360 4 52.007
9 498 5 2.564
10 14 17 96.506
11 534 18 9.244
12 1195 4 41.203
13 1125 44 75.911
14 1221 30 54.866
15 1283 24 51.537
16 1393 45 17.551
17 448 4 63.89
18 1251 31 44.969
19 1192 18 96.069
20 473 4 26.515
21 914 39 52.957
22 866 16 82.032
23 260 52 91.381
24 196 58 51.63
25 456 38 91.186
26 325 20 98.66
27 601 42 8.528
28 239 27 56.005
29 198 18 90.838
30 511 40 12.925
31 1057 21 96.586
32 1296 26 56.594
33 489 38 54.873
34 412 34 80.999
35 1061 7 44.526
36 1201 19 11.121
37 581 15 61.202
38 246 43 65.462
39 1237 33 45.579
40 53 13 79.23
41 372 42 72.519
42 943 47 27.136
43 221 31 23.289
44 871 46 17.593
45 535 25 15.315
46 876 23 20.631
47 1060 27 33.149
48 1164 50 94.397
49 876 40 10.142
50 727 45 58.078
51 374 40 97.244
52 1304 56 1.191
53 1359 43 88.057
54 1153 20 23.087
55 1303 13 8.608
56 1394 9 39.379
57 131 26 13.152
58 622 33 5.434
59 687 2 8.294
60 442 26 65.009
61 622 50 30.002
62 770 3 24.574
63 1336 10 91.28
64 191 43 36.339
65 592 1 16.627
66 799 18 27.188
67 1165 44 69.736
68 976 49 66.391
69 1218 13 17.462
70 158 46 79.148
71 1439 59 99.755
72 1309 44 5.985
73 1323 21 54.996
74 883 49 19.552
75 95 4 49.242
76 407 5 93.471
77 81 25 40.034
78 427 46 24.04
79 1018 21 45.84
80 457 40 21.773
81 251 32 66.028
82 591 21 43.306
83 411 14 88.458
84 818 40 4.319
85 828 43 14.431
86 1231 45 7.844
87 1337 44 84.08
88 264 16 14.151
89 1137 58 91.436
90 116 59 89.5
91 604 11 24.616
92 154 35 75.019
93 1198 15 21.123
94 446 17 72.368
95 1280 47 18.628
96 951 23 72.477
97 1077 8 88.501
98 674 3 39.896
99 1280 9 40.903
100 162 26 73.236