75
1 17 15 34
2 900 16 39
3 221 28 9
4 161 3 18
5 151 15 51
6 112 15 6
7 1311 42 53
8 1404 7 68
9 233 8 42
10 783 13 81
11 35 46 21
12 978 8 68
13 1245 58 32
14 1032 52 93
15 337 11 76
16 104 43 22
17 1173 47 9
18 658 25 42
19 197 17 27
20 1069 38 12
21 195 46 78
22 216 2 56
23 1297 19 49
24 607 5 18
25 266 41 33
26 972 31 23
27 1369 56 19
28 1052 59 36
29 1116 6 88
30 888 21 76
31 951 12 39
32 230 19 19
33 94 17 75
34 1099 15 88
35 1351 58 69
36 517 31 88
37 789 55 67
38 429 54 45
39 1206 32 15
40 280 21 86
41 1431 3 3
42 1010 52 33
43 603 18 50
44 912 23 59
45 1410 48 72
46 1214 33 8
47 1211 57 2
48 606 25 9
49 352 10 76
50 1354 56 48
51 1183 40 56
52 750 54 48
53 1099 7 60
54 392 38 69
55 1152 41 34
56 693 49 6
57 419 36 6
58 560 29 7
59 751 48 6
60 909 39 4
61 275 32 44
62 877 25 94
63 1146 7 11
64 319 57 56
65 1038 7 84
66 467 59 24
67 117 8 5
68 952 40 83
69 1203 41 54
70 1236 30 97
71 1062 8 28
72 1200 8 68
73 695 9 35
74 1140 28 16
75 85 35 73
