100
1 364 52 74.367
2 845 12 68.901
3 252 54 64.301
4 989 17 48.129
5 438 12 81.808
6 23 5 10.825
7 452 40 81.526
8 854 56 23.586
9 576 16 3.373
10 345 13 4.413
11 728 56 16.968
12 63 10 23.747
13 388 53 93.99
14 435 42 63.035
15 845 21 53.116
16 985 30 74.541
17 1071 34 95.749
18 653 27 16.63
19 603 40 49.424
20 786 22 82.171
21 795 51 18.241
22 1044 8 48.827
23 245 31 65.358
24 1227 34 10.688
25 612 54 41.84
26 820 30 66.225
27 1437 10 98.054
28 1380 55 15.744
29 1370 36 32.863
30 452 32 72.246
31 1184 1 62.006
32 520 56 77.15
33 975 10 72.487
34 1334 40 48.773
35 951 58 32.353
36 642 22 24.829
37 235 16 61.594
38 980 19 75.352
39 405 43 98.185
40 274 1 51.963
41 36 25 72.247
42 908 9 74.369
43 16 25 4.715
44 563 36 65.104
45 965 1 60.586
46 366 23 40.921
47 981 50 33.008
48 1141 45 63.66
49 718 32 35.588
50 478 14 38.011
51 150 32 42.426
52 857 44 13.397
53 455 2 18.29
54 116 44 18.03
55 498 6 24.535
56 867 57 56.668
57 416 60 39.753
58 784 46 35.829
59 1153 40 38.459
60 1275 57 28.393
61 752 24 40.466
62 318 59 70.128
63 697 29 0.556
64 399 27 37.859
65 505 46 97.158
66 1024 35 45.948
67 1346 43 2.617
68 392 37 94.965
69 1361 22 81.966
70 168 40 13.431
71 1144 45 8.928
72 427 14 44.508
73 869 51 66.82
74 150 12 2.386
75 1217 11 93.03
76 952 28 10.582
77 317 59 28.738
78 734 60 3.701
79 875 6 38.732
80 712 55 30.797
81 1392 10 70.919
82 1022 29 46.151
83 226 45 79.565
84 445 50 65.62
85 282 14 24.311
86 1317 53 84.284
87 229 19 46.533
88 1386 39 13.044
89 88 18 95.168
90 1358 22 43.585
91 672 22 56.216
92 562 15 93.761
93 642 35 51.742
94 1032 7 36.994
95 979 15 37.639
96 58 27 42.506
97 620 28 73.518
98 1439 50 62.489
99 812 24 26.545
100 247 51 13.662
