83
1 1244 60 5
2 134 39 60
3 957 26 76
4 586 32 28
5 522 31 59
6 928 9 45
7 461 25 95
8 711 59 41
9 40 45 51
10 229 31 3
11 1409 8 80
12 293 46 13
13 462 58 16
14 207 59 70
15 81 51 56
16 1155 43 44
17 1325 37 41
18 652 54 74
19 1071 7 43
20 102 43 73
21 1408 43 57
22 420 59 50
23 90 44 47
24 1012 13 75
25 462 54 52
26 1002 8 46
27 911 52 84
28 479 24 78
29 1024 41 66
30 373 60 84
31 140 6 3
32 277 22 58
33 1128 33 76
34 90 50 97
35 588 51 73
36 964 1 85
37 757 58 85
38 801 51 35
39 275 30 81
40 439 35 68
41 1307 32 56
42 245 56 81
43 1159 56 55
44 1082 44 53
45 1132 40 13
46 1178 17 48
47 1155 30 43
48 1039 37 64
49 1398 44 95
50 1237 29 26
51 988 9 11
52 473 1 82
53 1427 23 15
54 505 5 1
55 809 58 54
56 229 11 77
57 317 52 81
58 519 45 54
59 278 18 2
60 1074 46 15
61 997 26 35
62 1084 53 56
63 386 31 30
64 1288 30 13
65 1246 35 14
66 1149 35 27
67 557 21 32
68 1261 17 22
69 1288 44 11
70 890 58 97
71 67 58 82
72 1229 28 63
73 696 41 35
74 1110 16 45
75 597 58 31
76 1066 30 19
77 982 1 23
78 1039 15 43
79 951 21 97
80 484 57 59
81 511 55 33
82 985 53 72
83 774 59 33
