90
1 666 31 97
2 461 25 76
3 1082 54 88
4 919 53 43
5 1385 9 44
6 695 13 23
7 1215 40 61
8 75 50 25
9 210 18 60
10 861 48 83
11 271 51 45
12 992 19 22
13 1340 17 43
14 620 36 73
15 467 23 55
16 493 16 79
17 665 18 44
18 99 57 73
19 1111 32 73
20 3 16 89
21 186 18 24
22 54 13 81
23 822 37 49
24 87 6 99
25 1005 20 82
26 936 11 58
27 217 53 95
28 1306 25 41
29 696 48 76
30 862 21 66
31 1160 7 41
32 825 57 74
33 1427 31 92
34 1127 32 78
35 885 58 91
36 622 26 80
37 723 36 82
38 595 10 69
39 1059 48 33
40 242 1 13
41 203 3 15
42 468 10 32
43 549 29 26
44 235 15 46
45 242 3 69
46 1121 54 9
47 459 12 59
48 145 55 49
49 585 28 28
50 578 46 26
51 1062 17 13
52 1319 54 69
53 763 46 18
54 662 45 61
55 807 51 47
56 492 42 21
57 363 55 95
58 370 17 52
59 226 45 99
60 1231 8 84
61 242 5 23
62 1048 18 31
63 351 26 42
64 730 15 43
65 860 42 70
66 644 53 24
67 267 44 10
68 500 34 7
69 339 46 96
70 1220 9 45
71 976 16 32
72 1282 26 11
73 1074 48 17
74 1227 29 92
75 897 16 39
76 267 59 28
77 662 42 3
78 1019 48 47
79 1015 59 11
80 429 51 86
81 314 11 57
82 856 42 72
83 1156 13 59
84 159 8 7
85 1416 41 50
86 1260 15 32
87 298 29 60
88 460 50 47
89 287 16 70
90 16 39 40
