100
1 102 15 7.197
2 125 42 75.049
3 93 36 73.658
4 98 44 53.988
5 100 1 65.111
6 110 33 73.148
7 100 39 98.054
8 93 15 10.149
9 110 23 88.309
10 92 46 59.826
11 87 12 99.718
12 107 41 80.874
13 128 42 11.688
14 106 14 26.673
15 81 54 90.241
16 97 22 73.812
17 111 12 45.375
18 105 11 38.098
19 94 47 49.109
20 99 26 11.684
21 112 30 6.899
22 97 20 62.04
23 114 50 5.748
24 103 44 47.117
25 79 50 47.161
26 102 34 37.757
27 93 39 25.675
28 85 8 92.3
29 97 58 81.945
30 69 3 69.582
31 111 10 77.665
32 103 32 87.134
33 100 55 67.973
34 89 21 50.983
35 96 56 58.494
36 92 16 5.572
37 101 37 87.001
38 90 42 65.918
39 98 36 87.03
40 101 55 40.924
41 114 28 31.985
42 88 34 21.817
43 105 48 77.881
44 102 28 5.491
45 82 7 88.449
46 99 2 93.105
47 98 28 82.35
48 115 59 55.749
49 122 36 3.857
50 88 48 5.72
51 113 29 36.811
52 90 2 12.493
53 107 51 22.143
54 90 18 53.005
55 93 35 8.089
56 99 24 23.159
57 91 6 40.074
58 90 14 75.916
59 97 25 3.477
60 103 58 95.429
61 110 17 99.637
62 94 9 37.218
63 114 14 9.806
64 92 46 47.97
65 97 38 44.474
66 97 37 78.902
67 102 35 71.422
68 94 50 34.818
69 94 26 74.61
70 112 8 66.064
71 96 14 77.163
72 83 36 3.663
73 93 43 35.571
74 88 14 5.705
75 89 11 49.929
76 107 41 35.515
77 106 26 64.598
78 106 44 90.346
79 107 14 81.863
80 89 4 22.225
81 127 39 73.696
82 93 24 39.549
83 81 57 95.788
84 106 8 38.75
85 107 16 66.963
86 106 25 64.774
87 95 18 93.683
88 101 1 50.001
89 119 26 24.046
90 99 33 14.407
91 98 30 94.979
92 120 7 85.296
93 98 40 28.677
94 98 52 48.785
95 104 56 84.346
96 102 47 55.304
97 95 47 14.654
98 99 48 54.983
99 109 54 30.439
100 113 27 12.581
