100
1 679 59 76.39
2 1035 46 39.87
3 394 22 56.74
4 479 35 12.94
5 1340 44 84.97
6 57 30 74.37
7 1381 9 67.05
8 1199 60 81.25
9 1371 4 82.62
10 726 47 38.36
11 723 32 74.05
12 178 46 29.67
13 878 30 45.8
14 601 13 57.75
15 522 12 55.96
16 367 29 46.83
17 853 2 89.27
18 97 25 8.28
19 325 19 11.9
20 336 34 34.49
21 825 1 40.26
22 897 18 17.32
23 469 39 77.13
24 1329 47 47.19
25 180 51 23.98
26 1237 46 57.76
27 374 14 33.67
28 472 21 79.51
29 304 35 77.58
30 147 52 48.05
31 237 44 82.42
32 813 49 47.38
33 112 39 57.78
34 1236 52 41.74
35 87 17 86.05
36 583 34 22.94
37 522 5 44.0
38 424 48 10.01
39 710 9 16.83
40 310 16 42.0
41 947 60 1.93
42 400 39 12.4
43 1244 56 81.22
44 289 1 88.1
45 642 11 18.4
46 108 57 84.6
47 1282 50 5.32
48 329 16 87.9
49 464 56 73.3
50 1209 53 30.76
51 1273 34 68.5
52 368 48 50.59
53 482 10 25.38
54 52 9 73.46
55 746 46 2.36
56 26 59 60.97
57 855 10 80.7
58 147 49 2.11
59 921 23 53.85
60 1410 21 24.6
61 357 49 27.88
62 393 60 13.96
63 1144 39 19.29
64 365 33 70.39
65 287 35 30.39
66 1138 16 56.57
67 616 4 71.27
68 1076 2 51.95
69 972 35 79.41
70 907 48 5.58
71 758 25 1.9
72 237 13 84.17
73 1175 28 44.15
74 783 3 51.26
75 541 24 54.21
76 209 21 59.18
77 1309 19 19.65
78 784 39 13.42
79 942 59 42.78
80 576 44 41.17
81 1309 43 39.22
82 304 46 15.12
83 1388 50 62.2
84 353 4 10.2
85 830 8 51.42
86 1416 59 60.7
87 545 25 64.98
88 27 1 53.28
89 221 14 25.64
90 243 2 85.63
91 135 51 76.57
92 329 51 29.49
93 1085 41 81.68
94 1106 58 80.0
95 1429 19 11.51
96 51 20 86.92
97 795 41 80.96
98 1041 29 81.48
99 50 56 10.48
100 1432 45 38.76