80
1 465 24 95.305
2 259 13 70.072
3 175 9 25.249
4 1038 14 40.27
5 63 30 48.765
6 800 32 57.166
7 825 6 48.54
8 41 45 27.143
9 835 31 89.402
10 777 47 12.146
11 530 7 98.177
12 130 25 61.776
13 773 7 65.763
14 694 16 68.747
15 1020 58 64.673
16 426 38 80.222
17 1243 5 53.892
18 77 32 69.778
19 304 56 57.738
20 1197 57 44.623
21 1142 23 84.794
22 873 9 16.513
23 1232 7 53.117
24 643 45 35.989
25 1319 54 49.474
26 1278 13 31.262
27 729 34 28.867
28 1346 5 80.196
29 1040 59 69.727
30 451 23 24.901
31 25 19 34.637
32 547 3 42.493
33 772 20 82.763
34 854 12 65.429
35 239 11 92.389
36 53 13 96.361
37 330 20 12.415
38 780 22 82.967
39 1166 28 89.703
40 285 27 56.272
41 834 27 8.854
42 144 19 71.251
43 70 6 65.995
44 1067 34 36.296
45 1035 32 70.401
46 1238 5 19.589
47 288 22 38.861
48 1175 8 73.888
49 720 21 95.566
50 7 42 82.896
51 431 4 86.768
52 68 57 95.586
53 1188 12 18.424
54 883 29 12.853
55 411 39 22.95
56 970 51 16.143
57 250 7 57.912
58 928 42 13.392
59 901 33 72.101
60 966 37 39.588
61 739 30 23.101
62 405 4 44.73
63 222 14 72.064
64 1231 40 89.842
65 1342 24 82.268
66 1082 6 96.908
67 1230 33 81.289
68 1166 13 50.15
69 664 34 38.643
70 1065 42 20.225
71 594 40 30.055
72 164 48 32.461
73 826 15 62.969
74 164 36 42.109
75 757 52 93.259
76 658 34 30.613
77 731 51 88.737
78 1335 55 11.711
79 994 24 38.102
80 1199 55 91.028