90
1 320 18 84.233
2 436 40 94.305
3 472 33 61.358
4 923 32 44.862
5 497 16 54.859
6 1280 39 13.403
7 153 57 71.641
8 162 47 9.763
9 1074 47 10.728
10 759 28 68.112
11 576 34 25.791
12 1180 26 35.559
13 2 32 32.454
14 66 12 75.385
15 206 43 9.199
16 543 30 30.157
17 438 58 7.567
18 1361 58 65.557
19 860 33 69.95
20 70 53 91.381
21 452 11 12.264
22 989 52 92.85
23 1236 59 46.264
24 1417 5 0.8
25 1315 10 94.458
26 488 16 56.027
27 759 33 33.041
28 225 15 69.822
29 667 19 79.338
30 789 21 60.241
31 109 21 14.929
32 107 13 75.089
33 1131 21 4.7
34 1197 42 57.338
35 26 35 18.284
36 1335 42 74.346
37 869 13 24.685
38 1223 22 1.19
39 1148 15 21.007
40 558 54 14.631
41 1418 60 93.216
42 854 31 44.308
43 662 16 75.917
44 897 51 35.619
45 799 25 53.34
46 916 4 81.03
47 447 39 95.034
48 365 12 69.353
49 808 16 81.045
50 403 51 13.961
51 930 21 38.919
52 1117 34 18.067
53 948 6 80.623
54 159 5 35.733
55 311 25 36.096
56 1203 6 87.769
57 1055 3 7.556
58 220 36 78.904
59 413 58 39.039
60 280 43 19.122
61 1130 24 86.446
62 1257 55 16.595
63 450 55 71.345
64 292 31 91.635
65 100 28 40.732
66 315 46 1.289
67 243 5 62.892
68 404 11 46.209
69 666 50 13.18
70 424 23 17.937
71 1130 3 45.699
72 1289 24 10.549
73 1206 25 93.564
74 1302 23 3.919
75 1277 16 87.577
76 601 41 5.847
77 360 12 42.217
78 365 49 96.379
79 644 40 86.07
80 907 12 87.007
81 747 9 1.737
82 658 4 70.722
83 516 57 9.152
84 607 48 55.489
85 1238 38 99.939
86 1112 51 23.667
87 917 33 17.649
88 804 43 92.939
89 744 47 88.929
90 106 38 54.846