86
1 599 46 35
2 588 5 54
3 1394 45 76
4 1266 47 62
5 1193 14 26
6 605 55 5
7 1019 45 41
8 608 12 23
9 1285 36 2
10 795 17 54
11 1304 46 10
12 1394 16 80
13 396 8 28
14 1325 8 70
15 1356 57 46
16 1370 16 9
17 1118 6 64
18 968 8 48
19 1414 53 59
20 568 26 67
21 5 29 23
22 857 44 54
23 267 1 47
24 462 57 15
25 909 35 9
26 1285 15 12
27 271 52 18
28 191 21 26
29 1139 16 10
30 349 24 2
31 619 37 77
32 19 9 40
33 124 45 74
34 444 31 82
35 1293 39 99
36 363 51 46
37 396 60 89
38 196 51 46
39 166 56 19
40 1184 15 44
41 765 53 24
42 1244 49 21
43 992 58 94
44 1077 3 92
45 1383 14 81
46 1299 19 66
47 244 24 30
48 617 50 62
49 401 39 63
50 609 51 46
51 173 52 60
52 132 36 27
53 1238 5 70
54 371 50 89
55 1063 33 21
56 496 35 67
57 1194 8 53
58 89 39 97
59 793 19 65
60 241 5 94
61 1157 23 59
62 401 16 68
63 245 39 56
64 875 30 42
65 701 34 36
66 1381 42 90
67 802 58 44
68 860 36 11
69 358 30 64
70 1046 23 54
71 798 21 42
72 822 11 99
73 724 49 75
74 919 44 63
75 33 42 39
76 246 19 10
77 431 11 79
78 121 9 59
79 1209 11 90
80 427 49 16
81 1220 45 72
82 646 21 2
83 657 2 88
84 1321 46 62
85 315 59 43
86 29 41 22
