100
1 3 13 81.339
2 72 10 0.06
3 7 22 92.608
4 9 10 91.79
5 7 12 87.739
6 6 27 81.89
7 1 25 84.034
8 101 10 0.09
9 9 15 87.057
10 7 24 91.806
11 9 12 91.443
12 2 11 91.621
13 4 18 81.033
14 8 15 83.701
15 23 10 0.06
16 3 28 95.207
17 8 23 95.09
18 2 30 82.63
19 71 10 0.07
20 5 21 80.153
21 2 14 96.734
22 7 12 83.102
23 1 30 80.793
24 2 14 87.268
25 5 14 94.303
26 7 17 87.432
27 4 15 85.681
28 5 11 96.46
29 1 13 93.559
30 5 20 83.86
31 5 18 85.277
32 1 18 95.257
33 4 14 99.644
34 57 10 0.08
35 35 10 0.07
36 9 26 81.82
37 92 10 0.07
38 9 15 97.402
39 1 22 96.535
40 1 19 90.675
41 6 18 89.262
42 6 27 88.517
43 8 27 99.447
44 7 10 83.662
45 9 22 99.208
46 7 16 82.772
47 7 12 90.633
48 105 10 0.05
49 4 20 83.839
50 1 12 80.096
51 5 30 97.427
52 61 10 0.01
53 1 10 95.249
54 97 10 0.02
55 7 13 98.828
56 8 12 83.316
57 8 20 94.057
58 2 10 93.952
59 3 23 80.218
60 6 28 88.207
61 9 25 88.908
62 40 10 0.03
63 3 10 94.179
64 6 11 86.846
65 7 28 87.316
66 84 10 0.09
67 1 18 80.29
68 63 10 0.04
69 6 11 81.877
70 2 10 86.439
71 13 10 0.04
72 5 27 92.859
73 58 10 0.05
74 2 14 86.091
75 6 25 83.32
76 2 20 85.274
77 5 10 99.102
78 3 26 80.293
79 3 16 95.708
80 9 29 99.111
81 5 27 84.766
82 5 11 93.784
83 9 30 99.978
84 7 14 92.904
85 8 16 84.58
86 32 10 0.02
87 4 28 81.827
88 6 28 89.553
89 49 10 0.08
90 3 19 81.65
91 3 23 99.76
92 1 30 98.214
93 1 25 94.746
94 4 17 80.235
95 6 16 93.447
96 85 10 0.03
97 13 10 0.01
98 20 10 0.03
99 9 21 94.436
100 6 13 94.1