84
1 1177 41 22
2 986 58 31
3 401 55 36
4 130 34 34
5 587 26 60
6 777 10 15
7 22 20 42
8 275 17 63
9 1060 35 1
10 1399 5 51
11 632 5 69
12 652 57 90
13 813 53 38
14 168 8 45
15 1373 53 63
16 91 38 22
17 794 22 25
18 176 6 79
19 1199 8 30
20 625 58 95
21 580 54 13
22 44 29 3
23 297 51 6
24 483 3 47
25 617 1 7
26 639 29 93
27 783 56 86
28 311 8 69
29 31 6 53
30 356 10 84
31 104 5 88
32 1384 39 33
33 163 36 77
34 34 15 93
35 560 33 77
36 499 10 62
37 707 35 12
38 126 11 73
39 101 60 6
40 1341 16 98
41 1016 54 33
42 138 46 99
43 747 8 1
44 247 30 15
45 1122 10 88
46 1048 54 83
47 1021 4 83
48 1263 39 18
49 237 58 51
50 415 45 3
51 415 20 16
52 184 34 88
53 1128 1 54
54 535 3 54
55 172 29 19
56 1295 48 75
57 159 49 8
58 881 17 55
59 587 55 70
60 158 20 60
61 760 50 63
62 795 18 81
63 26 51 59
64 121 14 39
65 1440 43 16
66 1157 52 56
67 181 57 67
68 183 24 37
69 453 15 67
70 585 27 85
71 1073 5 70
72 556 48 81
73 649 59 95
74 253 31 81
75 451 58 13
76 1319 28 87
77 1305 25 90
78 1410 22 81
79 1167 40 83
80 1356 10 32
81 1098 2 43
82 614 42 44
83 1390 7 33
84 131 48 16
