80
1 46 10 31.385
2 682 10 55.39
3 742 10 66.247
4 424 10 25.642
5 1264 10 62.865
6 15 10 53.924
7 158 10 44.493
8 1320 10 45.658
9 252 10 68.671
10 893 10 47.053
11 921 10 74.696
12 596 10 74.855
13 148 10 52.023
14 864 10 60.825
15 52 10 72.521
16 207 10 28.747
17 560 10 65.511
18 320 10 66.518
19 630 10 39.778
20 617 10 30.793
21 624 10 73.657
22 567 10 53.046
23 139 10 31.042
24 986 10 36.926
25 1136 10 34.191
26 582 10 50.309
27 776 10 50.753
28 472 10 56.194
29 104 10 63.002
30 583 10 74.01
31 1059 10 38.201
32 921 10 53.275
33 29 10 54.845
34 1264 10 30.84
35 341 10 55.623
36 755 10 69.088
37 384 10 52.99
38 645 10 67.933
39 124 10 41.594
40 1218 10 47.684
41 885 10 46.221
42 95 10 72.008
43 34 10 27.876
44 1175 10 61.222
45 11 10 70.875
46 1069 10 71.708
47 1414 10 42.917
48 1058 10 29.905
49 243 10 58.904
50 1068 10 71.325
51 136 10 39.335
52 319 10 40.482
53 1231 10 50.381
54 575 10 45.296
55 725 10 35.862
56 1419 10 25.15
57 13 10 30.273
58 669 10 50.649
59 47 10 56.495
60 90 10 72.518
61 949 10 54.89
62 314 10 68.938
63 609 10 30.869
64 635 10 53.664
65 348 10 52.922
66 600 10 70.082
67 232 10 40.237
68 1319 10 59.257
69 346 10 69.679
70 726 10 48.018
71 200 10 52.889
72 108 10 58.226
73 524 10 70.832
74 620 10 62.117
75 386 10 41.286
76 478 10 54.506
77 403 10 33.705
78 1192 10 28.879
79 1356 10 60.774
80 1423 10 36.031