100
1 205 7 41.29
2 100 25 33.75
3 1220 54 66.07
4 1210 56 3.38
5 687 50 77.25
6 196 32 71.63
7 102 29 53.11
8 395 10 55.82
9 257 29 0.99
10 1343 41 14.09
11 999 34 12.2
12 456 1 26.46
13 354 20 18.02
14 200 21 49.71
15 359 31 94.7
16 1273 45 23.31
17 255 36 81.85
18 565 40 1.37
19 1092 11 10.17
20 746 7 75.37
21 433 35 49.51
22 9 21 48.56
23 565 4 16.66
24 980 49 87.06
25 601 32 19.68
26 120 4 77.91
27 422 35 67.96
28 1336 18 94.65
29 687 44 91.55
30 1356 24 75.22
31 579 9 11.85
32 671 21 69.03
33 836 21 36.76
34 254 25 86.91
35 1439 13 82.72
36 251 35 70.67
37 117 23 68.13
38 1020 35 81.79
39 822 59 52.8
40 1202 27 89.08
41 73 17 80.68
42 282 40 46.62
43 1009 51 97.11
44 44 35 66.37
45 923 41 72.91
46 994 29 19.4
47 507 41 70.92
48 948 27 95.69
49 153 59 57.51
50 133 46 80.57
51 574 39 59.7
52 714 27 40.59
53 416 46 30.9
54 249 41 72.69
55 1415 42 52.95
56 23 9 71.4
57 1228 12 41.89
58 558 56 0.8
59 1389 19 37.65
60 588 45 17.81
61 1018 35 65.9
62 1280 56 98.55
63 81 1 37.34
64 1052 49 68.76
65 807 39 15.46
66 699 15 97.36
67 892 49 78.46
68 347 36 61.5
69 126 4 53.61
70 876 60 67.44
71 704 27 77.77
72 1411 31 82.34
73 383 2 14.33
74 1039 48 70.47
75 371 38 10.95
76 1329 18 78.14
77 108 8 31.19
78 53 21 23.43
79 1359 16 72.43
80 1244 51 36.95
81 1414 46 22.95
82 987 10 80.48
83 727 34 50.65
84 1281 16 4.13
85 1207 41 9.24
86 760 41 64.04
87 354 60 57.14
88 371 8 0.14
89 522 14 49.78
90 790 24 62.74
91 547 27 38.11
92 303 13 7.24
93 1191 47 9.83
94 471 53 96.99
95 577 57 8.4
96 540 40 33.05
97 252 48 54.53
98 405 11 72.32
99 1239 11 92.27
100 65 39 78.21