100
1 143 2 40.099
2 282 13 10.518
3 801 53 42.121
4 656 50 13.779
5 1096 26 90.335
6 436 4 95.918
7 612 11 21.88
8 666 3 10.176
9 860 33 54.493
10 749 21 55.184
11 1179 33 28.609
12 1089 38 37.006
13 628 10 76.484
14 172 12 77.674
15 619 52 83.357
16 663 50 1.909
17 1164 14 17.786
18 1190 34 76.753
19 1119 5 32.002
20 817 8 20.677
21 384 3 81.666
22 625 2 51.033
23 1224 18 11.057
24 306 59 68.894
25 1028 49 28.233
26 863 11 66.566
27 1377 39 82.242
28 306 38 10.799
29 732 15 25.977
30 1406 37 56.583
31 291 28 83.823
32 151 10 67.528
33 1097 51 34.288
34 966 31 51.574
35 729 54 46.389
36 1330 38 7.998
37 729 26 29.801
38 1178 7 70.586
39 149 33 9.947
40 13 9 24.385
41 168 28 4.932
42 1313 16 39.493
43 599 30 34.657
44 1256 38 66.679
45 1061 57 92.185
46 640 42 84.491
47 812 60 10.524
48 760 52 2.772
49 138 6 52.523
50 157 54 24.457
51 1218 10 13.936
52 1087 56 24.888
53 705 17 40.641
54 78 8 71.301
55 1139 29 73.031
56 43 17 25.474
57 1262 25 47.58
58 656 8 69.389
59 293 5 12.255
60 414 24 75.163
61 206 16 23.615
62 1216 39 7.327
63 328 50 59.721
64 847 54 69.916
65 775 5 59.348
66 574 35 55.356
67 558 46 8.377
68 777 57 62.307
69 1173 34 5.062
70 777 7 40.162
71 1437 49 8.095
72 489 22 95.417
73 1195 36 64.878
74 995 11 31.824
75 678 36 82.198
76 370 10 1.898
77 248 54 44.577
78 606 46 12.599
79 204 42 60.653
80 403 3 73.846
81 319 50 78.662
82 1138 15 2.146
83 505 51 63.6
84 8 4 22.736
85 220 46 4.333
86 1427 10 36.904
87 1321 29 58.643
88 662 6 40.584
89 682 14 89.188
90 267 34 4.015
91 48 40 70.067
92 1040 58 40.905
93 639 15 67.072
94 1044 14 91.259
95 418 38 67.305
96 786 17 47.28
97 1083 8 78.584
98 553 16 51.626
99 1312 57 90.626
100 1378 57 0.416
