100
1 1184 25 3.08
2 1320 36 63.58
3 700 38 38.02
4 644 13 22.08
5 1372 45 22.79
6 399 44 37.09
7 135 3 70.41
8 747 21 5.33
9 19 31 79.47
10 698 13 31.9
11 1224 59 46.26
12 1201 39 16.81
13 1255 5 5.57
14 1371 36 97.97
15 605 45 73.36
16 783 55 72.94
17 996 52 6.58
18 720 58 34.29
19 128 2 73.51
20 1289 47 97.34
21 1225 25 96.13
22 1098 31 97.38
23 1190 25 62.37
24 1140 10 69.47
25 1080 29 28.24
26 1423 26 20.66
27 402 41 29.63
28 1318 7 19.36
29 191 39 8.35
30 1107 13 81.82
31 147 4 56.4
32 428 43 51.22
33 126 11 90.53
34 1432 33 77.27
35 416 33 1.02
36 878 44 85.66
37 130 53 71.36
38 414 36 73.72
39 77 32 92.31
40 779 11 8.1
41 113 46 29.11
42 325 17 50.74
43 264 13 14.53
44 1002 13 80.69
45 1397 55 71.37
46 1426 26 45.91
47 879 55 87.08
48 1233 25 73.62
49 2 38 32.75
50 426 50 88.3
51 1233 51 22.77
52 776 48 74.33
53 457 57 80.94
54 1282 3 39.82
55 951 50 81.69
56 1082 27 98.68
57 772 3 73.27
58 992 21 43.16
59 1426 36 7.15
60 827 57 27.15
61 135 26 4.92
62 425 55 55.74
63 1270 54 55.96
64 776 50 47.2
65 822 21 21.9
66 990 53 9.29
67 933 9 47.09
68 556 53 15.11
69 1046 39 62.11
70 868 20 22.74
71 283 3 16.92
72 464 5 43.6
73 350 29 13.14
74 1301 33 27.94
75 1311 30 77.06
76 1139 33 96.69
77 777 14 1.02
78 1321 39 31.3
79 199 6 21.15
80 1050 47 31.55
81 827 23 10.62
82 697 24 91.17
83 875 17 44.62
84 131 16 95.62
85 188 23 63.76
86 179 49 20.32
87 148 9 75.91
88 1068 54 34.49
89 880 42 43.87
90 1010 60 57.04
91 417 1 29.92
92 251 12 84.92
93 272 23 83.64
94 1265 3 64.21
95 652 54 99.29
96 521 37 65.33
97 20 42 73.96
98 807 38 50.9
99 771 7 60.04
100 1177 25 70.95
