100
1 150 51 8
2 951 15 11
3 111 48 61
4 151 2 69
5 484 41 31
6 520 15 77
7 1028 6 18
8 479 18 78
9 961 26 59
10 1053 34 36
11 588 45 89
12 1060 36 50
13 526 57 30
14 164 53 53
15 76 37 32
16 269 57 70
17 513 4 95
18 574 25 75
19 105 18 9
20 50 55 81
21 247 14 48
22 344 19 30
23 1154 55 36
24 1317 45 89
25 1401 9 13
26 18 2 96
27 639 18 86
28 1171 41 1
29 796 41 45
30 655 57 7
31 1062 16 81
32 166 35 66
33 150 29 87
34 1354 28 8
35 513 16 26
36 444 41 53
37 1341 20 65
38 186 30 96
39 529 1 7
40 1327 27 41
41 759 27 89
42 1359 17 83
43 963 21 43
44 769 40 38
45 1086 13 68
46 575 57 5
47 645 2 80
48 153 37 8
49 692 47 56
50 382 13 75
51 1424 26 79
52 990 15 2
53 310 35 74
54 971 12 91
55 763 40 98
56 1100 13 77
57 1247 12 70
58 1127 44 57
59 446 11 56
60 409 22 63
61 248 54 89
62 768 34 41
63 997 19 49
64 339 20 94
65 1096 4 87
66 127 26 90
67 307 32 10
68 836 47 97
69 473 44 70
70 956 34 65
71 954 1 7
72 434 31 46
73 1126 15 8
74 714 37 15
75 337 36 48
76 337 32 95
77 340 9 94
78 413 43 58
79 1059 9 3
80 1209 4 92
81 1391 47 59
82 1354 39 65
83 850 56 43
84 1244 16 61
85 1089 8 2
86 1314 59 79
87 847 45 87
88 629 60 82
89 1029 30 61
90 396 52 27
91 728 15 11
92 1049 7 39
93 1320 45 83
94 1068 36 66
95 159 39 82
96 1355 12 27
97 106 2 7
98 704 8 56
99 504 51 11
100 938 21 87